"trial_id","rt","stimulus","response","trial_type","trial_index","plugin_version","time_elapsed","language","participant_number","success","raw_payload","placements","dissimilarity_vector","n_words","trial_category","distance_matrix","value"
"consent_form","3484","
    <div style=""max-width:800px; margin:0 auto; text-align:left; font-size: 16px; padding: 10px 0;"">
      <h1>Informed Consent Form</h1>
      <p>You are being invited to participate in a research study titled <strong>""Reproducibility of Psychological Science and Instruction.""</strong> This study is being done by Dr. Bria Long from UC San Diego and associated graduate students in the Experimental Methods course. You were selected to participate in this study because you are an adult in the U.S. and have been a represented population in previous psychology studies.</p>
      
      <p>The purpose of this study is to better understand how well previously published studies in the psychological field replicate online and with different populations. Your participation in this research should last approximately <strong>5-30 minutes</strong>. If you agree to take part in this study, you may be asked to view a set of stimuli, including pictures, sounds, written text, or videos and then giving some responses via key-presses, verbally, or with paper-and-pencil. We may also observe your choices or preferences among an array of stimuli. These stimuli will be taken directly from or closely adapted from studies that already exist in the published psychological literature. Stimuli will include, e.g., pictures of objects and human faces, audio and video clips, short text passages, etc. None of the stimuli will be disturbing, threatening, or offensive. The online and in-person experiments described in this protocol will take no more than 30 minutes. An example game you might play would be to click on an image on the screen that matches a word you hear being said out loud. Your total expected time commitment for this study is between 5-30 minutes, and is specified in the study description.</p>
      
      <p>Your participation in this study is completely voluntary and you can withdraw at any time. Choosing not to participate or withdrawing will result in no penalty or loss of benefits to which you are entitled. You are free to skip any question that you choose.</p>
      
      <p>We will not be asking for any personally identifying information, and we will handle responses as confidentially as possible. Your SONA or Prolific IDs will never be tied to your responses on this survey. However, we cannot guarantee the confidentiality of information transmitted over the Internet. To minimize this risk, data containing anything that might be personally identifying (e.g. Prolific IDs or IP addresses) will be encrypted on transfer and storage and will only be accessible to qualified lab personnel. We will be keeping data collected as part of this experiment indefinitely. This anonymized data (containing neither Prolific IDs nor IP addresses) may be shared with the scientific community or with other participants to be used as stimuli in future studies.</p>
      
      <p>If you have questions about this project or if you have a research-related problem, you may contact the researcher(s), <strong>Dr. Bria Long, <a href=""mailto:brlong@ucsd.edu"">brlong@ucsd.edu</a></strong>. If you have any questions concerning your rights as a research subject, you may contact the UC San Diego Office of IRB Administration at <a href=""mailto:irb@ucsd.edu"">irb@ucsd.edu</a> or 858-246-4777.</p>
      
      <h3 style=""margin-top: 25px;"">Consent Statement</h3>
      <p style=""font-weight: bold;"">By participating in this research you are indicating that you are at least 18 years old, have read this consent form, and agree to participate in this research study. Please keep this consent form for your records.</p>
    </div>
  ","0","html-button-response","0","2.1.0","3486","en","1qd4byv8kq_4x4rhh","","","","","","","",""
"","1575","
    <div style=""display:flex; align-items:center; justify-content:center; height:100vh; font-family:sans-serif;"">
      <div style=""max-width:900px; margin:0 auto; text-align:center;"">
        <h1 style= ""font-size: 24px;"">Welcome! Thank you for participating in the study.</h1>
        <p style=""font-size:18px; line-height:1.6;"">
          In this task, you will be presented with <strong>90 words</strong> arranged <strong>outside a circle</strong>.<br>
          Your job is to <strong>drag these words into the circle</strong> and <strong>rearrange them</strong> based on their <strong>meaning similarity</strong>.<br><br>
          Words that are <strong>similar in meaning</strong> should be placed <strong>closer together</strong>.<br>
          Words that are <strong>different in meaning</strong> should be placed <strong>farther apart</strong>.<br><br>
          You can place the words <strong>anywhere inside the circle</strong>. There is no single correct answer — 
          we are interested in <strong>your personal judgment</strong> of how these words relate to each other.<br><br>
          <strong>You must move all words into the circle before you can finish.</strong><br>
          After the initial arrangement, you will arrange words from specific categories.
        </p>
        <p style=""font-size:16px; margin-top:30px;""><em>Press any key to continue.</em></p>
      </div>
    </div>
  ","Enter","html-keyboard-response","1","2.1.0","5061","en","1qd4byv8kq_4x4rhh","","","","","","","",""
"","1779","<p style='font-size:20px;'>Which is your first language or primary language of use?</p>","1","html-button-response","2","2.1.0","6838","en","1qd4byv8kq_4x4rhh","","","","","","","",""
"","1091","","","fullscreen","3","2.1.0","8930","en","1qd4byv8kq_4x4rhh","true","{""placements"":[{""word"":""proud"",""x"":423.1,""y"":281.8,""cx"":446,""cy"":299.2,""angle_rad"":-0.487,""angle_deg"":332.1},{""word"":""refrigerator"",""x"":531.8,""y"":385.3,""cx"":571,""cy"":402.7,""angle_rad"":0.234,""angle_deg"":13.4},{""word"":""rabbit"",""x"":597.5,""y"":458.3,""cx"":620,""cy"":475.7,""angle_rad"":0.436,""angle_deg"":25},{""word"":""agreement"",""x"":578.5,""y"":409.3,""cx"":617,""cy"":426.7,""angle_rad"":0.28,""angle_deg"":16},{""word"":""lips"",""x"":541.5,""y"":509.3,""cx"":557,""cy"":526.7,""angle_rad"":0.707,""angle_deg"":40.5},{""word"":""scissors"",""x"":516.7,""y"":479.3,""cx"":547,""cy"":496.7,""angle_rad"":0.64,""angle_deg"":36.7},{""word"":""giraffe"",""x"":588.7,""y"":504.3,""cx"":613,""cy"":521.7,""angle_rad"":0.578,""angle_deg"":33.1},{""word"":""system"",""x"":535.8,""y"":553.3,""cx"":563,""cy"":570.7,""angle_rad"":0.803,""angle_deg"":46},{""word"":""fault"",""x"":490.8,""y"":580.3,""cx"":509,""cy"":597.7,""angle_rad"":1,""angle_deg"":57.3},{""word"":""friendship"",""x"":412.7,""y"":517.3,""cx"":448,""cy"":534.7,""angle_rad"":1.083,""angle_deg"":62},{""word"":""method"",""x"":432.7,""y"":542.3,""cx"":461,""cy"":559.7,""angle_rad"":1.084,""angle_deg"":62.1},{""word"":""ant"",""x"":497.3,""y"":519.3,""cx"":512,""cy"":536.7,""angle_rad"":0.856,""angle_deg"":49.1},{""word"":""depressed"",""x"":407.3,""y"":468.3,""cx"":445,""cy"":485.7,""angle_rad"":0.96,""angle_deg"":55},{""word"":""sofa"",""x"":427.8,""y"":573.3,""cx"":446,""cy"":590.7,""angle_rad"":1.191,""angle_deg"":68.3},{""word"":""violence"",""x"":335.3,""y"":555.3,""cx"":366,""cy"":572.7,""angle_rad"":1.499,""angle_deg"":85.9},{""word"":""chopsticks"",""x"":414.3,""y"":420.3,""cx"":452,""cy"":437.7,""angle_rad"":0.71,""angle_deg"":40.7},{""word"":""concept"",""x"":537.5,""y"":255.3,""cx"":567,""cy"":272.7,""angle_rad"":-0.342,""angle_deg"":340.4},{""word"":""sparrow"",""x"":499.1,""y"":435.3,""cx"":529,""cy"":452.7,""angle_rad"":0.521,""angle_deg"":29.8},{""word"":""chair"",""x"":559.8,""y"":317.3,""cx"":580,""cy"":334.7,""angle_rad"":-0.066,""angle_deg"":356.2},{""word"":""business"",""x"":598.4,""y"":232.3,""cx"":631,""cy"":249.7,""angle_rad"":-0.343,""angle_deg"":340.4},{""word"":""magic power"",""x"":451.3,""y"":324.3,""cx"":496,""cy"":341.7,""angle_rad"":-0.057,""angle_deg"":356.7},{""word"":""result"",""x"":374.9,""y"":493.3,""cx"":397,""cy"":510.7,""angle_rad"":1.286,""angle_deg"":73.7},{""word"":""hostility"",""x"":354.7,""y"":336.8,""cx"":383,""cy"":354.2,""angle_rad"":0.127,""angle_deg"":7.3},{""word"":""dispute"",""x"":457.4,""y"":275.3,""cx"":485,""cy"":292.7,""angle_rad"":-0.401,""angle_deg"":337},{""word"":""relationship"",""x"":395.2,""y"":615.8,""cx"":436,""cy"":633.2,""angle_rad"":1.276,""angle_deg"":73.1},{""word"":""pencil"",""x"":358.7,""y"":448.8,""cx"":382,""cy"":466.2,""angle_rad"":1.302,""angle_deg"":74.6},{""word"":""anger"",""x"":280.1,""y"":567.8,""cx"":303,""cy"":585.2,""angle_rad"":1.768,""angle_deg"":101.3},{""word"":""team"",""x"":336.4,""y"":660.8,""cx"":357,""cy"":678.2,""angle_rad"":1.549,""angle_deg"":88.8},{""word"":""washing machine"",""x"":192.9,""y"":543.8,""cx"":252,""cy"":561.2,""angle_rad"":2.005,""angle_deg"":114.9},{""word"":""thigh"",""x"":218.8,""y"":515.8,""cx"":239,""cy"":533.2,""angle_rad"":2.116,""angle_deg"":121.2},{""word"":""charity"",""x"":129.4,""y"":492.8,""cx"":155,""cy"":510.2,""angle_rad"":2.454,""angle_deg"":140.6},{""word"":""finger"",""x"":190.5,""y"":444.8,""cx"":213,""cy"":462.2,""angle_rad"":2.455,""angle_deg"":140.7},{""word"":""characteristic"",""x"":385.8,""y"":385.8,""cx"":432,""cy"":403.2,""angle_rad"":0.576,""angle_deg"":33},{""word"":""cat"",""x"":130.7,""y"":443.8,""cx"":145,""cy"":461.2,""angle_rad"":2.645,""angle_deg"":151.5},{""word"":""eye"",""x"":170.7,""y"":617.8,""cx"":187,""cy"":635.2,""angle_rad"":2.09,""angle_deg"":119.7},{""word"":""bed"",""x"":331.3,""y"":372.8,""cx"":348,""cy"":390.2,""angle_rad"":1.62,""angle_deg"":92.8},{""word"":""computer mouse"",""x"":264.9,""y"":615.8,""cx"":322,""cy"":633.2,""angle_rad"":1.669,""angle_deg"":95.6},{""word"":""microwave"",""x"":171.6,""y"":360.8,""cx"":210,""cy"":378.2,""angle_rad"":2.943,""angle_deg"":168.6},{""word"":""reason"",""x"":304.6,""y"":506.8,""cx"":331,""cy"":524.2,""angle_rad"":1.679,""angle_deg"":96.2},{""word"":""hammer"",""x"":251.3,""y"":400.8,""cx"":282,""cy"":418.2,""angle_rad"":2.355,""angle_deg"":134.9},{""word"":""spoon"",""x"":112.9,""y"":364.8,""cx"":137,""cy"":382.2,""angle_rad"":2.992,""angle_deg"":171.4},{""word"":""fate"",""x"":195.3,""y"":405.8,""cx"":212,""cy"":423.2,""angle_rad"":2.654,""angle_deg"":152.1},{""word"":""arm"",""x"":270.9,""y"":448.8,""cx"":288,""cy"":466.2,""angle_rad"":2.061,""angle_deg"":118.1},{""word"":""rat"",""x"":281.8,""y"":364.8,""cx"":295,""cy"":382.2,""angle_rad"":2.612,""angle_deg"":149.6},{""word"":""excited"",""x"":131.8,""y"":399.8,""cx"":159,""cy"":417.2,""angle_rad"":2.803,""angle_deg"":160.6},{""word"":""ear"",""x"":355.9,""y"":283.8,""cx"":371,""cy"":301.2,""angle_rad"":-1.164,""angle_deg"":293.3},{""word"":""society"",""x"":16.2,""y"":362.8,""cx"":43,""cy"":380.2,""angle_rad"":3.044,""angle_deg"":174.4},{""word"":""toothbrush"",""x"":26.9,""y"":400.8,""cx"":65,""cy"":418.2,""angle_rad"":2.907,""angle_deg"":166.5},{""word"":""process"",""x"":167.5,""y"":213.8,""cx"":197,""cy"":231.2,""angle_rad"":-2.481,""angle_deg"":217.8},{""word"":""splendor"",""x"":266.2,""y"":308.8,""cx"":298,""cy"":326.2,""angle_rad"":-2.712,""angle_deg"":204.6},{""word"":""air conditioner"",""x"":123,""y"":303.8,""cx"":172,""cy"":321.2,""angle_rad"":-2.981,""angle_deg"":189.2},{""word"":""tortoise"",""x"":88.1,""y"":244.8,""cx"":116,""cy"":262.2,""angle_rad"":-2.783,""angle_deg"":200.6},{""word"":""status"",""x"":64.3,""y"":304.8,""cx"":88,""cy"":322.2,""angle_rad"":-3.036,""angle_deg"":186.1},{""word"":""trauma"",""x"":308.2,""y"":246.8,""cx"":335,""cy"":264.2,""angle_rad"":-1.744,""angle_deg"":260.1},{""word"":""death"",""x"":242.5,""y"":257.8,""cx"":265,""cy"":275.2,""angle_rad"":-2.42,""angle_deg"":221.3},{""word"":""happy"",""x"":178.9,""y"":176.8,""cx"":203,""cy"":194.2,""angle_rad"":-2.327,""angle_deg"":226.7},{""word"":""identity"",""x"":161.8,""y"":253.8,""cx"":189,""cy"":271.2,""angle_rad"":-2.686,""angle_deg"":206.1},{""word"":""marriage"",""x"":269.4,""y"":124.8,""cx"":302,""cy"":142.2,""angle_rad"":-1.798,""angle_deg"":257},{""word"":""error"",""x"":54.2,""y"":235.8,""cx"":74,""cy"":253.2,""angle_rad"":-2.804,""angle_deg"":199.3},{""word"":""ankle"",""x"":126.3,""y"":190.8,""cx"":148,""cy"":208.2,""angle_rad"":-2.53,""angle_deg"":215.1},{""word"":""tiger"",""x"":241.4,""y"":181.8,""cx"":260,""cy"":199.2,""angle_rad"":-2.109,""angle_deg"":239.2},{""word"":""apathy"",""x"":122,""y"":134.8,""cx"":148,""cy"":152.2,""angle_rad"":-2.367,""angle_deg"":224.4},{""word"":""disease"",""x"":231.9,""y"":22.8,""cx"":261,""cy"":40.2,""angle_rad"":-1.851,""angle_deg"":254},{""word"":""broom"",""x"":281.2,""y"":176.8,""cx"":306,""cy"":194.2,""angle_rad"":-1.846,""angle_deg"":254.2},{""word"":""sad"",""x"":84.7,""y"":177.8,""cx"":101,""cy"":195.2,""angle_rad"":-2.585,""angle_deg"":211.9},{""word"":""key"",""x"":348.1,""y"":145.8,""cx"":364,""cy"":163.2,""angle_rad"":-1.496,""angle_deg"":274.3},{""word"":""heaven"",""x"":408,""y"":59.8,""cx"":436,""cy"":77.2,""angle_rad"":-1.265,""angle_deg"":287.5},{""word"":""obligation"",""x"":295,""y"":66.8,""cx"":330,""cy"":84.2,""angle_rad"":-1.646,""angle_deg"":265.7},{""word"":""data"",""x"":135.4,""y"":90.8,""cx"":154,""cy"":108.2,""angle_rad"":-2.252,""angle_deg"":231},{""word"":""loving heart"",""x"":168.8,""y"":134.8,""cx"":210,""cy"":152.2,""angle_rad"":-2.187,""angle_deg"":234.7},{""word"":""content"",""x"":216,""y"":69.8,""cx"":244,""cy"":87.2,""angle_rad"":-1.954,""angle_deg"":248},{""word"":""phenomenon"",""x"":457.1,""y"":129.8,""cx"":503,""cy"":147.2,""angle_rad"":-0.924,""angle_deg"":307},{""word"":""cabinet"",""x"":501.4,""y"":175.8,""cx"":529,""cy"":193.2,""angle_rad"":-0.719,""angle_deg"":318.8},{""word"":""miracle"",""x"":508.4,""y"":207.8,""cx"":536,""cy"":225.2,""angle_rad"":-0.591,""angle_deg"":326.1},{""word"":""fear"",""x"":475.9,""y"":72.8,""cx"":493,""cy"":90.2,""angle_rad"":-1.068,""angle_deg"":298.8},{""word"":""knee"",""x"":345.8,""y"":199.8,""cx"":366,""cy"":217.2,""angle_rad"":-1.451,""angle_deg"":276.9},{""word"":""comfortable"",""x"":305.4,""y"":34.8,""cx"":347,""cy"":52.2,""angle_rad"":-1.581,""angle_deg"":269.4},{""word"":""debt"",""x"":585.4,""y"":131.8,""cx"":604,""cy"":149.2,""angle_rad"":-0.669,""angle_deg"":321.7},{""word"":""elephant"",""x"":392.1,""y"":172.8,""cx"":424,""cy"":190.2,""angle_rad"":-1.137,""angle_deg"":294.9},{""word"":""effect"",""x"":411,""y"":111.8,""cx"":433,""cy"":129.2,""angle_rad"":-1.211,""angle_deg"":290.6},{""word"":""discipline"",""x"":334.2,""y"":117.8,""cx"":368,""cy"":135.2,""angle_rad"":-1.487,""angle_deg"":274.8},{""word"":""television"",""x"":587.8,""y"":191.8,""cx"":622,""cy"":209.2,""angle_rad"":-0.478,""angle_deg"":332.6},{""word"":""shoulder"",""x"":415.2,""y"":231.8,""cx"":447,""cy"":249.2,""angle_rad"":-0.805,""angle_deg"":313.9},{""word"":""nose"",""x"":625.8,""y"":273.8,""cx"":646,""cy"":291.2,""angle_rad"":-0.196,""angle_deg"":348.8},{""word"":""ax"",""x"":403.6,""y"":197.8,""cx"":416,""cy"":215.2,""angle_rad"":-1.115,""angle_deg"":296.1},{""word"":""scenery"",""x"":528.5,""y"":289.8,""cx"":558,""cy"":307.2,""angle_rad"":-0.203,""angle_deg"":348.4},{""word"":""panda"",""x"":572.5,""y"":357.8,""cx"":597,""cy"":375.2,""angle_rad"":0.102,""angle_deg"":5.8},{""word"":""fraud"",""x"":618.1,""y"":322.8,""cx"":639,""cy"":340.2,""angle_rad"":-0.034,""angle_deg"":358.1},{""word"":""table"",""x"":494.8,""y"":377.3,""cx"":515,""cy"":394.7,""angle_rad"":0.265,""angle_deg"":15.2}],""n_words"":89,""words"":[""proud"",""refrigerator"",""rabbit"",""agreement"",""lips"",""scissors"",""giraffe"",""system"",""fault"",""friendship"",""method"",""ant"",""depressed"",""sofa"",""violence"",""chopsticks"",""concept"",""sparrow"",""chair"",""business"",""magic power"",""result"",""hostility"",""dispute"",""relationship"",""pencil"",""anger"",""team"",""washing machine"",""thigh"",""charity"",""finger"",""characteristic"",""cat"",""eye"",""bed"",""computer mouse"",""microwave"",""reason"",""hammer"",""spoon"",""fate"",""arm"",""rat"",""excited"",""ear"",""society"",""toothbrush"",""process"",""splendor"",""air conditioner"",""tortoise"",""status"",""trauma"",""death"",""happy"",""identity"",""marriage"",""error"",""ankle"",""tiger"",""apathy"",""disease"",""broom"",""sad"",""key"",""heaven"",""obligation"",""data"",""loving heart"",""content"",""phenomenon"",""cabinet"",""miracle"",""fear"",""knee"",""comfortable"",""debt"",""elephant"",""effect"",""discipline"",""television"",""shoulder"",""nose"",""ax"",""scenery"",""panda"",""fraud"",""table""],""distance_matrix"":[[0,0.21979547097180271,0.35803277837460773,0.30221677151129944,0.3665758863524459,0.31599245286736233,0.4070732566740537,0.43524592907739323,0.4504960144151649,0.33809728927973326,0.3791728147930098,0.3558560800197839,0.25891943817226926,0.4285618100742083,0.4179953811835216,0.1815722099099011,0.1577214509003213,0.23953154135856558,0.18156055495745088,0.26700617628512113,0.06361462858417741,0.30835812872473206,0.09271003084855924,0.0214710473513193,0.4974701474203639,0.24654464189342856,0.47421732605562056,0.5865911806305137,0.4843127818543038,0.4623586473825595,0.5383422877082622,0.4170184205378083,0.1271369031049499,0.5098726334626548,0.6430226486002673,0.17366329552782148,0.5332179512963401,0.3596875956724508,0.36585000831028924,0.2849684292813676,0.4745330317587172,0.38546261294106476,0.32903219500649433,0.2359851153223529,0.4589546377223882,0.07880954158818002,0.6217322204546084,0.6024926587259923,0.3746273907889154,0.20065791181189915,0.40171205699902424,0.494106452531122,0.5371972028795188,0.1456351918488196,0.25258845940109487,0.3852856485723219,0.3752778683036399,0.3017913807777166,0.5632019910490172,0.4610122506891697,0.29878636402410375,0.4944566557935993,0.4718395483243335,0.24033475337775406,0.5397766418309247,0.21417371336430613,0.3166355573526297,0.35229665055855547,0.5213339363638164,0.40681111090705724,0.43070678151515973,0.21987386023121258,0.17510821359171908,0.14584330599105708,0.3037010504327771,0.14268292463101317,0.3875258629857468,0.3095867057478182,0.13725098846611913,0.2330582577174041,0.2510046661736719,0.2769727919428973,0.03839054732900544,0.28098523157156313,0.10170336511895546,0.13900776767601,0.23071712735907002,0.2763755776820665,0.14794793228292843],[0.21979547097180271,0,0.09964176357037681,0.041419125654165154,0.15920779314546143,0.11433647074580273,0.16148021029042522,0.2293325480055576,0.2881899208856341,0.24909902431848338,0.2673171211921741,0.19414851456285412,0.2013656899727348,0.32235190664550945,0.3878748429148731,0.1580000638972523,0.16772842644092126,0.06309322691721973,0.0684147882249002,0.22311828062671876,0.11378592619314368,0.2884701118889443,0.2712835168627484,0.18318494325219115,0.3891779802682205,0.27972860942938466,0.4814559601804822,0.5212210559310975,0.533107401768017,0.5339481786787472,0.6517930836409251,0.5439390205701674,0.1821716222817539,0.6523306026182347,0.6828721685595972,0.318453120579585,0.5058075469099871,0.5421934599867623,0.3922126989408451,0.4251936912084526,0.6595784334620386,0.5385653050565555,0.42619747727853663,0.40474708911797663,0.6236637247909081,0.31995824136611273,0.8114450261499933,0.7755092650973818,0.6223573721158385,0.41566199199567583,0.6155586316035476,0.7269764211173231,0.7487293828616344,0.3997039435112397,0.49318912567814094,0.640961561616093,0.610326635111962,0.5626009302378916,0.7961269436316429,0.7098103679095364,0.5580795029222246,0.7518742364460448,0.7282324560987689,0.5023827300370455,0.787674358284307,0.4690483132078457,0.5269328044568095,0.6028998393119163,0.7824106049454763,0.6675192687703347,0.6917385788901789,0.3847673014271385,0.30281087079886243,0.24989603999140156,0.4779812404577718,0.40427689559040564,0.6296565550934502,0.3706216532538069,0.37506610531535506,0.4525439617397568,0.5001452466924488,0.2809014741457815,0.2764093541995638,0.17470129940362,0.3506406025719409,0.11331098494890175,0.01873589412886383,0.10681367323592025,0.0489870738373964],[0.35803277837460773,0.09964176357037681,0,0.0369069494788753,0.08855029110821953,0.08031835373064924,0.03276726238858235,0.13658866259081892,0.2240799863115017,0.25138253422279283,0.24813028574344273,0.15799355105854315,0.24079600083896896,0.29457150478994576,0.3968807284546886,0.2358819522692451,0.2965680649103068,0.10924082915889048,0.1943911611145676,0.32316684179546934,0.25256633613911594,0.32229822865006,0.3878938011064671,0.32500804678057726,0.3489133465221418,0.342428988365111,0.4994567844119761,0.4938783327077728,0.5679982584542893,0.5801362634034286,0.710947767152707,0.6155348267051273,0.28314233158924507,0.7253971132780386,0.7031351207613393,0.4182561207668654,0.5021742552658478,0.6384932484527497,0.4310521902858633,0.5115368518308935,0.7524524537213335,0.6222238462958236,0.4942165236670198,0.5039855603771698,0.7083931495244377,0.44885150967423476,0.9025220094857509,0.8590938854053753,0.7469786654711085,0.5311787225989845,0.7232505046575135,0.8419434687115921,0.852197598858497,0.5310034803119356,0.6163159713023418,0.7704750568168474,0.7283594710774066,0.7021137707386212,0.9101887819815256,0.8341488437209619,0.6909968350568984,0.8821170473601027,0.8694729253268688,0.6389378216097734,0.9107627075353525,0.6102786428035094,0.6667595553211487,0.7447648964250186,0.9164572075689984,0.80139175486221,0.8311179095731807,0.5210010188280915,0.43711679102778855,0.38446776288827883,0.6133649637197175,0.5431237357489762,0.7716784101822556,0.4857437384845067,0.5171072043345377,0.5937493567847335,0.6420074223687567,0.3881818628509567,0.41807758676895185,0.25862908595884354,0.49217440263901496,0.24767732559701608,0.12416433277093007,0.17865705906897267,0.17184953704056258],[0.30221677151129944,0.041419125654165154,0.0369069494788753,0,0.14600963180030685,0.11753469350753241,0.1112161194273219,0.20606945956696718,0.28436186249085865,0.2816343728073546,0.2888052400807037,0.20328563122889814,0.2513825342227928,0.3403980013859223,0.4267423845605704,0.2247696847540037,0.21919121162781038,0.10584621111765774,0.11780376140678847,0.24445928327449418,0.1965038065578384,0.33806898906980987,0.35339051272365296,0.2614932846206963,0.40125115019683794,0.3426019206502455,0.5258841680225287,0.5420393866874189,0.586078950644304,0.5920955786111641,0.716129275140434,0.6128412948299363,0.2588934478878998,0.7222270048361025,0.7296977834654813,0.3961916146049542,0.5393869777440958,0.619825632399738,0.44578922564516843,0.49901821625136966,0.7364436710343742,0.6119662523545404,0.49296731935339055,0.4827847402205993,0.6977321812538583,0.4037828053818,0.8880303775293156,0.8495529331711132,0.7060896778327247,0.49796613273379736,0.6964984899028575,0.8095642864686449,0.8288033324212647,0.4834453890397157,0.5767494655135074,0.7247457649706308,0.6933280461813981,0.6433810247431853,0.8786021269692141,0.7935453400075787,0.6415514863126285,0.8355934942512292,0.8065824119230005,0.5849606627997909,0.8713417737374598,0.5477929268216877,0.5935031036223845,0.6795587391243058,0.8655569544557848,0.7507560321118117,0.7724924721072468,0.44529169516898554,0.3607549308250647,0.3084697416784902,0.5370063231140256,0.4858252844568306,0.7035219222141468,0.40643396269686294,0.4507872086528851,0.5227612264020808,0.5769960576936978,0.3090941192808369,0.35468766608231117,0.18147312347434824,0.429007782363849,0.17291447099262008,0.04685215793259022,0.10179616828583082,0.13030969576014603],[0.3665758863524459,0.15920779314546143,0.08855029110821953,0.14600963180030685,0,0.008682626703290413,0.04842841705207638,0.029338211547338452,0.09605907866636093,0.13417337449475225,0.12160394682490748,0.0320695487812929,0.1502904910958527,0.16460582439806676,0.27500923424927337,0.17998006199263605,0.3682916263601805,0.085423339259352,0.27001920579516026,0.4208293833790059,0.27232096166094427,0.21738884102912806,0.3534564604749845,0.3531521848710815,0.21802735424599903,0.25675456090059706,0.37871745827919556,0.3629697211851139,0.45351607698788454,0.4714847265887015,0.6076416407777178,0.5230706036346641,0.24149681113468321,0.6316113424619407,0.5805659134080715,0.3609070611181495,0.37444660942897545,0.567414232039041,0.3227569208372966,0.43523499877269656,0.6752158603163672,0.5395439960976448,0.40306554767343555,0.4410123152471382,0.6245253769385304,0.42987359163074995,0.8211243863247525,0.7716062591455288,0.7100896753884323,0.4867880578105928,0.6626933089158755,0.7884366172395566,0.7842473366928924,0.5130427805025317,0.5802389871968866,0.7422738022579936,0.6814166331788325,0.7030230683828445,0.8543906779543968,0.7951363993716982,0.6719071152406918,0.8535752756060792,0.877676260081826,0.630687016746772,0.868451807054419,0.6225399448995674,0.7096923683766927,0.7611147673330638,0.8962884499401753,0.7824738994804181,0.8293544805471283,0.5769180861664399,0.49831625008031266,0.445898828154965,0.6703760895472444,0.5451998101964716,0.7959572636441146,0.5722195699765577,0.5421934599867625,0.6303475851115119,0.6599817884520942,0.4812092427945182,0.439882415529403,0.3643486434439643,0.5100339059613233,0.31223632233908066,0.21075414603112505,0.28675465949509793,0.18139586391994236],[0.31599245286736233,0.11433647074580273,0.08031835373064924,0.11753469350753241,0.008682626703290413,0,0.07161900632499069,0.07991355547203166,0.13194182156328316,0.1289212105426855,0.12983295602926817,0.043464971154976724,0.12334545384636071,0.1805135052133002,0.27476242042316085,0.1382724343478242,0.32094292537666036,0.034398935368285706,0.22470617006122515,0.3791101163241442,0.22122890404643025,0.20099597175438622,0.3086147854625733,0.30207566444798784,0.2418459944009813,0.22869418170592684,0.3769471144683381,0.382125338753616,0.44547632212332705,0.45870270250813505,0.591313413678892,0.5000995367807295,0.19705630952329117,0.6096223938928601,0.5807963351995709,0.3222597545596518,0.38278583357087365,0.534756071827557,0.30939476254250964,0.40413661786319727,0.6453670214300803,0.5117182504490226,0.3789436492145394,0.40479962661385566,0.5974990946953338,0.38259854166710155,0.7933657658667194,0.7466098595939868,0.6673703333818967,0.4451712486211846,0.6265400374306295,0.7503478239007837,0.7509732185785946,0.4659536427739781,0.5369567629231107,0.6977110193517835,0.6411869003871873,0.6538263243429216,0.8171293692605786,0.7531122900746461,0.6254660475461236,0.8092884836495421,0.8279444640460335,0.5824800176701233,0.8273894212837162,0.5722110755909335,0.6586947036329175,0.7106531792082226,0.8504377952407336,0.7362241080941749,0.7806363817540719,0.5267287357303709,0.4488116550597612,0.3966080371106453,0.62013499520538,0.4955938485700637,0.7451097060533648,0.5265429466392176,0.49118465741161654,0.5792655751176211,0.609340083810088,0.4376445460964067,0.38887847871783915,0.32613332303807285,0.45924157244899294,0.26427754637571527,0.16986816922656442,0.2508989983830128,0.13030969576014603],[0.4070732566740537,0.16148021029042522,0.03276726238858235,0.1112161194273219,0.04842841705207638,0.07161900632499069,0,0.07069958992075714,0.16570625971174707,0.22500406985980817,0.21073223371893426,0.12256405069862171,0.2351869497956474,0.24953301378962023,0.36508200055566514,0.2509913207632071,0.36670272277767385,0.13322471321006912,0.2643913692814299,0.39801722420303126,0.3044506858840962,0.3070299996506545,0.41729745980632577,0.38145688634655234,0.29557801722708366,0.3414339658652047,0.468851775267407,0.44237118040753787,0.5443328912575659,0.5621412415286089,0.6978062431467936,0.6109741862543101,0.3071280340155185,0.7200218276560375,0.6698815082905023,0.43556279918324403,0.4610854887649507,0.6487575015275963,0.4132307265538477,0.5179160853947302,0.7590019418506169,0.6247386596844137,0.49028863915237925,0.518640056978814,0.7102908513205493,0.48654876251884505,0.9064821294612002,0.8586377064765502,0.7773741969973452,0.556582208389855,0.7402902267681656,0.8634528698237626,0.8650019040794633,0.569825879381988,0.6466108086054242,0.8054101261746857,0.753264860846371,0.7503313594834943,0.9305121056368074,0.8636804961249085,0.7301084556198525,0.9171960578484275,0.9212557034434082,0.6828595712670318,0.9387052848937344,0.6628191724171223,0.7306050265631278,0.7994451469964646,0.9557413665354879,0.8409703161598095,0.8786021269692144,0.5882247266350117,0.5054193331521517,0.45253077633525435,0.6812146447602675,0.5910723947631945,0.8294398174366631,0.5596077633943721,0.5741235971796677,0.6552514925481754,0.6969434914596921,0.462700499867198,0.473122859653961,0.3338024509136125,0.5462650347545802,0.3153655214435987,0.19569526107910148,0.25383023264802046,0.21677015829906157],[0.43524592907739323,0.2293325480055576,0.13658866259081892,0.20606945956696718,0.029338211547338452,0.07991355547203166,0.07069958992075714,0,0.05513522046381375,0.1522850638612567,0.12334545384636071,0.0566225151979171,0.19255409478174124,0.14936711064650246,0.27589617940926314,0.23748136992904428,0.4391071209436439,0.15599715907397335,0.3398793931639386,0.48773369545654677,0.3430923206182341,0.24277544096648282,0.4124910662531721,0.42409472603994675,0.1862835831649036,0.2952689379572323,0.37832055596945596,0.33301408014044787,0.46030200164293633,0.48456609589062155,0.6239967679173096,0.5496278062808866,0.3011546815083766,0.6557340035361238,0.5739605648131318,0.411149156056514,0.359850675053123,0.6072178430643527,0.3398836609031956,0.4741472132172984,0.7102422965360542,0.5727332620899684,0.432901115284742,0.486973005792777,0.655853644571005,0.49221834878848314,0.8523493200718515,0.799080723069274,0.7641644071799277,0.5401447608881869,0.7069802177774942,0.8351027881563394,0.8237187253550539,0.5747858698381711,0.6356464676362219,0.7992234099552108,0.7317304197308239,0.7682272380192423,0.899586372651037,0.8478758695919786,0.7321433844157272,0.9098393262288414,0.9438640802219898,0.6941028861177725,0.9194906215274045,0.6902935314745999,0.7809091002400945,0.8291178889953121,0.9551187389125579,0.8421692523611694,0.8934783097699799,0.6486649626438554,0.5699793558228609,0.517510625396095,0.7421207577015361,0.6114354746216114,0.8651069007764058,0.6418147835288909,0.612093894034001,0.7011945849711688,0.7285355638870303,0.5493874543253034,0.5098094112474678,0.4286643379656763,0.5791332917075288,0.3833993275518005,0.2781974708485973,0.3497263374504198,0.25233615577746904],[0.4504960144151649,0.2881899208856341,0.2240799863115017,0.28436186249085865,0.09605907866636093,0.13194182156328316,0.16570625971174707,0.05513522046381375,0,0.0992737538433881,0.056503826772784704,0.056266021643791075,0.16600707800236542,0.06000466342712291,0.19213710249755364,0.23201387947911103,0.4909834292361094,0.19408229502242666,0.3977267031020954,0.553398369584445,0.371738025686353,0.18672689407479773,0.40055925911289075,0.4518968031792214,0.08874200624739632,0.25296098717073984,0.2910331037882965,0.23548887889312536,0.37698757400450567,0.40609942364190754,0.5467548343896341,0.48355955242096416,0.29557029369013205,0.5856904778337179,0.48135629037998007,0.3819254518816111,0.2651190504920725,0.5568784818698427,0.26873507585184475,0.42516019455988147,0.652191564170851,0.514143756744716,0.37308549336807423,0.4482799508814794,0.5938498827550068,0.48598586850466724,0.7884696064713466,0.7313594064855395,0.7352462173691846,0.5131438137387644,0.6618894737358901,0.7924610623183006,0.7704911132456974,0.5653496134267701,0.6109781814905962,0.7757836925447281,0.6962281795864944,0.7659634812175008,0.8541199301428444,0.8156247310420494,0.716794892723386,0.8840280154789523,0.9434352116818886,0.6873733912496336,0.8835756628938318,0.6976634028596798,0.8067837835911984,0.8362057487067532,0.9345578340307774,0.8244628408867948,0.8869032514518609,0.6855199423244965,0.6119323433481573,0.5610110367196124,0.7779567154113177,0.6143395068996061,0.8769894110014225,0.6983015619667529,0.6301516066032044,0.7244326489388567,0.7387979868702935,0.6112957246421038,0.5294969186793153,0.5000153242284051,0.5935934075193572,0.4335761581212782,0.344175088086035,0.4236419519823547,0.2857171055480647],[0.33809728927973326,0.24909902431848338,0.25138253422279283,0.2816343728073546,0.13417337449475225,0.1289212105426855,0.22500406985980817,0.1522850638612567,0.0992737538433881,0,0.003116969147213252,0.06104443034648933,0.03690694947887539,0.048126174027961634,0.10361080113874015,0.114444683546497,0.42251686077473505,0.14381478549430987,0.3447612709409276,0.5048132413090994,0.27891622743049993,0.04865802416575732,0.26755407287686017,0.35312908665280535,0.1179116691871923,0.11127770356474638,0.2056659783456986,0.23212919327138762,0.2771454077041731,0.2952766683867684,0.43263742372452596,0.35493410637401296,0.17161944965831438,0.46133947105695994,0.40946544233703874,0.2415106028260343,0.21598967074476463,0.4178082378728345,0.14738485437090407,0.2852523709284391,0.5172261621594126,0.37930592136931784,0.2387945053295418,0.3066123452191372,0.4616399377624421,0.3548355486035235,0.6579384632766351,0.604390809892607,0.593917574969514,0.3725794279799749,0.5213646127803028,0.651544857534021,0.63300802027577,0.4312341007546304,0.4706280826767064,0.6353403335231131,0.5545479070794375,0.6341973664410294,0.7138925129691972,0.6739816543547124,0.5789547694600224,0.7429953711458732,0.811764447031093,0.5536529799107816,0.7419360663667108,0.5729687377498922,0.6970193975173599,0.7100098838314409,0.794536207823864,0.6854553895998409,0.7521913224539498,0.5899422970757047,0.5246540881827476,0.4774643060218521,0.6794321780596985,0.48740183646988994,0.75405349695469,0.629501169651256,0.5155420698647335,0.6131977537200709,0.6158699997167271,0.5539200669586881,0.41887054229217296,0.4646579790001585,0.476383608393487,0.365869989211351,0.31024334269355375,0.39802685554839895,0.20835443406761736],[0.3791728147930098,0.2673171211921741,0.24813028574344273,0.2888052400807037,0.12160394682490748,0.12983295602926817,0.21073223371893426,0.12334545384636071,0.056503826772784704,0.003116969147213252,0,0.04798189357545878,0.07991355547203166,0.013231701624698248,0.11251056411316607,0.15523918620698854,0.4519073650594296,0.16242545137055228,0.36883153421864096,0.5288204115283486,0.31431971181966845,0.08782070301638999,0.31272546927989525,0.39071683220849435,0.08302437956184658,0.15535966713167687,0.21617144839541705,0.2123268790774795,0.2952766683867684,0.3188182457485721,0.458416110582237,0.3881333606853276,0.21474916002029446,0.4923745725173381,0.41678611358559103,0.2867269016509209,0.21163422647825536,0.4580432957175039,0.17531962832071699,0.3262466353810866,0.554480123409537,0.4163794711836129,0.2753144009188164,0.3502452364013637,0.49711766662746787,0.39983382198538164,0.6925825789591894,0.6370194826256992,0.6384970822203337,0.4176805965171481,0.5629934393529199,0.6936242483581407,0.6720350093416669,0.47661501663701894,0.5157759506493322,0.6804241837840656,0.5982166632072335,0.6793996301991451,0.7552063527147415,0.7180282679405972,0.6244607916459611,0.7877828460754699,0.8569906441437825,0.5990290727603813,0.7853187210339383,0.6171001488319131,0.7382029674477536,0.7544696343943784,0.8397312817787594,0.7308548803831239,0.7976602897728143,0.6275051561959614,0.5598440365662297,0.5114543782736598,0.717913260462976,0.5318541561981965,0.7979818438305439,0.659918605278751,0.5575706679941257,0.6546113701147775,0.6597141501753062,0.5807732968543493,0.4597694678557135,0.4844050790669289,0.5189214784961382,0.39461753675282313,0.32791748965771816,0.4141864916521878,0.2380915966983646],[0.3558560800197839,0.19414851456285412,0.15799355105854315,0.20328563122889814,0.0320695487812929,0.043464971154976724,0.12256405069862171,0.0566225151979171,0.056266021643791075,0.06104443034648933,0.04798189357545878,0,0.09363420086690327,0.09536925797230171,0.20054512063241667,0.14462604239159524,0.3932887298133704,0.09605907866636103,0.3019543987866269,0.4595712471184368,0.2737071829669549,0.14808330294342942,0.31867730057970595,0.35422312112174237,0.15605142410072873,0.19652702372813563,0.30424083840745153,0.2966806717365447,0.37952870347859374,0.39870792441358904,0.5359759506607114,0.4554493698608062,0.20904703747126463,0.5629632553793386,0.5062739923730811,0.31288714408305596,0.30189469765991916,0.5086453016085961,0.2507253981177005,0.3756191199256124,0.6128791404470822,0.4758247847322605,0.3370049173820312,0.387978723553914,0.5597204924355339,0.40106871354682927,0.7564196355733285,0.7047475104736485,0.6665699600036411,0.4425811407593014,0.6079708473178277,0.7360849636503703,0.7253138123376374,0.4825883723719819,0.5387674634255813,0.7028864817690448,0.6331297540775902,0.6796581643986613,0.8005622474517347,0.7497828989672136,0.6381174344594274,0.8130424636175346,0.856457893614809,0.6033426410051709,0.8209505484911984,0.6066972581210961,0.7100827373280453,0.7456067618959241,0.8597379355430235,0.747532377582645,0.8031255144374846,0.5870667087216038,0.5132565733271993,0.4623670510690683,0.6796455110331729,0.5251441403206428,0.7845378047573992,0.601070822116851,0.5351968808206973,0.6282392745299301,0.6467471851220205,0.5157759506493323,0.4338228859427511,0.4094798843196794,0.49969519722280514,0.3357644619685809,0.25245680154873207,0.3356091188342666,0.1870684135108444],[0.25891943817226926,0.2013656899727348,0.24079600083896896,0.2513825342227928,0.1502904910958527,0.12334545384636071,0.2351869497956474,0.19255409478174124,0.16600707800236542,0.03690694947887539,0.07991355547203166,0.09363420086690327,0,0.12724464462446694,0.14745876762040327,0.03596335917817556,0.3541836302776454,0.10340506899386429,0.2848448128450916,0.44308077690321857,0.20440927634629147,0.04503138774934721,0.19248325831897786,0.276043763435852,0.1963466899358211,0.06414266617765345,0.23773423959570733,0.2995668117616164,0.2924276145140329,0.2991543614439882,0.4278074052756979,0.3343467467087841,0.09252879005584681,0.4439087846320104,0.4393625303803318,0.17752053733375608,0.26789075916319344,0.37511612544997724,0.1519982606682387,0.2426346717798697,0.4825659966906458,0.34735260645339405,0.21320154459593404,0.2520359873780833,0.4327445660700541,0.27876691544400417,0.6290892243356854,0.5811606467132098,0.5317245891438565,0.3080454233469329,0.47255796302812797,0.6002041251793275,0.5920030041532741,0.357164828565298,0.40507972241845264,0.5697107467981678,0.4972047501902209,0.558748594932441,0.6649886379212903,0.6143116828781259,0.508600296832852,0.6791174872387689,0.7363531716728974,0.4793664006597933,0.6850535994943315,0.49483153348513514,0.617756872765035,0.6323719425066108,0.7276919850130614,0.6167557008770088,0.6787049258771957,0.5124691272617645,0.4492790791166385,0.40341700175422035,0.6012817378540518,0.40978883219884127,0.6756631450847083,0.5589048986887397,0.43622863435992326,0.5339074145799093,0.5373913965291093,0.48801982627410706,0.3397129141547812,0.409494325840782,0.39713691891109737,0.2989211831489789,0.26121076742517185,0.3493933484593906,0.14308443529598347],[0.4285618100742083,0.32235190664550945,0.29457150478994576,0.3403980013859223,0.16460582439806676,0.1805135052133002,0.24953301378962023,0.14936711064650246,0.06000466342712291,0.048126174027961634,0.013231701624698248,0.09536925797230171,0.12724464462446694,0,0.09007624459861047,0.20497973711202686,0.5073143311515828,0.21777539773402674,0.42444153213663083,0.584396085483294,0.36792599175026225,0.10916334879653776,0.353024302795801,0.44316948755241603,0.028131969148839052,0.18376421257906872,0.18880372727896902,0.15924177731297795,0.27463585386812134,0.30469989124841607,0.44541211197771274,0.38749929856788595,0.2613740793695045,0.487009987636026,0.38218374945045924,0.31816003026039447,0.16937570865428228,0.47068659346286645,0.17222233285909105,0.34215077734162497,0.5598592069052175,0.42253721367714303,0.2825966179165594,0.3735250497313817,0.4994375141493418,0.4407719599105018,0.6921829103298307,0.6333190741789192,0.6641467747096972,0.4472894455772285,0.5785387186090338,0.7099023252992535,0.6806083409295459,0.5147625390668933,0.5452664432986677,0.7089457657538231,0.6200778626349047,0.7186579259509057,0.7691235743433577,0.7410052