"trial_id","rt","stimulus","response","trial_type","trial_index","plugin_version","time_elapsed","language","participant_number","success","raw_payload","placements","dissimilarity_vector","n_words","trial_category","distance_matrix","value"
"consent_form","2048","
    <div style=""max-width:800px; margin:0 auto; text-align:left; font-size: 16px; padding: 10px 0;"">
      <h1>Informed Consent Form</h1>
      <p>You are being invited to participate in a research study titled <strong>""Reproducibility of Psychological Science and Instruction.""</strong> This study is being done by Dr. Bria Long from UC San Diego and associated graduate students in the Experimental Methods course. You were selected to participate in this study because you are an adult in the U.S. and have been a represented population in previous psychology studies.</p>
      
      <p>The purpose of this study is to better understand how well previously published studies in the psychological field replicate online and with different populations. Your participation in this research should last approximately <strong>5-30 minutes</strong>. If you agree to take part in this study, you may be asked to view a set of stimuli, including pictures, sounds, written text, or videos and then giving some responses via key-presses, verbally, or with paper-and-pencil. We may also observe your choices or preferences among an array of stimuli. These stimuli will be taken directly from or closely adapted from studies that already exist in the published psychological literature. Stimuli will include, e.g., pictures of objects and human faces, audio and video clips, short text passages, etc. None of the stimuli will be disturbing, threatening, or offensive. The online and in-person experiments described in this protocol will take no more than 30 minutes. An example game you might play would be to click on an image on the screen that matches a word you hear being said out loud. Your total expected time commitment for this study is between 5-30 minutes, and is specified in the study description.</p>
      
      <p>Your participation in this study is completely voluntary and you can withdraw at any time. Choosing not to participate or withdrawing will result in no penalty or loss of benefits to which you are entitled. You are free to skip any question that you choose.</p>
      
      <p>We will not be asking for any personally identifying information, and we will handle responses as confidentially as possible. Your SONA or Prolific IDs will never be tied to your responses on this survey. However, we cannot guarantee the confidentiality of information transmitted over the Internet. To minimize this risk, data containing anything that might be personally identifying (e.g. Prolific IDs or IP addresses) will be encrypted on transfer and storage and will only be accessible to qualified lab personnel. We will be keeping data collected as part of this experiment indefinitely. This anonymized data (containing neither Prolific IDs nor IP addresses) may be shared with the scientific community or with other participants to be used as stimuli in future studies.</p>
      
      <p>If you have questions about this project or if you have a research-related problem, you may contact the researcher(s), <strong>Dr. Bria Long, <a href=""mailto:brlong@ucsd.edu"">brlong@ucsd.edu</a></strong>. If you have any questions concerning your rights as a research subject, you may contact the UC San Diego Office of IRB Administration at <a href=""mailto:irb@ucsd.edu"">irb@ucsd.edu</a> or 858-246-4777.</p>
      
      <h3 style=""margin-top: 25px;"">Consent Statement</h3>
      <p style=""font-weight: bold;"">By participating in this research you are indicating that you are at least 18 years old, have read this consent form, and agree to participate in this research study. Please keep this consent form for your records.</p>
    </div>
  ","0","html-button-response","0","2.1.0","2049","en","7fp4v56txz_5pcnrs","","","","","","","",""
"","1754","
    <div style=""display:flex; align-items:center; justify-content:center; height:100vh; font-family:sans-serif;"">
      <div style=""max-width:900px; margin:0 auto; text-align:center;"">
        <h1 style= ""font-size: 24px;"">Welcome! Thank you for participating in the study.</h1>
        <p style=""font-size:18px; line-height:1.6;"">
          In this task, you will be presented with <strong>90 words</strong> arranged <strong>outside a circle</strong>.<br>
          Your job is to <strong>drag these words into the circle</strong> and <strong>rearrange them</strong> based on their <strong>meaning similarity</strong>.<br><br>
          Words that are <strong>similar in meaning</strong> should be placed <strong>closer together</strong>.<br>
          Words that are <strong>different in meaning</strong> should be placed <strong>farther apart</strong>.<br><br>
          You can place the words <strong>anywhere inside the circle</strong>. There is no single correct answer — 
          we are interested in <strong>your personal judgment</strong> of how these words relate to each other.<br><br>
          <strong>You must move all words into the circle before you can finish.</strong><br>
          After the initial arrangement, you will arrange words from specific categories.
        </p>
        <p style=""font-size:16px; margin-top:30px;""><em>Press any key to continue.</em></p>
      </div>
    </div>
  "," ","html-keyboard-response","1","2.1.0","3805","en","7fp4v56txz_5pcnrs","","","","","","","",""
"","1233","<p style='font-size:20px;'>Which is your first language or primary language of use?</p>","1","html-button-response","2","2.1.0","5040","en","7fp4v56txz_5pcnrs","","","","","","","",""
"","994","","","fullscreen","3","2.1.0","7037","en","7fp4v56txz_5pcnrs","true","{""placements"":[{""word"":""proud"",""x"":489.6,""y"":156.2,""cx"":512.5,""cy"":173.6,""angle_rad"":-0.826,""angle_deg"":312.7},{""word"":""refrigerator"",""x"":81.3,""y"":325.2,""cx"":120.5,""cy"":342.6,""angle_rad"":-3.109,""angle_deg"":181.8},{""word"":""rabbit"",""x"":154,""y"":197.2,""cx"":176.5,""cy"":214.6,""angle_rad"":-2.479,""angle_deg"":218},{""word"":""agreement"",""x"":486,""y"":125.2,""cx"":524.5,""cy"":142.6,""angle_rad"":-0.871,""angle_deg"":310.1},{""word"":""lips"",""x"":544,""y"":308.2,""cx"":559.5,""cy"":325.6,""angle_rad"":-0.116,""angle_deg"":353.4},{""word"":""scissors"",""x"":559.2,""y"":482.2,""cx"":589.5,""cy"":499.6,""angle_rad"":0.558,""angle_deg"":32},{""word"":""giraffe"",""x"":113.2,""y"":204.2,""cx"":137.5,""cy"":221.6,""angle_rad"":-2.598,""angle_deg"":211.1},{""word"":""system"",""x"":42.3,""y"":487.2,""cx"":69.5,""cy"":504.6,""angle_rad"":2.638,""angle_deg"":151.1},{""word"":""fault"",""x"":453.3,""y"":129.2,""cx"":471.5,""cy"":146.6,""angle_rad"":-1.032,""angle_deg"":300.9},{""word"":""friendship"",""x"":238.2,""y"":596.2,""cx"":273.5,""cy"":613.6,""angle_rad"":1.853,""angle_deg"":106.2},{""word"":""method"",""x"":437.2,""y"":583.2,""cx"":465.5,""cy"":600.6,""angle_rad"":1.139,""angle_deg"":65.3},{""word"":""ant"",""x"":145.8,""y"":234.2,""cx"":160.5,""cy"":251.6,""angle_rad"":-2.663,""angle_deg"":207.4},{""word"":""depressed"",""x"":524.8,""y"":173.2,""cx"":562.5,""cy"":190.6,""angle_rad"":-0.644,""angle_deg"":323.1},{""word"":""sofa"",""x"":164.3,""y"":335.2,""cx"":182.5,""cy"":352.6,""angle_rad"":3.126,""angle_deg"":179.1},{""word"":""violence"",""x"":325.8,""y"":461.2,""cx"":356.5,""cy"":478.6,""angle_rad"":1.52,""angle_deg"":87.1},{""word"":""chopsticks"",""x"":539.8,""y"":491.2,""cx"":577.5,""cy"":508.6,""angle_rad"":0.609,""angle_deg"":34.9},{""word"":""concept"",""x"":455,""y"":565.2,""cx"":484.5,""cy"":582.6,""angle_rad"":1.047,""angle_deg"":60},{""word"":""sparrow"",""x"":131.6,""y"":230.2,""cx"":161.5,""cy"":247.6,""angle_rad"":-2.644,""angle_deg"":208.5},{""word"":""chair"",""x"":151.3,""y"":320.2,""cx"":171.5,""cy"":337.6,""angle_rad"":-3.072,""angle_deg"":184},{""word"":""business"",""x"":432.9,""y"":558.2,""cx"":465.5,""cy"":575.6,""angle_rad"":1.098,""angle_deg"":62.9},{""word"":""magic power"",""x"":336.8,""y"":324.2,""cx"":381.5,""cy"":341.6,""angle_rad"":-0.26,""angle_deg"":345.1},{""word"":""result"",""x"":406.4,""y"":549.2,""cx"":428.5,""cy"":566.6,""angle_rad"":1.223,""angle_deg"":70.1},{""word"":""hostility"",""x"":505.2,""y"":192.2,""cx"":533.5,""cy"":209.6,""angle_rad"":-0.653,""angle_deg"":322.6},{""word"":""dispute"",""x"":372.9,""y"":569.2,""cx"":400.5,""cy"":586.6,""angle_rad"":1.36,""angle_deg"":77.9},{""word"":""relationship"",""x"":262.7,""y"":551.2,""cx"":303.5,""cy"":568.6,""angle_rad"":1.78,""angle_deg"":102},{""word"":""pencil"",""x"":536.2,""y"":489.2,""cx"":559.5,""cy"":506.6,""angle_rad"":0.642,""angle_deg"":36.8},{""word"":""anger"",""x"":491.6,""y"":109.2,""cx"":514.5,""cy"":126.6,""angle_rad"":-0.936,""angle_deg"":306.4},{""word"":""team"",""x"":445.9,""y"":574.2,""cx"":466.5,""cy"":591.6,""angle_rad"":1.121,""angle_deg"":64.3},{""word"":""washing machine"",""x"":107.4,""y"":380.2,""cx"":166.5,""cy"":397.6,""angle_rad"":2.888,""angle_deg"":165.5},{""word"":""thigh"",""x"":469.3,""y"":375.2,""cx"":489.5,""cy"":392.6,""angle_rad"":0.296,""angle_deg"":17},{""word"":""charity"",""x"":-8.1,""y"":433.2,""cx"":17.5,""cy"":450.6,""angle_rad"":2.848,""angle_deg"":163.2},{""word"":""finger"",""x"":503,""y"":353.2,""cx"":525.5,""cy"":370.6,""angle_rad"":0.117,""angle_deg"":6.7},{""word"":""characteristic"",""x"":224.3,""y"":573.2,""cx"":270.5,""cy"":590.6,""angle_rad"":1.89,""angle_deg"":108.3},{""word"":""cat"",""x"":162.2,""y"":225.2,""cx"":176.5,""cy"":242.6,""angle_rad"":-2.587,""angle_deg"":211.8},{""word"":""eye"",""x"":526.2,""y"":331.2,""cx"":542.5,""cy"":348.6,""angle_rad"":-0.007,""angle_deg"":359.6},{""word"":""bed"",""x"":74.8,""y"":370.2,""cx"":91.5,""cy"":387.6,""angle_rad"":2.997,""angle_deg"":171.7},{""word"":""computer mouse"",""x"":40.4,""y"":358.2,""cx"":97.5,""cy"":375.6,""angle_rad"":3.041,""angle_deg"":174.2},{""word"":""microwave"",""x"":110.1,""y"":399.2,""cx"":148.5,""cy"":416.6,""angle_rad"":2.822,""angle_deg"":161.7},{""word"":""reason"",""x"":467.1,""y"":150.2,""cx"":493.5,""cy"":167.6,""angle_rad"":-0.904,""angle_deg"":308.2},{""word"":""hammer"",""x"":558.8,""y"":530.2,""cx"":589.5,""cy"":547.6,""angle_rad"":0.69,""angle_deg"":39.5},{""word"":""spoon"",""x"":604.4,""y"":491.2,""cx"":628.5,""cy"":508.6,""angle_rad"":0.518,""angle_deg"":29.7},{""word"":""fate"",""x"":352.8,""y"":270.2,""cx"":369.5,""cy"":287.6,""angle_rad"":-1.268,""angle_deg"":287.4},{""word"":""arm"",""x"":492.4,""y"":315.2,""cx"":509.5,""cy"":332.6,""angle_rad"":-0.109,""angle_deg"":353.8},{""word"":""rat"",""x"":118.3,""y"":234.2,""cx"":131.5,""cy"":251.6,""angle_rad"":-2.718,""angle_deg"":204.2},{""word"":""excited"",""x"":480.3,""y"":196.2,""cx"":507.5,""cy"":213.6,""angle_rad"":-0.714,""angle_deg"":319.1},{""word"":""ear"",""x"":524.4,""y"":311.2,""cx"":539.5,""cy"":328.6,""angle_rad"":-0.112,""angle_deg"":353.6},{""word"":""society"",""x"":288.7,""y"":440.2,""cx"":315.5,""cy"":457.6,""angle_rad"":1.881,""angle_deg"":107.8},{""word"":""toothbrush"",""x"":107.4,""y"":345.2,""cx"":145.5,""cy"":362.6,""angle_rad"":3.08,""angle_deg"":176.5},{""word"":""process"",""x"":445,""y"":596.2,""cx"":474.5,""cy"":613.6,""angle_rad"":1.13,""angle_deg"":64.7},{""word"":""splendor"",""x"":477.7,""y"":148.2,""cx"":509.5,""cy"":165.6,""angle_rad"":-0.858,""angle_deg"":310.9},{""word"":""air conditioner"",""x"":61.5,""y"":320.2,""cx"":110.5,""cy"":337.6,""angle_rad"":-3.09,""angle_deg"":183},{""word"":""tortoise"",""x"":138.6,""y"":181.2,""cx"":166.5,""cy"":198.6,""angle_rad"":-2.452,""angle_deg"":219.5},{""word"":""status"",""x"":386.8,""y"":593.2,""cx"":410.5,""cy"":610.6,""angle_rad"":1.343,""angle_deg"":76.9},{""word"":""trauma"",""x"":341.7,""y"":421.2,""cx"":368.5,""cy"":438.6,""angle_rad"":1.365,""angle_deg"":78.2},{""word"":""death"",""x"":318,""y"":482.2,""cx"":340.5,""cy"":499.6,""angle_rad"":1.634,""angle_deg"":93.6},{""word"":""happy"",""x"":462.4,""y"":148.2,""cx"":486.5,""cy"":165.6,""angle_rad"":-0.934,""angle_deg"":306.5},{""word"":""identity"",""x"":115.3,""y"":60.2,""cx"":142.5,""cy"":77.6,""angle_rad"":-2.222,""angle_deg"":232.7},{""word"":""marriage"",""x"":242.9,""y"":539.2,""cx"":275.5,""cy"":556.6,""angle_rad"":1.917,""angle_deg"":109.8},{""word"":""error"",""x"":338.7,""y"":433.2,""cx"":358.5,""cy"":450.6,""angle_rad"":1.486,""angle_deg"":85.2},{""word"":""ankle"",""x"":554.8,""y"":340.2,""cx"":576.5,""cy"":357.6,""angle_rad"":0.034,""angle_deg"":1.9},{""word"":""tiger"",""x"":149.9,""y"":222.2,""cx"":168.5,""cy"":239.6,""angle_rad"":-2.595,""angle_deg"":211.3},{""word"":""apathy"",""x"":499.5,""y"":107.2,""cx"":525.5,""cy"":124.6,""angle_rad"":-0.909,""angle_deg"":307.9},{""word"":""disease"",""x"":370.4,""y"":482.2,""cx"":399.5,""cy"":499.6,""angle_rad"":1.251,""angle_deg"":71.7},{""word"":""broom"",""x"":564.7,""y"":511.2,""cx"":589.5,""cy"":528.6,""angle_rad"":0.641,""angle_deg"":36.7},{""word"":""sad"",""x"":539.2,""y"":136.2,""cx"":555.5,""cy"":153.6,""angle_rad"":-0.763,""angle_deg"":316.3},{""word"":""key"",""x"":99.6,""y"":368.2,""cx"":115.5,""cy"":385.6,""angle_rad"":2.991,""angle_deg"":171.4},{""word"":""heaven"",""x"":311.5,""y"":236.2,""cx"":339.5,""cy"":253.6,""angle_rad"":-1.679,""angle_deg"":263.8},{""word"":""obligation"",""x"":480.5,""y"":87.2,""cx"":515.5,""cy"":104.6,""angle_rad"":-0.977,""angle_deg"":304},{""word"":""data"",""x"":459.9,""y"":613.2,""cx"":478.5,""cy"":630.6,""angle_rad"":1.141,""angle_deg"":65.4},{""word"":""loving heart"",""x"":247.3,""y"":576.2,""cx"":288.5,""cy"":593.6,""angle_rad"":1.818,""angle_deg"":104.2},{""word"":""content"",""x"":404.5,""y"":612.2,""cx"":432.5,""cy"":629.6,""angle_rad"":1.284,""angle_deg"":73.6},{""word"":""phenomenon"",""x"":281.6,""y"":247.2,""cx"":327.5,""cy"":264.6,""angle_rad"":-1.828,""angle_deg"":255.2},{""word"":""cabinet"",""x"":93.9,""y"":359.2,""cx"":121.5,""cy"":376.6,""angle_rad"":3.026,""angle_deg"":173.4},{""word"":""miracle"",""x"":306.9,""y"":280.2,""cx"":334.5,""cy"":297.6,""angle_rad"":-1.858,""angle_deg"":253.5},{""word"":""fear"",""x"":472.4,""y"":193.2,""cx"":489.5,""cy"":210.6,""angle_rad"":-0.785,""angle_deg"":315},{""word"":""knee"",""x"":564.3,""y"":361.2,""cx"":584.5,""cy"":378.6,""angle_rad"":0.121,""angle_deg"":7},{""word"":""comfortable"",""x"":440.9,""y"":120.2,""cx"":482.5,""cy"":137.6,""angle_rad"":-1.013,""angle_deg"":302},{""word"":""debt"",""x"":355.9,""y"":473.2,""cx"":374.5,""cy"":490.6,""angle_rad"":1.398,""angle_deg"":80.1},{""word"":""elephant"",""x"":153.6,""y"":178.2,""cx"":185.5,""cy"":195.6,""angle_rad"":-2.388,""angle_deg"":223.2},{""word"":""effect"",""x"":131.5,""y"":552.2,""cx"":153.5,""cy"":569.6,""angle_rad"":2.301,""angle_deg"":131.8},{""word"":""discipline"",""x"":509.7,""y"":137.2,""cx"":543.5,""cy"":154.6,""angle_rad"":-0.79,""angle_deg"":314.7},{""word"":""television"",""x"":89.3,""y"":311.2,""cx"":123.5,""cy"":328.6,""angle_rad"":-3.047,""angle_deg"":185.4},{""word"":""shoulder"",""x"":497.7,""y"":328.2,""cx"":529.5,""cy"":345.6,""angle_rad"":-0.024,""angle_deg"":358.6},{""word"":""nose"",""x"":557.3,""y"":327.2,""cx"":577.5,""cy"":344.6,""angle_rad"":-0.024,""angle_deg"":358.6},{""word"":""ax"",""x"":592.1,""y"":478.2,""cx"":604.5,""cy"":495.6,""angle_rad"":0.52,""angle_deg"":29.8},{""word"":""scenery"",""x"":307,""y"":81.2,""cx"":336.5,""cy"":98.6,""angle_rad"":-1.624,""angle_deg"":266.9},{""word"":""panda"",""x"":131,""y"":229.2,""cx"":155.5,""cy"":246.6,""angle_rad"":-2.653,""angle_deg"":208},{""word"":""fraud"",""x"":350.6,""y"":442.2,""cx"":371.5,""cy"":459.6,""angle_rad"":1.377,""angle_deg"":78.9},{""word"":""table"",""x"":110.3,""y"":343.2,""cx"":130.5,""cy"":360.6,""angle_rad"":3.093,""angle_deg"":177.2}],""n_words"":89,""words"":[""proud"",""refrigerator"",""rabbit"",""agreement"",""lips"",""scissors"",""giraffe"",""system"",""fault"",""friendship"",""method"",""ant"",""depressed"",""sofa"",""violence"",""chopsticks"",""concept"",""sparrow"",""chair"",""business"",""magic power"",""result"",""hostility"",""dispute"",""relationship"",""pencil"",""anger"",""team"",""washing machine"",""thigh"",""charity"",""finger"",""characteristic"",""cat"",""eye"",""bed"",""computer mouse"",""microwave"",""reason"",""hammer"",""spoon"",""fate"",""arm"",""rat"",""excited"",""ear"",""society"",""toothbrush"",""process"",""splendor"",""air conditioner"",""tortoise"",""status"",""trauma"",""death"",""happy"",""identity"",""marriage"",""error"",""ankle"",""tiger"",""apathy"",""disease"",""broom"",""sad"",""key"",""heaven"",""obligation"",""data"",""loving heart"",""content"",""phenomenon"",""cabinet"",""miracle"",""fear"",""knee"",""comfortable"",""debt"",""elephant"",""effect"",""discipline"",""television"",""shoulder"",""nose"",""ax"",""scenery"",""panda"",""fraud"",""table""],""distance_matrix"":[[0,0.6549680967399695,0.5180330654235483,0.04511275169151008,0.24010429044897696,0.512576333366073,0.5793340463663875,0.8503680960355225,0.06966924388237931,0.769370824696007,0.659152189743898,0.5521889742124451,0.0754313952831327,0.5752463786083996,0.5243660348974494,0.5223020665764032,0.6287528202593655,0.5493650596833054,0.5798419771501696,0.620666904154713,0.3236680065075927,0.616233872975117,0.05818219654451725,0.6565775640450503,0.6859639737047906,0.5146373671952443,0.06649442305874187,0.6451228256838534,0.6321957305481732,0.33477156897615135,0.8724186558352051,0.29948508291841613,0.7405747584874661,0.5250349292510089,0.2686920241400315,0.725289720409804,0.7086855921416796,0.6716699148262598,0.02448141796817933,0.5851976094254957,0.5428571287382056,0.2769449608906056,0.23999228065185302,0.5961326053667921,0.05606580637346361,0.23736738945962707,0.5291024703834687,0.633168508974551,0.6778350121849547,0.006849230788466143,0.6662587649106699,0.5310621772026032,0.6888475926600776,0.46087245963061996,0.5646660304850047,0.035757240922200555,0.5858281950666808,0.6914063474818752,0.4846279210595523,0.29543256030450543,0.5362866368750175,0.07215339302221398,0.5281603368579394,0.5563972122528371,0.0670848382828626,0.6908815782040125,0.28890844142679684,0.10061378670775513,0.7035921283903747,0.7310717564181782,0.7108758382392537,0.31302794765228853,0.6761596241574178,0.3297034226203854,0.06110834623785862,0.3302350633553708,0.06621394688456647,0.5292548504221697,0.5013735744617184,0.8217147068330147,0.049943077584913904,0.6423649046559399,0.26138755702202054,0.2770338987834163,0.5124445000384361,0.29001184109278255,0.5581516615147205,0.4876300008235265,0.6525465248744198],[0.6549680967399695,0,0.2100689179475757,0.6920218031459323,0.6742579815994107,0.7598584469476788,0.18291674781826409,0.25673983201168854,0.6164497224819959,0.475760952316948,0.6610447253800867,0.1476160432087159,0.7177565905376678,0.0909092011815351,0.415609590672889,0.7468976600911844,0.6691003596294087,0.15391633907137367,0.07300448413884066,0.6385949096023077,0.39797846664642333,0.5836436226971347,0.6658268477666741,0.5690124657578861,0.4441451482648162,0.7196583584097924,0.6897429336721173,0.6540456017310136,0.10469705180267468,0.5705226535060879,0.22482960854216794,0.6225702942965374,0.442648254763023,0.17117938246710918,0.6474764506569866,0.07655315743258848,0.05593114559697964,0.11619180812240723,0.631936323280691,0.7866069276754577,0.821603105739914,0.3886828269621154,0.5964830723928694,0.1356233460634129,0.625617847353265,0.6431247774959474,0.3443464255509712,0.043213453732538286,0.6843169918444655,0.6557388817241313,0.010933666616858607,0.22781564557892825,0.6053815727204572,0.4056170711093336,0.4123463326197934,0.6234779153182798,0.40558502762412946,0.4029899705968121,0.3985301303380663,0.7004681795797313,0.16966571802269653,0.7061973082543492,0.4896011292834095,0.7752828029589206,0.7284143061259258,0.06068024755344524,0.3598533901101158,0.7080811314963557,0.7054541848981702,0.46155004315310677,0.6503938303303777,0.3363264257679179,0.04631060057891617,0.33240996491568126,0.6007756889224831,0.7146407475736253,0.6381388683572923,0.44905974166539575,0.2426280592624271,0.34899661799261333,0.7107704174645688,0.015794518888393526,0.6272867124898203,0.7016421231513971,0.780040208683536,0.49847937787914776,0.1519199448116839,0.42265497834766924,0.025513863664697028],[0.5180330654235483,0.2100689179475757,0,0.5441818720808942,0.611405887489736,0.7710290431739697,0.0549998003886897,0.4725116159639613,0.46263623480852006,0.6297818016153807,0.7406775799564645,0.05606580637346361,0.5927909417671201,0.2076154387836893,0.48864685160940885,0.7639620269415807,0.7370881242182794,0.04977237736531399,0.18433156242160334,0.7100487894269195,0.36722436933867336,0.6643075791943094,0.5467610949824937,0.6663658089073604,0.5762854022376814,0.7397709780130914,0.534727478727812,0.730506832197016,0.27755426130129957,0.5514687386578476,0.4344837465932721,0.5858707506062932,0.5940714792406465,0.03699211238395966,0.5974597204713757,0.2922425800167312,0.27145728281429754,0.3095599168895532,0.4901041706586712,0.8155483044267298,0.8289913904793472,0.31329835898067226,0.5409571969509205,0.08387044776596558,0.506427783363095,0.5830839989933775,0.42732890680547175,0.22788225271960424,0.765157580157381,0.5150794370105641,0.20987477382712252,0.022843984033443242,0.7062360439929829,0.45069057285149966,0.5030442505039546,0.47985317659249593,0.21230290711023106,0.545220665339459,0.4553406303763832,0.6517373542168549,0.034279019345817084,0.5520020172662966,0.5542606518245661,0.7973984115270466,0.5883478875549343,0.2748916279805504,0.25327339644760805,0.5457773669605429,0.7900410310627427,0.6058933767430671,0.7490549634736188,0.24004585690667415,0.25866666759384793,0.27011934735137966,0.47857791122391063,0.6748748360261451,0.48247229133337743,0.5198675293915561,0.026183984794369262,0.5447613986933438,0.5697482654447888,0.1883850405141064,0.5769544260913836,0.646706940057942,0.7868475265001823,0.29979097555164463,0.052911508254294776,0.47873873966408387,0.23076914827928635],[0.04511275169151008,0.6920218031459323,0.5441818720808942,0,0.2822701512022332,0.5557997938163692,0.6055502604115914,0.89442373052426,0.07595775764225297,0.8204746549272579,0.7090480233932088,0.5822935160038253,0.08846076952835223,0.6153832371433311,0.5756156093290844,0.5665648453978438,0.6781085849031396,0.5790573665519912,0.6184063002779606,0.6706514171840153,0.3732659768832728,0.6671360234706843,0.09834654537864941,0.7078173592906069,0.7371349354393519,0.5601528171967862,0.022843984033443242,0.6950208324496838,0.6745735283889926,0.38471069351866405,0.9126828934430835,0.34685249386611655,0.7914863474512016,0.5545816546547846,0.3139808810525565,0.7643934493922804,0.747236937373872,0.71440768189473,0.055311810864979154,0.629102294300312,0.5830982505499371,0.32244763073777444,0.2888921841978264,0.6254659137702724,0.10672054481409766,0.2827146785378693,0.5792869175612712,0.6725472523186253,0.7274255029729529,0.03615404287418787,0.7026042543483336,0.5550008217392816,0.739878734827864,0.5119909225620173,0.6158482411903636,0.06242899203865277,0.5939455475375369,0.7420899427925448,0.5356847664824886,0.3363124179901333,0.5652646801884753,0.021542265723575114,0.579631075478918,0.600055766282225,0.04457395397720878,0.7306713072629671,0.3278629506486302,0.05411364484244222,0.7530146476451169,0.7822225086471175,0.7614590604097766,0.3526085636645789,0.7155938679718531,0.3735029889814295,0.11209951677305911,0.37087494220684325,0.05914157573319038,0.5807154896091727,0.5251997636785548,0.8699789502275214,0.028427983035200027,0.6784539020023883,0.30821235818810705,0.31716054790652703,0.5543783741981483,0.2927485226973002,0.5875704720229815,0.5389472220802992,0.6912377761318341],[0.24010429044897696,0.6742579815994107,0.611405887489736,0.2822701512022332,0,0.26716513969436356,0.666972070127302,0.8018296940811301,0.3026352559186382,0.6224386186711118,0.4438680250562904,0.6223183690149238,0.2028172352504911,0.5791885495759853,0.38744145827754783,0.27849947176771295,0.4083866979686233,0.6219574819696319,0.5950221109366673,0.40740754601227647,0.2704967015063113,0.4185852524354369,0.1777881649159441,0.4671005758657873,0.5404570418470714,0.2740327051010031,0.30970422864328656,0.4301834714816952,0.6126149600327112,0.1437329667832104,0.8553669680889123,0.08099235349407441,0.6010938441051412,0.6007618523065742,0.03792276673857396,0.725012463845611,0.7135613528428709,0.6457893216577938,0.25889749026911235,0.3406796213484056,0.2966151938811564,0.2938058280668312,0.0718318464091896,0.6665441777294028,0.18492216262338793,0.024944483073168378,0.42340957338599566,0.6375725559490273,0.45883378780169165,0.2533196118545445,0.6894894569088142,0.6334836870816178,0.4918608159317968,0.3374347274055074,0.4269607249425799,0.2660793372258534,0.7452836025611087,0.5607795076310687,0.3603249624359669,0.049751003342567046,0.6138623104458351,0.3094421400412862,0.35983372808548775,0.3115327991911193,0.26016119084679923,0.6877471080649903,0.3522439864355374,0.3427241633660241,0.48252384319409525,0.5841011021452911,0.5040421504001397,0.3652629507365408,0.6767835451821831,0.3448900700971612,0.20219100027922718,0.08440075969201274,0.30836110083886265,0.37766608553422665,0.6070507111371707,0.7274762013041132,0.25969702736637906,0.6691163497661561,0.04947239681532923,0.03416080140758035,0.26606171777403764,0.4866110527037892,0.6313776758276314,0.3512923333283961,0.6604636709858016],[0.512576333366073,0.7598584469476788,0.7710290431739697,0.5557997938163692,0.26716513969436356,0,0.8157381007138116,0.7992775344510015,0.5702563147517452,0.514070416497142,0.2413863419107083,0.7613215044167416,0.47416525426292416,0.6640391155868713,0.3560587242418665,0.01685140842760957,0.20097337334551515,0.7631062546847701,0.6881481143880606,0.21893590644419264,0.3982929477991434,0.26378361576314957,0.45120491681133107,0.31596021369745203,0.44942060496565306,0.04133916356285235,0.5830616029940395,0.2315825000304177,0.6677433722997009,0.22051230303459485,0.8830487674806665,0.21671454246806307,0.507549899141944,0.747236937373872,0.2386245769676355,0.7844276211670109,0.779696768631325,0.6888424139267265,0.5290464374079418,0.06797781077834442,0.05562225144735403,0.4669535415718308,0.2804977040341784,0.8005323138797821,0.45456019966062156,0.269632798540418,0.42307436150183597,0.7134963376366971,0.2444862874170598,0.5257097492532793,0.7770127689224758,0.7979432122972246,0.31992699526594776,0.34880745431230187,0.37938407964191123,0.5351199054367097,0.9460040874804715,0.4880379630314918,0.35945994884262267,0.21453060317234668,0.7602201679100938,0.5829944098898581,0.2879762693784762,0.0385413973036789,0.5322466108187865,0.7489135594905578,0.5370027007294864,0.6162261626801601,0.2596293631812595,0.4821579528399746,0.3094117388855993,0.5388833968246196,0.7433011660531884,0.49761573610544035,0.4674021068240414,0.18123559174840034,0.5784400017564637,0.3270001066777695,0.7769315706013297,0.6777508139553131,0.5328456418152221,0.7626522624672831,0.2496710170311929,0.23446988986325223,0.01766350437982364,0.7281921456862711,0.7719100285744949,0.33699463207097274,0.7366263107654244],[0.5793340463663875,0.18291674781826409,0.0549998003886897,0.6055502604115914,0.666972070127302,0.8157381007138116,0,0.4445392222746839,0.5239588623203513,0.6364440353233936,0.7701501493010234,0.05217838341530412,0.6538075051788862,0.20820906906178624,0.5167338716674191,0.8074941344603775,0.7693847480721022,0.04843143114875695,0.18088985978140615,0.7412926066779577,0.41488090900507185,0.6928633084725239,0.6074105863708297,0.6906078532852722,0.5895634639480593,0.7825450735830284,0.5959513180096805,0.7606896807870466,0.2699630500826123,0.5999053448885278,0.39415847023760364,0.6375352810924715,0.601299271945031,0.062236887760448376,0.6511991790175209,0.260485175233515,0.24011889667026184,0.2962029877704437,0.5514665873089405,0.8570240473060442,0.8747317536227626,0.3673078789218414,0.5950560342791262,0.041011138858401554,0.5669815314807156,0.6381090748469201,0.45158243406681736,0.21241263655641235,0.7945085266176991,0.5764398605205916,0.17813320435186436,0.05095660912224719,0.7298893159662179,0.4846401419186313,0.5269195730444988,0.5412290193529233,0.21684360909863576,0.5549345457429413,0.4866694741273714,0.7056379315363355,0.049149191042592695,0.6132350753451836,0.5854470853483542,0.8401414714752291,0.6497265242251069,0.24997080801037758,0.3104702562202884,0.6066534297670905,0.8186147190237493,0.6156167473587987,0.7736413204092618,0.2954206310363341,0.2350273165001547,0.3207461309539707,0.5392266447397112,0.7276168299549277,0.5437304646808299,0.5490475242048999,0.07818663204184968,0.5333328377860468,0.6311292309360212,0.16079857072625037,0.6305924853553226,0.7014319065063321,0.8324680157129248,0.3560587242418665,0.04133916356285235,0.5107113621879027,0.20923564095484037],[0.8503680960355225,0.25673983201168854,0.4725116159639613,0.89442373052426,0.8018296940811301,0.7992775344510015,0.4445392222746839,0,0.8275938042644613,0.3519527274214573,0.6248996393793227,0.4101652683241704,0.8991754653982967,0.2870493160030072,0.4400777716681724,0.780673271658745,0.6478232606470886,0.4165215149875726,0.2967854614866789,0.6169120054340032,0.5389802322125984,0.5580389787611175,0.8454666922609536,0.5219273788930097,0.369459843137343,0.7527680688798276,0.898199519675243,0.6232740052553947,0.2173644948821381,0.6670504875758948,0.10975684929881861,0.7299577733584641,0.33232493774790056,0.4320707157856915,0.765250904741892,0.17805513874279144,0.19812361245404517,0.17682776829373098,0.8327255002157565,0.8019900499960052,0.8596845767060475,0.5672431141937462,0.725530798994864,0.3971792964956665,0.8083135937055502,0.7711556208470641,0.38162991644200556,0.24313840739374365,0.64340003504314,0.854157279688625,0.2600260810689802,0.49094224663356173,0.546854382240241,0.4679995340406246,0.41353980327676787,0.8262140523805135,0.6647547798999422,0.32277593737730936,0.449104535859955,0.8114496934918985,0.4318872860782381,0.9132350898332636,0.5049348398063364,0.8000979019079214,0.9224042445144531,0.19127199095503897,0.5647521906630542,0.9217825106353237,0.6566572108390245,0.35985339011011575,0.5884124581736139,0.5395323056122091,0.20766029850625553,0.5145820820927759,0.7878923011929779,0.8150268690467349,0.8495945063918345,0.4666415762326205,0.5049630046145893,0.1581648651604203,0.906476262264785,0.2788320800732548,0.7476556465974932,0.8187630863958802,0.8225968407015875,0.7464514291782055,0.41494927644611695,0.4666618729165641,0.23590068157268496],[0.06966924388237931,0.6164497224819959,0.46263623480852006,0.07595775764225297,0.3026352559186382,0.5702563147517452,0.5239588623203513,0.8275938042644613,0,0.7794723067343721,0.6970489108957587,0.5021600421794117,0.15021257907930757,0.5434598788932338,0.5379581920191145,0.5780027349362344,0.6694005557121536,0.49873842006375585,0.5446024163618148,0.6583203669744694,0.32634789848040885,0.6477131821592013,0.13055525069164264,0.6841154053414485,0.6973150140259203,0.5677763733933477,0.0670848382828626,0.6830874417727466,0.6055816390379293,0.37575512371920583,0.8401116988239878,0.3505937385234331,0.7486990197554502,0.47424266797715675,0.32533643143627844,0.6907576406121549,0.673034957582917,0.6458390053897631,0.040731795923942334,0.6412150842834373,0.6049282393028459,0.26322777539916814,0.28773154371493276,0.5449159813649029,0.11144948679948362,0.2946202931021466,0.5326586552896059,0.5994835701377188,0.7171431208563649,0.05943395617496389,0.6263617945664814,0.4729624911534758,0.7186658904353272,0.47332288618866614,0.5769544260913836,0.031116351525486377,0.5144161915731742,0.6976696617488457,0.49607989235896977,0.35875068623946466,0.48465969466053715,0.0839501930147424,0.5517698456617742,0.6130316684400599,0.12420316086389184,0.6579230345245932,0.256867510785434,0.08785145721606366,0.7435444562218452,0.7419311850485512,0.7443521896877974,0.2820455501841647,0.6424647927423821,0.3094915356788897,0.09661336875119915,0.3934147066522219,0.015631610556983894,0.5473487590632011,0.4431637912283015,0.8134942411147321,0.10584710772594909,0.6020453389510279,0.314747918770711,0.3415637303731811,0.5722446449757033,0.2155928215388924,0.5071153702689914,0.502686036487007,0.6173354638169336],[0.769370824696007,0.475760952316948,0.6297818016153807,0.8204746549272579,0.6224386186711118,0.514070416497142,0.6364440353233936,0.3519527274214573,0.7794723067343721,0,0.2917559062849129,0.5811425668070559,0.7873088484086301,0.42184861138291535,0.23913347058993617,0.4918969454314298,0.32402052751044524,0.5866058708565587,0.44948115985135106,0.29684483467038797,0.4470208946795103,0.24454846963459304,0.7379399501258731,0.19476874940675185,0.07740252790708334,0.46670246367212537,0.8354457172769326,0.2945604810457191,0.3670669351342207,0.4723812840812656,0.46380160276381593,0.5359791468494871,0.029547530333114757,0.5877179562420219,0.578630818568897,0.4431718000822785,0.4522109388905901,0.35507727309784487,0.7640850926250873,0.49375048694492435,0.5671615131917123,0.5201228869390471,0.5621321523997517,0.5960589017038005,0.7115782478244203,0.597596841808972,0.24390677340870837,0.4301284876859041,0.30501840349538784,0.7781073587709905,0.49021776808247286,0.657592345020514,0.20591505145505087,0.3021105157976118,0.19847540998096275,0.7621464710684852,0.8484707156089086,0.08197571920891422,0.27841941942083837,0.6081629043862449,0.5954470123519493,0.8458948773981614,0.25686295189554353,0.5005882539599317,0.8295428794098528,0.4233760639633773,0.5606504152490621,0.8667891703637549,0.31230572905306464,0.03234425762480195,0.2411925184310676,0.5407466610546212,0.42982045035063027,0.49222440008996005,0.7020013813039275,0.5975272913982185,0.7990272380373289,0.24018704759611886,0.6554089142932777,0.19162990035929522,0.8186423581053904,0.4925805036314433,0.5678098162823159,0.6225092307679281,0.5380375568969276,0.7974417105707758,0.5908669971418484,0.2764149899312007,0.4438600285865228],[0.659152189743898,0.6610447253800867,0.7406775799564645,0.7090480233932088,0.4438680250562904,0.2413863419107083,0.7701501493010234,0.6248996393793227,0.6970489108957587,0.2917559062849129,0,0.7116952492893521,0.6463540211322882,0.576590160615079,0.24707533689695202,0.2181676094748052,0.03416080140758035,0.7153611100726812,0.6047554524052039,0.03234425762480195,0.4154531441344502,0.07146273835610402,0.6084752852659682,0.09662501981555624,0.24944594325573383,0.19956799070384446,0.7318866336701355,0.007641506268587013,0.5535237903563061,0.3180014688378958,0.725563592665911,0.3618729560336145,0.29611968568492714,0.7064263237851687,0.4018509158365725,0.6604258759259342,0.6618713610729364,0.5614731405733786,0.6658536275578453,0.20253594902478786,0.2835934117008623,0.5008343887574533,0.41437920834332986,0.7420258023040399,0.5967059908252683,0.43033464122590775,0.3146881183401953,0.6114719332254748,0.018108480086140542,0.670989905390075,0.6780980648973458,0.7698100641566576,0.080219794557009,0.2861481443525444,0.24258949996757978,0.6683359448627404,0.9459599817544885,0.2957663885970562,0.2790718225950695,0.40750614537303037,0.7178593373274531,0.7369073083751778,0.18053706804164657,0.2157603602749078,0.7000401895470119,0.6299987135464435,0.5655585242245419,0.7659520335842555,0.04426688112294301,0.26804993067814964,0.0616749560658905,0.5563673563936619,0.6295968965414529,0.5050404498396275,0.5989762595341686,0.38385052755321714,0.7114144137339191,0.21479120995968692,0.7564284894097291,0.4793691677971256,0.6950807164701214,0.6706124181443287,0.40093266436933683,0.42652570126333034,0.2634991685106233,0.7966216186160415,0.7226260093632522,0.2561553668943097,0.6320697996037231],[0.5521889742124451,0.1476160432087159,0.05606580637346361,0.5822935160038253,0.6223183690149238,0.7613215044167416,0.05217838341530412,0.4101652683241704,0.5021600421794117,0.5811425668070559,0.7116952492893521,0,0.6235541264296858,0.1537590421948022,0.4582555710594911,0.7525055957970849,0.7112120771826183,0,0.12793611998992016,0.6830021441712055,0.36330735737451847,0.6343664848212178,0.575147327157267,0.6320697996037231,0.5323936466248828,0.727237397912383,0.5752463786083996,0.7022910275897367,0.2199986600617759,0.548165248602981,0.3732659768832728,0.5883963161761201,0.5457773669605429,0.022053225116403397,0.6042210746872925,0.22988189457530578,0.2090964481791682,0.24991930639068202,0.5256849382634845,0.801110670891276,0.8208098697704348,0.32218109662395483,0.548684404086982,0.0385413973036789,0.5344279788044832,0.5927869357980208,0.39301826770626674,0.16714587799011338,0.7360413657464664,0.5504868613520817,0.14773289284886862,0.07624873248183883,0.671379577598186,0.4269496469582663,0.4683712803372312,0.5159578590782137,0.2646263097805852,0.49861723338071345,0.4285309338362296,0.6587084398034999,0.015956239505224293,0.5923541333757387,0.5272165399012472,0.7847644567159803,0.6241330298399432,0.21261001100942883,0.27095144516736946,0.5888965145616274,0.7601011789898169,0.5593621140023691,0.7150999993940939,0.2531254518380247,0.1964797402057547,0.27244898950203056,0.5072696000094463,0.6793435620045036,0.5228239158734473,0.49063326494930354,0.088625119168923,0.4864040877929103,0.6057228229504906,0.12596496194768164,0.5835561529138799,0.6555358443096415,0.7785233613833292,0.35491454594663746,0.004567233359056295,0.4526425367713528,0.16876357415808352],[0.0754313952831327,0.7177565905376678,0.5927909417671201,0.08846076952835223,0.2028172352504911,0.47416525426292416,0.6538075051788862,0.8991754653982967,0.15021257907930757,0.7873088484086301,0.6463540211322882,0.6235541264296858,0,0.6336074645857481,0.5421990266903345,0.4868325306441066,0.6128378854585844,0.6211203427320119,0.6407794342640672,0.6087270268374224,0.35880327144968976,0.6120310965353041,0.04732564394268499,0.6564816131550494,0.7035245096379883,0.483208231367703,0.11755492820936005,0.6324306099781182,0.6858928995194942,0.3263767523633385,0.9291352326312353,0.27831405309186713,0.7608820980203965,0.597038225190238,0.24035247861973685,0.7845824012586146,0.7689514592571574,0.7243623855411878,0.10629532372169087,0.5482864283446346,0.4967840051346117,0.3282648498296801,0.22843487389531436,0.6680085817460057,0.0859734278872557,0.21036257657557916,0.5571303164211779,0.6924632904589724,0.6629910787221314,0.08440075969201274,0.7299919996680398,0.6072541448105624,0.6856137327135771,0.48142780905323695,0.5830839989933775,0.11756461086189444,0.6674513432436251,0.7141961928208728,0.5056173996456321,0.2532502856592738,0.6087328800667282,0.11083681010647344,0.5348649713074322,0.5189385331902787,0.05195253551475695,0.7491709267606388,0.3526252785097079,0.14544996107345257,0.6876087762966557,0.7486163659643721,0.7029427222795043,0.375318336658534,0.7351307139372981,0.3838136209241266,0.11087775480750359,0.2868652107312122,0.1422869918491095,0.5421202639452981,0.5777439159706569,0.8574992962417878,0.05667773693935368,0.7065610044390058,0.2391334705899362,0.23333112336087647,0.4706032221384077,0.3716503538867408,0.6301118556438614,0.5047399907252835,0.7128608799365763],[0.5752463786083996,0.0909092011815351,0.2076154387836893,0.6153832371433311,0.5791885495759853,0.6640391155868713,0.20820906906178624,0.2870493160030072,0.5434598788932338,0.42184861138291535,0.576590160615079,0.1537590421948022,0.6336074645857481,0,0.3264452703101814,0.6515768598889974,0.5817366888776856,0.159508649424853,0.022430499988211852,0.5518235976780922,0.3023904881684822,0.49876455455639357,0.58080951412081,0.4890927328648647,0.3771876732002881,0.6245440331650504,0.6158385973335624,0.5686807357062953,0.06760569693417812,0.4732628391543244,0.29093359481925385,0.5257480912348379,0.3867399394203944,0.1642868068633188,0.5513891332219741,0.14466542802867002,0.13003720671971872,0.1058898720533131,0.5542435265109451,0.6928083839332613,0.7256422914824993,0.3003314228844959,0.5011749937360733,0.16890740760611958,0.5412487431465435,0.5479552852976796,0.2561416528874786,0.052992407846648965,0.6003802327602377,0.577217708051823,0.10755569465693708,0.23348627320019097,0.5270433293263457,0.31109082014254463,0.3279598812512494,0.54656796