"trial_id","rt","stimulus","response","trial_type","trial_index","plugin_version","time_elapsed","language","participant_number","success","raw_payload","placements","dissimilarity_vector","n_words","trial_category","distance_matrix","value"
"consent_form","1991","
    <div style=""max-width:800px; margin:0 auto; text-align:left; font-size: 16px; padding: 10px 0;"">
      <h1>Informed Consent Form</h1>
      <p>You are being invited to participate in a research study titled <strong>""Reproducibility of Psychological Science and Instruction.""</strong> This study is being done by Dr. Bria Long from UC San Diego and associated graduate students in the Experimental Methods course. You were selected to participate in this study because you are an adult in the U.S. and have been a represented population in previous psychology studies.</p>
      
      <p>The purpose of this study is to better understand how well previously published studies in the psychological field replicate online and with different populations. Your participation in this research should last approximately <strong>5-30 minutes</strong>. If you agree to take part in this study, you may be asked to view a set of stimuli, including pictures, sounds, written text, or videos and then giving some responses via key-presses, verbally, or with paper-and-pencil. We may also observe your choices or preferences among an array of stimuli. These stimuli will be taken directly from or closely adapted from studies that already exist in the published psychological literature. Stimuli will include, e.g., pictures of objects and human faces, audio and video clips, short text passages, etc. None of the stimuli will be disturbing, threatening, or offensive. The online and in-person experiments described in this protocol will take no more than 30 minutes. An example game you might play would be to click on an image on the screen that matches a word you hear being said out loud. Your total expected time commitment for this study is between 5-30 minutes, and is specified in the study description.</p>
      
      <p>Your participation in this study is completely voluntary and you can withdraw at any time. Choosing not to participate or withdrawing will result in no penalty or loss of benefits to which you are entitled. You are free to skip any question that you choose.</p>
      
      <p>We will not be asking for any personally identifying information, and we will handle responses as confidentially as possible. Your SONA or Prolific IDs will never be tied to your responses on this survey. However, we cannot guarantee the confidentiality of information transmitted over the Internet. To minimize this risk, data containing anything that might be personally identifying (e.g. Prolific IDs or IP addresses) will be encrypted on transfer and storage and will only be accessible to qualified lab personnel. We will be keeping data collected as part of this experiment indefinitely. This anonymized data (containing neither Prolific IDs nor IP addresses) may be shared with the scientific community or with other participants to be used as stimuli in future studies.</p>
      
      <p>If you have questions about this project or if you have a research-related problem, you may contact the researcher(s), <strong>Dr. Bria Long, <a href=""mailto:brlong@ucsd.edu"">brlong@ucsd.edu</a></strong>. If you have any questions concerning your rights as a research subject, you may contact the UC San Diego Office of IRB Administration at <a href=""mailto:irb@ucsd.edu"">irb@ucsd.edu</a> or 858-246-4777.</p>
      
      <h3 style=""margin-top: 25px;"">Consent Statement</h3>
      <p style=""font-weight: bold;"">By participating in this research you are indicating that you are at least 18 years old, have read this consent form, and agree to participate in this research study. Please keep this consent form for your records.</p>
    </div>
  ","0","html-button-response","0","2.1.0","1996","en","89ay6pmsd5_7utam1","","","","","","","",""
"","2049","
    <div style=""display:flex; align-items:center; justify-content:center; height:100vh; font-family:sans-serif;"">
      <div style=""max-width:900px; margin:0 auto; text-align:center;"">
        <h1 style= ""font-size: 24px;"">Welcome! Thank you for participating in the study.</h1>
        <p style=""font-size:18px; line-height:1.6;"">
          In this task, you will be presented with <strong>90 words</strong> arranged <strong>outside a circle</strong>.<br>
          Your job is to <strong>drag these words into the circle</strong> and <strong>rearrange them</strong> based on their <strong>meaning similarity</strong>.<br><br>
          Words that are <strong>similar in meaning</strong> should be placed <strong>closer together</strong>.<br>
          Words that are <strong>different in meaning</strong> should be placed <strong>farther apart</strong>.<br><br>
          You can place the words <strong>anywhere inside the circle</strong>. There is no single correct answer — 
          we are interested in <strong>your personal judgment</strong> of how these words relate to each other.<br><br>
          <strong>You must move all words into the circle before you can finish.</strong><br>
          After the initial arrangement, you will arrange words from specific categories.
        </p>
        <p style=""font-size:16px; margin-top:30px;""><em>Press any key to continue.</em></p>
      </div>
    </div>
  ","j","html-keyboard-response","1","2.1.0","4047","en","89ay6pmsd5_7utam1","","","","","","","",""
"","1327","<p style='font-size:20px;'>Which is your first language or primary language of use?</p>","1","html-button-response","2","2.1.0","5381","en","89ay6pmsd5_7utam1","","","","","","","",""
"","1518","","","fullscreen","3","2.1.0","7913","en","89ay6pmsd5_7utam1","true","{""placements"":[{""word"":""proud"",""x"":135.2,""y"":201.3,""cx"":158.1,""cy"":218.8,""angle_rad"":-2.542,""angle_deg"":214.4},{""word"":""refrigerator"",""x"":365.8,""y"":412.3,""cx"":405.1,""cy"":429.8,""angle_rad"":0.966,""angle_deg"":55.4},{""word"":""rabbit"",""x"":161.6,""y"":500.3,""cx"":184.1,""cy"":517.8,""angle_rad"":2.35,""angle_deg"":134.7},{""word"":""agreement"",""x"":289.6,""y"":600.3,""cx"":328.1,""cy"":617.8,""angle_rad"":1.652,""angle_deg"":94.7},{""word"":""lips"",""x"":545.6,""y"":348.3,""cx"":561.1,""cy"":365.8,""angle_rad"":0.075,""angle_deg"":4.3},{""word"":""scissors"",""x"":339.8,""y"":268.3,""cx"":370.1,""cy"":285.8,""angle_rad"":-1.267,""angle_deg"":287.4},{""word"":""giraffe"",""x"":119.7,""y"":503.3,""cx"":144.1,""cy"":520.8,""angle_rad"":2.449,""angle_deg"":140.3},{""word"":""system"",""x"":629.9,""y"":424.3,""cx"":657.1,""cy"":441.8,""angle_rad"":0.29,""angle_deg"":16.6},{""word"":""fault"",""x"":59.8,""y"":397.3,""cx"":78.1,""cy"":414.8,""angle_rad"":2.908,""angle_deg"":166.6},{""word"":""friendship"",""x"":148.7,""y"":229.3,""cx"":184.1,""cy"":246.8,""angle_rad"":-2.585,""angle_deg"":211.9},{""word"":""method"",""x"":357.7,""y"":572.3,""cx"":386.1,""cy"":589.8,""angle_rad"":1.421,""angle_deg"":81.4},{""word"":""ant"",""x"":233.3,""y"":484.3,""cx"":248.1,""cy"":501.8,""angle_rad"":2.162,""angle_deg"":123.9},{""word"":""depressed"",""x"":128.4,""y"":332.3,""cx"":166.1,""cy"":349.8,""angle_rad"":-3.141,""angle_deg"":180.1},{""word"":""sofa"",""x"":457.8,""y"":393.3,""cx"":476.1,""cy"":410.8,""angle_rad"":0.449,""angle_deg"":25.7},{""word"":""violence"",""x"":355.4,""y"":27.3,""cx"":386.1,""cy"":44.8,""angle_rad"":-1.453,""angle_deg"":276.8},{""word"":""chopsticks"",""x"":306.4,""y"":320.3,""cx"":344.1,""cy"":337.8,""angle_rad"":-2.019,""angle_deg"":244.3},{""word"":""concept"",""x"":354.6,""y"":537.3,""cx"":384.1,""cy"":554.8,""angle_rad"":1.406,""angle_deg"":80.5},{""word"":""sparrow"",""x"":204.2,""y"":517.3,""cx"":234.1,""cy"":534.8,""angle_rad"":2.131,""angle_deg"":122.1},{""word"":""chair"",""x"":392.9,""y"":373.3,""cx"":413.1,""cy"":390.8,""angle_rad"":0.574,""angle_deg"":32.9},{""word"":""business"",""x"":588.4,""y"":500.3,""cx"":621.1,""cy"":517.8,""angle_rad"":0.554,""angle_deg"":31.8},{""word"":""magic power"",""x"":505.4,""y"":177.3,""cx"":550.1,""cy"":194.8,""angle_rad"":-0.66,""angle_deg"":322.2},{""word"":""result"",""x"":406.9,""y"":525.3,""cx"":429.1,""cy"":542.8,""angle_rad"":1.181,""angle_deg"":67.7},{""word"":""hostility"",""x"":405.7,""y"":35.3,""cx"":434.1,""cy"":52.8,""angle_rad"":-1.295,""angle_deg"":285.8},{""word"":""dispute"",""x"":548.5,""y"":447.5,""cx"":576.1,""cy"":464.9,""angle_rad"":0.47,""angle_deg"":26.9},{""word"":""relationship"",""x"":213.3,""y"":50.5,""cx"":254.1,""cy"":67.9,""angle_rad"":-1.898,""angle_deg"":251.2},{""word"":""pencil"",""x"":374.8,""y"":439.5,""cx"":398.1,""cy"":456.9,""angle_rad"":1.148,""angle_deg"":65.8},{""word"":""anger"",""x"":526.2,""y"":425.3,""cx"":549.1,""cy"":442.8,""angle_rad"":0.436,""angle_deg"":25},{""word"":""team"",""x"":277.5,""y"":179.3,""cx"":298.1,""cy"":196.8,""angle_rad"":-1.897,""angle_deg"":251.3},{""word"":""washing machine"",""x"":367,""y"":445.3,""cx"":426.1,""cy"":462.8,""angle_rad"":0.977,""angle_deg"":56},{""word"":""thigh"",""x"":556.9,""y"":309.3,""cx"":577.1,""cy"":326.8,""angle_rad"":-0.102,""angle_deg"":354.2},{""word"":""charity"",""x"":286.5,""y"":417.3,""cx"":312.1,""cy"":434.8,""angle_rad"":1.991,""angle_deg"":114.1},{""word"":""finger"",""x"":566.6,""y"":333.3,""cx"":589.1,""cy"":350.8,""angle_rad"":0.003,""angle_deg"":0.2},{""word"":""characteristic"",""x"":37.8,""y"":227.3,""cx"":84.1,""cy"":244.8,""angle_rad"":-2.765,""angle_deg"":201.6},{""word"":""cat"",""x"":206.7,""y"":493.3,""cx"":221.1,""cy"":510.8,""angle_rad"":2.246,""angle_deg"":128.7},{""word"":""eye"",""x"":577.8,""y"":341.3,""cx"":594.1,""cy"":358.8,""angle_rad"":0.036,""angle_deg"":2.1},{""word"":""bed"",""x"":359.4,""y"":483.3,""cx"":376.1,""cy"":500.8,""angle_rad"":1.399,""angle_deg"":80.2},{""word"":""computer mouse"",""x"":319,""y"":247.3,""cx"":376.1,""cy"":264.8,""angle_rad"":-1.273,""angle_deg"":287.1},{""word"":""microwave"",""x"":394.6,""y"":439.3,""cx"":433.1,""cy"":456.8,""angle_rad"":0.909,""angle_deg"":52.1},{""word"":""reason"",""x"":311.7,""y"":620.3,""cx"":338.1,""cy"":637.8,""angle_rad"":1.612,""angle_deg"":92.4},{""word"":""hammer"",""x"":347.4,""y"":303.3,""cx"":378.1,""cy"":320.8,""angle_rad"":-0.804,""angle_deg"":313.9},{""word"":""spoon"",""x"":309,""y"":297.3,""cx"":333.1,""cy"":314.8,""angle_rad"":-2.018,""angle_deg"":244.4},{""word"":""fate"",""x"":571.4,""y"":179.3,""cx"":588.1,""cy"":196.8,""angle_rad"":-0.572,""angle_deg"":327.2},{""word"":""arm"",""x"":513,""y"":331.3,""cx"":530.1,""cy"":348.8,""angle_rad"":-0.007,""angle_deg"":359.6},{""word"":""rat"",""x"":191.9,""y"":540.3,""cx"":205.1,""cy"":557.8,""angle_rad"":2.18,""angle_deg"":124.9},{""word"":""excited"",""x"":178.9,""y"":204.3,""cx"":206.1,""cy"":221.8,""angle_rad"":-2.414,""angle_deg"":221.7},{""word"":""ear"",""x"":516.9,""y"":345.3,""cx"":532.1,""cy"":362.8,""angle_rad"":0.07,""angle_deg"":4},{""word"":""society"",""x"":205.3,""y"":388.3,""cx"":232.1,""cy"":405.8,""angle_rad"":2.699,""angle_deg"":154.7},{""word"":""toothbrush"",""x"":482,""y"":605.3,""cx"":520.1,""cy"":622.8,""angle_rad"":1.013,""angle_deg"":58.1},{""word"":""process"",""x"":374.6,""y"":611.3,""cx"":404.1,""cy"":628.8,""angle_rad"":1.379,""angle_deg"":79},{""word"":""splendor"",""x"":306.2,""y"":81.3,""cx"":338.1,""cy"":98.8,""angle_rad"":-1.618,""angle_deg"":267.3},{""word"":""air conditioner"",""x"":353.1,""y"":428.3,""cx"":402.1,""cy"":445.8,""angle_rad"":1.072,""angle_deg"":61.4},{""word"":""tortoise"",""x"":194.1,""y"":481.3,""cx"":222.1,""cy"":498.8,""angle_rad"":2.281,""angle_deg"":130.7},{""word"":""status"",""x"":652.4,""y"":241.3,""cx"":676.1,""cy"":258.8,""angle_rad"":-0.273,""angle_deg"":344.4},{""word"":""trauma"",""x"":434.3,""y"":53.3,""cx"":461.1,""cy"":70.8,""angle_rad"":-1.192,""angle_deg"":291.7},{""word"":""death"",""x"":387.6,""y"":173.3,""cx"":410.1,""cy"":190.8,""angle_rad"":-1.21,""angle_deg"":290.7},{""word"":""happy"",""x"":150,""y"":207.3,""cx"":174.1,""cy"":224.8,""angle_rad"":-2.523,""angle_deg"":215.4},{""word"":""identity"",""x"":148.9,""y"":424.3,""cx"":176.1,""cy"":441.8,""angle_rad"":2.656,""angle_deg"":152.2},{""word"":""marriage"",""x"":220.4,""y"":45.3,""cx"":253.1,""cy"":62.8,""angle_rad"":-1.896,""angle_deg"":251.4},{""word"":""error"",""x"":481.3,""y"":235.3,""cx"":501.1,""cy"":252.8,""angle_rad"":-0.572,""angle_deg"":327.3},{""word"":""ankle"",""x"":531.3,""y"":311.3,""cx"":553.1,""cy"":328.8,""angle_rad"":-0.104,""angle_deg"":354},{""word"":""tiger"",""x"":170.4,""y"":507.3,""cx"":189.1,""cy"":524.8,""angle_rad"":2.315,""angle_deg"":132.6},{""word"":""apathy"",""x"":166,""y"":616.3,""cx"":192.1,""cy"":633.8,""angle_rad"":2.078,""angle_deg"":119.1},{""word"":""disease"",""x"":386.9,""y"":181.3,""cx"":416.1,""cy"":198.8,""angle_rad"":-1.158,""angle_deg"":293.6},{""word"":""broom"",""x"":368.2,""y"":376.3,""cx"":393.1,""cy"":393.8,""angle_rad"":0.793,""angle_deg"":45.4},{""word"":""sad"",""x"":151.8,""y"":292.3,""cx"":168.1,""cy"":309.8,""angle_rad"":-2.924,""angle_deg"":192.5},{""word"":""key"",""x"":141.2,""y"":312.3,""cx"":157.1,""cy"":329.8,""angle_rad"":-3.037,""angle_deg"":186},{""word"":""heaven"",""x"":573.1,""y"":152.3,""cx"":601.1,""cy"":169.8,""angle_rad"":-0.622,""angle_deg"":324.3},{""word"":""obligation"",""x"":234.1,""y"":272.3,""cx"":269.1,""cy"":289.8,""angle_rad"":-2.502,""angle_deg"":216.7},{""word"":""data"",""x"":374.4,""y"":587.3,""cx"":393.1,""cy"":604.8,""angle_rad"":1.403,""angle_deg"":80.4},{""word"":""loving heart"",""x"":220.9,""y"":45.3,""cx"":262.1,""cy"":62.8,""angle_rad"":-1.868,""angle_deg"":253},{""word"":""content"",""x"":320.1,""y"":149.3,""cx"":348.1,""cy"":166.8,""angle_rad"":-1.581,""angle_deg"":269.4},{""word"":""phenomenon"",""x"":491.2,""y"":156.3,""cx"":537.1,""cy"":173.8,""angle_rad"":-0.755,""angle_deg"":316.7},{""word"":""cabinet"",""x"":412.5,""y"":445.3,""cx"":440.1,""cy"":462.8,""angle_rad"":0.897,""angle_deg"":51.4},{""word"":""miracle"",""x"":521.5,""y"":149.3,""cx"":549.1,""cy"":166.8,""angle_rad"":-0.744,""angle_deg"":317.4},{""word"":""fear"",""x"":124,""y"":300.3,""cx"":141.1,""cy"":317.8,""angle_rad"":-2.989,""angle_deg"":188.8},{""word"":""knee"",""x"":517.9,""y"":304.3,""cx"":538.1,""cy"":321.8,""angle_rad"":-0.149,""angle_deg"":351.5},{""word"":""comfortable"",""x"":319.5,""y"":112.3,""cx"":361.1,""cy"":129.8,""angle_rad"":-1.52,""angle_deg"":272.9},{""word"":""debt"",""x"":581.4,""y"":499.3,""cx"":600.1,""cy"":516.8,""angle_rad"":0.588,""angle_deg"":33.7},{""word"":""elephant"",""x"":181.2,""y"":543.3,""cx"":213.1,""cy"":560.8,""angle_rad"":2.147,""angle_deg"":123},{""word"":""effect"",""x"":651.1,""y"":321.3,""cx"":673.1,""cy"":338.8,""angle_rad"":-0.035,""angle_deg"":358},{""word"":""discipline"",""x"":374.3,""y"":625.3,""cx"":408.1,""cy"":642.8,""angle_rad"":1.375,""angle_deg"":78.8},{""word"":""television"",""x"":386.9,""y"":469.3,""cx"":421.1,""cy"":486.8,""angle_rad"":1.091,""angle_deg"":62.5},{""word"":""shoulder"",""x"":552.2,""y"":317.3,""cx"":584.1,""cy"":334.8,""angle_rad"":-0.065,""angle_deg"":356.3},{""word"":""nose"",""x"":545.9,""y"":285.3,""cx"":566.1,""cy"":302.8,""angle_rad"":-0.215,""angle_deg"":347.7},{""word"":""ax"",""x"":395.7,""y"":296.3,""cx"":408.1,""cy"":313.8,""angle_rad"":-0.557,""angle_deg"":328.1},{""word"":""scenery"",""x"":168.6,""y"":113.3,""cx"":198.1,""cy"":130.8,""angle_rad"":-2.177,""angle_deg"":235.3},{""word"":""panda"",""x"":143.6,""y"":520.3,""cx"":168.1,""cy"":537.8,""angle_rad"":2.34,""angle_deg"":134.1},{""word"":""fraud"",""x"":77.1,""y"":403.3,""cx"":98.1,""cy"":420.8,""angle_rad"":2.868,""angle_deg"":164.3},{""word"":""table"",""x"":343.9,""y"":441.3,""cx"":364.1,""cy"":458.8,""angle_rad"":1.442,""angle_deg"":82.6}],""n_words"":89,""words"":[""proud"",""refrigerator"",""rabbit"",""agreement"",""lips"",""scissors"",""giraffe"",""system"",""fault"",""friendship"",""method"",""ant"",""depressed"",""sofa"",""violence"",""chopsticks"",""concept"",""sparrow"",""chair"",""business"",""magic power"",""result"",""hostility"",""dispute"",""relationship"",""pencil"",""anger"",""team"",""washing machine"",""thigh"",""charity"",""finger"",""characteristic"",""cat"",""eye"",""bed"",""computer mouse"",""microwave"",""reason"",""hammer"",""spoon"",""fate"",""arm"",""rat"",""excited"",""ear"",""society"",""toothbrush"",""process"",""splendor"",""air conditioner"",""tortoise"",""status"",""trauma"",""death"",""happy"",""identity"",""marriage"",""error"",""ankle"",""tiger"",""apathy"",""disease"",""broom"",""sad"",""key"",""heaven"",""obligation"",""data"",""loving heart"",""content"",""phenomenon"",""cabinet"",""miracle"",""fear"",""knee"",""comfortable"",""debt"",""elephant"",""effect"",""discipline"",""television"",""shoulder"",""nose"",""ax"",""scenery"",""panda"",""fraud"",""table""],""distance_matrix"":[[0,0.5121164648037456,0.4725041573446081,0.6865068642662463,0.6789243205232225,0.34787338071816476,0.4760223682047579,0.8673112846558408,0.330831331217485,0.05288928643084285,0.689315965186515,0.4674384073727638,0.2019376097552014,0.5867952222685214,0.4511671967143435,0.3454294686825525,0.6404124473937423,0.5123679209365621,0.484451616140087,0.8746670139984298,0.6208661478748526,0.6683844954147121,0.5076638160173019,0.7687899429996223,0.2782039869667666,0.5332905643578449,0.713601834996321,0.21871779572187885,0.5723265582052954,0.6848870321410814,0.41666982536388836,0.7138293381887925,0.11733264599972724,0.47024622291838114,0.7253087247031201,0.5627168362169921,0.3486183920123556,0.5743321284082217,0.7222674162800978,0.38017141340519983,0.311452869369954,0.6814703988004563,0.6229919551196501,0.5399747454987979,0.06872381081566034,0.6337312935521026,0.3138677186599106,0.8607353596120366,0.7576904962450611,0.3382572705844208,0.5255905349172076,0.45182585692049226,0.8240232093278342,0.5319178366433231,0.39788311540186616,0.01905019373467088,0.3501001885711715,0.2842940979412748,0.5438812766604693,0.6485765391318078,0.48442036371483055,0.6587657131310168,0.40625119195973314,0.46108675575692437,0.13834094142570663,0.16951218807890078,0.7057247629836534,0.20277212620742294,0.7156680612678022,0.29204614019572983,0.30726375161546476,0.6031281247466496,0.5891024370190493,0.6236035273673837,0.15260138437120627,0.6224326913593238,0.3467800385061823,0.8457025884531767,0.5466260801862923,0.8388483950735036,0.7802435664387116,0.5932403776642413,0.6990109916250996,0.6590330642241755,0.42013732333786635,0.1465381033720369,0.5029892203429399,0.32926876944470973,0.4983880077170739],[0.5121164648037456,0,0.3727708444855037,0.3171490265062499,0.2618136301071015,0.22909034001482928,0.43450405542668963,0.39585611012355976,0.5161057190084418,0.45136266047866513,0.24980804607135,0.26838923311121876,0.3954526662934926,0.109424145972169,0.6092262791585951,0.16852079217684707,0.19474053897445226,0.3131539510026429,0.05545600254031782,0.3653404773403716,0.4340633358689468,0.17674728408379456,0.5974432708616718,0.2713416828136792,0.6199121108619553,0.03651522582212399,0.2233119038155836,0.40243854756163694,0.054339600758111,0.31286240605434423,0.14088266146933312,0.31247860115630555,0.5852362417693375,0.31375617221599506,0.31512790070388746,0.11454423989753129,0.26006926754331183,0.053990484904714614,0.3417682694598894,0.1715784772701483,0.20904400410595936,0.46632847521527215,0.23030345861358759,0.3720933800235102,0.4528538259313424,0.22171635513308688,0.27148843938695616,0.3516044094691044,0.31049227396378426,0.5327177783929598,0.017753809415209872,0.30500283311360066,0.5050456869042262,0.5737768210319897,0.37465533816149926,0.4864710087930364,0.3590540957300922,0.6280717771503338,0.31426578395378946,0.27873285775541007,0.3697143912382032,0.4641795589624961,0.36217425033569967,0.05246855640220484,0.4172642784541309,0.4200744194952737,0.5133134921662771,0.3043714430705248,0.272696633595514,0.6226950986265862,0.4228037411664087,0.4531181085194848,0.06874046487792042,0.47204487062182776,0.4511113346505488,0.2661540904683399,0.4774404827417114,0.33376253028311453,0.364050336471922,0.4451084811963954,0.33295125150244836,0.08652195919079722,0.31633180869111904,0.32019841826137113,0.17757752447458103,0.5742902784434983,0.4089325317336959,0.483724483823926,0.07212961351689734],[0.4725041573446081,0.3727708444855037,0,0.2725458935384964,0.6429021794030281,0.4680611026733392,0.05593708196409328,0.7591784238340872,0.22846248191462484,0.42583820258057953,0.33523742865406286,0.09736269132301997,0.2623641422754038,0.4899009043252823,0.8156693260718538,0.3775063981816342,0.3175273304144661,0.07628135568610891,0.41119314901241716,0.6917839296849435,0.7737215612214429,0.3862222335623504,0.837483939745982,0.6253828825557439,0.7211230143679527,0.3481320076453986,0.5886511662846793,0.5374105109724493,0.3892647563006201,0.6917124372188419,0.23607937080610808,0.6935140210090176,0.4574612551703628,0.05200236450965581,0.6961913648242598,0.30047705000392727,0.5005034278597676,0.402388556414722,0.304453513791972,0.4346286530996918,0.39509971961382745,0.8183500148677793,0.6085838127383173,0.06405176818802705,0.467198276862078,0.6020000160830756,0.18689136530546374,0.5556455860750203,0.38645310533277755,0.7068507565339013,0.35948350890676956,0.059738743021578035,0.8824447366017637,0.834159104048693,0.6284991442927245,0.4613573352183188,0.114104780192447,0.7289556598132938,0.6536151225757657,0.6558757149636592,0.005455429102563255,0.1779568146861677,0.6236035273673837,0.3810062580038097,0.32589143580989133,0.29595565093144827,0.8618171001089842,0.3815069649941212,0.35436068796622755,0.7312549272642619,0.6123583424708626,0.7813315600816351,0.41116561657762707,0.8029448040071189,0.31941229995850434,0.6399375056628018,0.6749071225968014,0.6581421187009268,0.07476614787091203,0.8259298010863432,0.40263532858965906,0.3746017199405943,0.6963880679060233,0.6939435936152915,0.47705990377485236,0.61208535772923,0.03270713076715799,0.19935834147784143,0.2951447942951884],[0.6865068642662463,0.3171490265062499,0.2725458935384964,0,0.5415243509047979,0.5278044885816489,0.3249108440344605,0.5894395930591753,0.5076066088466317,0.6292483603255961,0.09485587847644202,0.2174253791533369,0.49337897624338634,0.3993495399729852,0.9143579890145553,0.44098873059336774,0.12671520459857705,0.19257394035664718,0.38000621195673273,0.4876704184750152,0.7570150384986422,0.19321808781407313,0.91264284211173,0.4584339523863569,0.8806001847995315,0.2727870844828823,0.44329632897198096,0.6678608781554087,0.2854671049447893,0.6052568236243226,0.2859733746206783,0.589853798373562,0.7057517213586112,0.23410230948550184,0.5864695130269627,0.1942786707476357,0.5624133631172277,0.29961559117428116,0.02749745074941728,0.4741880146092258,0.4771709367910179,0.7844069091568984,0.5306145059775907,0.21092511623678714,0.6555239714215848,0.5148488534177107,0.3645153014682966,0.29937795438305137,0.11470080936243499,0.8233090394481668,0.29165281462673814,0.2469886795990933,0.7926911077682494,0.8935453239718499,0.6882629587000577,0.6679064261861645,0.3642398367030968,0.8889116196713296,0.6387922570382821,0.5784517522395135,0.25960984980425006,0.2110596998559154,0.6775916106836135,0.36534391176102843,0.547723438991169,0.5282758397059175,0.8321688830189178,0.5255905349172075,0.09787145457769071,0.88709470782459,0.7149231964034157,0.7778655746762229,0.29804043098014066,0.7962989917049313,0.5580253202770807,0.5731128421603972,0.775275677855993,0.456512502440922,0.19730283825675873,0.7025112218952024,0.12595279109918664,0.24905624305588658,0.6030420669434412,0.6241800168119829,0.4952886848285399,0.7992077022400612,0.2782630573106681,0.4768404066595691,0.25285258364711255],[0.6789243205232225,0.2618136301071015,0.6429021794030281,0.5415243509047979,0,0.3234287195705507,0.7044007529106622,0.18783571811787042,0.7694515285008756,0.6250336360521249,0.44707407632465906,0.5384160537189366,0.6250153996945357,0.145757172199747,0.5774010096724607,0.3422078751121567,0.4065173216445961,0.5813838713646763,0.23214101480312535,0.2534758702281043,0.26619616680382846,0.3454149574151735,0.5328316204770988,0.1522485997524416,0.6770083859077881,0.2908311963473234,0.11652322427695741,0.4925136444361236,0.25799564671744685,0.05920875202870433,0.4056254237485942,0.04256356548362167,0.7800710410113736,0.5838487213690247,0.045718859719681544,0.3585822100814837,0.32935238994936483,0.2432823970766655,0.5551720771514396,0.29358881601326664,0.36597530881640405,0.2658593753238056,0.04831596949546834,0.6396761393331563,0.6054220331747333,0.03838212825313023,0.5226403498552247,0.4086156212534456,0.48238730191886386,0.5490005763219177,0.2768310110779519,0.5750827147130182,0.2433282975612859,0.49070390749553755,0.36198022748977154,0.6515490751800441,0.6203784816676475,0.6838643691112062,0.1966464838961502,0.05232061133808346,0.6398048556218764,0.7223095726005268,0.3459985664824815,0.26453627284907916,0.627652194431948,0.6414797970815278,0.31215440824988167,0.47506756776253645,0.45970409306840393,0.6736606558900432,0.45867471475938704,0.30166747926789633,0.2401257767700121,0.3110673706819138,0.6689285521215335,0.0712152219859825,0.4872743903891894,0.2415267941716751,0.6307602221742566,0.17624734727418842,0.49864627315028587,0.2881283621047793,0.053515014723558824,0.09292237691724407,0.25056262298227494,0.6844592535805493,0.678952330141439,0.7386533312962524,0.3406852184666682],[0.34787338071816476,0.22909034001482928,0.4680611026733392,0.5278044885816489,0.3234287195705507,0,0.5140141766565008,0.5150058201645783,0.5030996426330684,0.2961411680998242,0.47938102609513655,0.38910656381734415,0.3342049172975288,0.25424434478867847,0.37862568491790227,0.08481530367770317,0.42321730087684073,0.44621658602390624,0.17345194357265833,0.5392604075915474,0.3148063658014045,0.41411963836407584,0.3787848452429581,0.42899486040771334,0.38715273252193666,0.2694363552359871,0.3731242653960142,0.1750755284157028,0.28909646427560054,0.32974740689038534,0.24783173588532362,0.3576576531924106,0.45455371714318643,0.42401651947913993,0.3691164511354467,0.3362556734990856,0.026663806848233374,0.28363111154490833,0.557932407964865,0.049192800700645314,0.06698872076351042,0.3689123912943649,0.2671621488197035,0.5013501590209735,0.27371315924697764,0.2790366997000317,0.28465788196571973,0.5826425551607831,0.5438812766604691,0.29561805688717746,0.2530834219823515,0.4072066081122862,0.4838157600722257,0.36570435043491634,0.15681269681577203,0.3205380957178754,0.39049907844192705,0.3951251675370815,0.20810324643180442,0.29283977279395745,0.47198342108338265,0.6178975677882949,0.14933859166894023,0.16857883665186787,0.3175706496955098,0.34012217476737894,0.40579589986211223,0.15361099262178066,0.504064822605824,0.3886316081180067,0.1855522774678675,0.3138199177705732,0.2966128843329939,0.33603586829285004,0.36211536128539273,0.26693379266127765,0.24201427263730776,0.5139158916862566,0.49899042253976494,0.48447505415836567,0.566848254731844,0.32389645665685757,0.34339206585958854,0.30686091480621314,0.06729481114335184,0.3626138903784665,0.5090944199287959,0.47816117977098865,0.269000739216551],[0.4760223682047579,0.43450405542668963,0.05593708196409328,0.3249108440344605,0.7044007529106622,0.5140141766565008,0,0.8232303352857151,0.19172254265185965,0.43529740442577214,0.3948292362264341,0.1610481086876392,0.2678879029744472,0.5519997812096752,0.8471619493691853,0.4259800612673036,0.38001282136400066,0.13759529781173013,0.4703213015161479,0.7558823512591514,0.8258528826326681,0.44962570473635877,0.8737276236610941,0.6895436803690362,0.7383516011819573,0.4112824946128636,0.6524411416807835,0.5663996067308247,0.4529178240296827,0.7518194029506235,0.29403904899048505,0.7548522468670383,0.44417637020116163,0.11607012355839644,0.7579049090979572,0.3647355268323306,0.5451695981156556,0.4658929761286183,0.3546259716018162,0.4848342976179529,0.439561217847123,0.8722539944586267,0.6686935429351971,0.10597315832163277,0.4808864732571529,0.6628451085162734,0.2236662092450006,0.6158284323349382,0.44272195879710424,0.7357717884293805,0.4221215424602394,0.1215116981754256,0.9417344952516119,0.8735311850282766,0.6707301070109617,0.46831964584826946,0.1282272619364375,0.745921325553152,0.7068435787807963,0.7155333329965564,0.06405176818802705,0.1883649240940956,0.6669625754591357,0.43948384790544,0.3318929425283833,0.2983795429501859,0.9148543963448521,0.4124637933019711,0.4126802749571079,0.7493894685923261,0.6462417282152539,0.8315961081503974,0.4749082509413701,0.8534409088555618,0.3169320916389193,0.6988386104280526,0.7080932167704598,0.7222516070327994,0.11944930375113527,0.8879313170271865,0.4576017488384487,0.4387811753820601,0.7569865321394785,0.7526344026458945,0.5291361241012106,0.6224469333144506,0.03879245826329806,0.16801936555624405,0.357860975627519],[0.8673112846558408,0.39585611012355976,0.7591784238340872,0.5894395930591753,0.18783571811787042,0.5150058201645783,0.8232303352857151,0,0.920287689459673,0.8113297363659654,0.4863646574086676,0.6539388136043291,0.7919858597702989,0.2858730628090419,0.7617574650044394,0.5200818569830646,0.46502890943017544,0.6855402275979559,0.39102966022283747,0.1264012318206789,0.42292279179785364,0.3911838789742018,0.7100252343066421,0.12661642953917432,0.8723971115053284,0.4073178067716302,0.1647061404469553,0.6879920861923284,0.3632810089569935,0.2161083672586674,0.5445060812751245,0.17367066869604755,0.9624063548861604,0.6988749046981908,0.15861357681184607,0.4516752297442106,0.5237244662064531,0.35134403341221143,0.591497061902813,0.4788808107161978,0.5492008718105614,0.39945340841189997,0.2438580971053722,0.7392818664388456,0.7955953124169164,0.22857626923424718,0.6749972762652714,0.3553500928703741,0.4957013315751759,0.742108890291753,0.4002551378125745,0.6945372507687959,0.286430886183922,0.6638940218151294,0.5558480718547235,0.839988303144606,0.762275568194534,0.8791422912549575,0.3842886644201519,0.23771217857445187,0.7531486011611376,0.7976487795822174,0.539974745498798,0.4215576896313826,0.8031330260525366,0.8125657066950741,0.43657997370586316,0.6592791633462327,0.4887456054856725,0.8686820135633547,0.6543746742661823,0.46210812826187864,0.3409498661441076,0.46500450849396907,0.8418832442483786,0.2624257678538019,0.6806811149761892,0.14259304366095937,0.7281040001564792,0.15866738000802183,0.5043452610411402,0.37657728555755066,0.19919143469518225,0.25784140252638743,0.44021403183909835,0.8799300454270099,0.7900464303818111,0.8878697440119729,0.46187346363278836],[0.330831331217485,0.5161057190084418,0.22846248191462484,0.5076066088466317,0.7694515285008756,0.5030996426330684,0.19172254265185965,0.920287689459673,0,0.30992017053258347,0.5592024004777894,0.297621255764251,0.16694632542962862,0.629334906496419,0.7629464189384481,0.4353234392694812,0.5307835458338668,0.30698711097127174,0.5297470450811688,0.8771169394109473,0.8259636429593419,0.5902291253593838,0.8050838513753479,0.7935382030486378,0.6148728610410666,0.5087580129562854,0.7475869334723546,0.48786443444158445,0.5544770287852491,0.8034492673137414,0.36792795273158696,0.8167339363155673,0.26419743003859875,0.26760899266066507,0.8232025555674627,0.4885777608707855,0.5261646920616282,0.5643797026099702,0.5404403204350494,0.4953396471638177,0.43049532639421995,0.8802507286019797,0.7234942245112536,0.2980781286218023,0.36269691343597366,0.7237747498428185,0.2388154952562742,0.7742842192222961,0.6164285297873454,0.6472682685292583,0.5131191006774686,0.25875592168351896,0.9817816359076464,0.8164352370845642,0.6333074113498472,0.33271802797068856,0.15452768524605898,0.6214553319172651,0.7173535910721904,0.7650351357104543,0.24203477722248157,0.3872195417057161,0.6343066856177852,0.49745005567259676,0.21323088191012096,0.17758442756705498,0.9169427790258726,0.3573770229624989,0.5810246869055656,0.6280052272031897,0.5790157496485012,0.8222296800630138,0.5767038534440465,0.8444649836866946,0.17697597101568427,0.743542312423995,0.6351329102885366,0.8437769834647285,0.31024663709985645,0.9526576932703127,0.6342747329082911,0.5531643517463004,0.8123968484351276,0.7938166149676378,0.544568755014752,0.485614360276535,0.2358482245623665,0.025126261412667994,0.4552601654897875],[0.05288928643084285,0.45136266047866513,0.42583820258057953,0.6292483603255961,0.6250336360521249,0.2961411680998242,0.43529740442577214,0.8113297363659654,0.30992017053258347,0,0.6294013176851222,0.4128753180007851,0.1591891403282433,0.5282160465132782,0.4493425814251749,0.28656582530978836,0.5800199851003751,0.4599754714174848,0.4250571497898707,0.815477737055166,0.5839245669144681,0.6072593443233549,0.49864121038678083,0.710349607241932,0.29944555362170966,0.4721330503338051,0.6554099046603591,0.19110574133791638,0.5113514885558272,0.6342048308165309,0.35604812187118956,0.6615685359101903,0.1519141004595601,0.4187573083813767,0.6725947476826517,0.5017805450349252,0.3006224698860073,0.5135225666954524,0.6649241455911357,0.3243211014697825,0.25406833292850894,0.6438533023089384,0.5695794637078797,0.49105610027593416,0.045025792376359536,0.5793565087545789,0.2577594239325728,0.7995302458246896,0.6979070248958004,0.3338600545137552,0.4645596487003608,0.39996292476337614,0.7801328940903565,0.5174523391684982,0.3646942444802561,0.030389870344938185,0.3043427132286533,0.3065024049217098,0.49962496832617903,0.5972631699276504,0.4371248117020504,0.6118122528198174,0.3712287889345132,0.4010364878055982,0.09580916774022447,0.13150542038825364,0.671036198472148,0.1442842579434139,0.6558042217479049,0.31184992876038237,0.2840088907593033,0.5691751613849679,0.5282925806059354,0.5903148813443061,0.12465630697177271,0.571399762272034,0.3315948174431064,0.7862099025237407,0.49686866697677307,0.7888367205534005,0.7205633183464882,0.532050846688963,0.647831789982114,0.6102105132077719,0.36624949730928347,0.17886397562234252,0.45858402082609173,0.3026264465072993,0.4372256345135382],[0.689315965186515,0.24980804607135,0.33523742865406286,0.09485587847644202,0.44707407632465906,0.47938102609513655,0.3948292362264341,0.4863646574086676,0.5592024004777894,0.6294013176851222,0,0.25388730873292975,0.513274127588664,0.3126545687018684,0.8648088605721201,0.40096751293899935,0.047838159909754756,0.25064192423016257,0.3134093347146988,0.3854375606731917,0.6768727799643955,0.09373035848173736,0.8554222315043765,0.35594952713048367,0.8541295476306477,0.20545676620444017,0.34332273264464686,0.6368836330003986,0.20499156954128156,0.5124122829436611,0.2668451954084113,0.4940487109242903,0.7262405003644401,0.28475423094162006,0.48967418214795433,0.13515637593290547,0.5125970839751866,0.2176640112546011,0.10042677217559969,0.4228245773999033,0.4403542055840693,0.6995931480775767,0.44144834413225664,0.2861477485550723,0.6479882378509384,0.42407291400922725,0.37608017290128637,0.21276700892965,0.06048879266724836,0.7820463149494521,0.2237934056593114,0.29215293318066826,0.696701222478195,0.8317916592032518,0.6320601337644236,0.6679140172263579,0.40326876081661367,0.8624436875259041,0.5621457233278229,0.48808681275705884,0.32402004565494347,0.3103714926080143,0.6199292493094161,0.3058821970944388,0.5601852012418242,0.5467463178460378,0.7475869334723545,0.5075568583242431,0.018192979950876056,0.8590281057918081,0.6720838011855518,0.70068724939025,0.21276700892964992,0.7179281126020072,0.5781520447727723,0.4852816843219017,0.7297194005359368,0.35391811684921465,0.2727012002138253,0.602506557184299,0.0836087744429095,0.16595506082825695,0.5088984427644472,0.5344205379082378,0.4352511164861891,0.7863213434870354,0.35072622386367447,0.5266470835852808,0.204485619730813],[0.4674384073727638,0.26838923311121876,0.09736269132301997,0.2174253791533369,0.5384160537189366,0.38910656381734415,0.1610481086876392,0.6539388136043291,0.297621255764251,0.4128753180007851,0.25388730873292975,0,0.26836604343571124,0.38496796331372746,0.756478269971527,0.2961200922966223,0.22551750568723472,0.0491034854169023,0.31026677839459504,0.5898001610066596,0.6815987581460244,0.2889972061426255,0.770287629893012,0.5204717835249022,0.6868839312982273,0.24252131967324447,0.4830772407285657,0.4868313959318892,0.2836091325996538,0.5886855608213357,0.1401152053258019,0.5891496932766985,0.4800988597584139,0.03726986546896327,0.591471387101373,0.19674663546444324,0.4232054054165539,0.29670124991334057,0.25294592583088543,0.34869388600896173,0.32076045291268507,0.7234328452596087,0.5056727573554513,0.10478809215479491,0.44527543533398095,0.498238558778283,0.14759520991486175,0.468613030171275,0.31394737105321413,0.6532175607619788,0.25420035288686516,0.03360430942251037,0.780173584259388,0.7618907724312978,0.5534659679751326,0.45101355969181084,0.14182578271205432,0.6950337109812177,0.5603793010014894,0.5534408394745909,0.09312497558757284,0.22139256365989365,0.5467278214398588,0.2813319386253599,0.3249069928963934,0.3034219603263005,0.76803618940138,0.3329775731791367,0.27661941163826137,0.6953456445145386,0.5517729921037002,0.6920331796486893,0.30555527969087065,0.7131910812834923,0.3326766329416172,0.5384982008947797,0.6145379133091254,0.5561186977753826,0.10157713251497352,0.7209188871136355,0.33333835157193165,0.26987396469296815,0.5927964831739305,0.5926683757581465,0.387177361407112,0.5914200342011214,0.13221945887476594,0.26478543018142503,0.18987285517735522],[0.2019376097552014,0.3954526662934926,0.2623641422754038,0.49337897624338634,0.6250153996945357,0.3342049172975288,0.2678879029744472,0.7919858597702989,0.16694632542962862,0.1591891403282433,0.513274127588664,0.26836604343571124,0,0.4978431930737852,0.5941612673703762,0.27749181090321706,0.4710928561041647,0.307446689369894,0.3928027954631368,0.7687235371165134,0.6551004723619162,0.5143015540940121,0.6325729525330509,0.6739203079321879,0.46479463561806583,0.4010503127328619,0.6231017160012803,0.31540947729544905,0.4458550531415673,0.6511599977390771,0.2623309534598088,0.6693566656894684,0.20511185700819518,0.2642445167292364,0.6775167676360613,0.4060561280290018,0.3546259716018162,0.4525002850957925,0.5290955305400011,0.3344783115614859,0.26503436041682354,0.710816218097096,0.5748340937256475,0.33071401036686504,0.2065201901571555,0.5784058216137722,0.13034420704098312,0.7078692671103748,0.5791927069296271,0.4791520438115112,0.39984975387194155,0.24668691262704598,0.8216407686460172,0.6421785537439458,0.45825407609611657,0.1923438433952722,0.1399335408930562,0.4721330236232256,0.550417214871092,0.6125919386067916,0.2744493302790604,0.44856800314835393,0.45958342994725776,0.36211536128539273,0.055837154537299476,0.026810209220620447,0.7458872952547734,0.1826444689595583,0.5386249180496182,0.4765122981329007,0.40516323533826465,0.6495370151073531,0.46650959005920034,0.6717159084552049,0.056730976048584396,0.5893343864320812,0.46265613264043487,0.7366766976947279,0.33799797654444697,0.8041208712785574,0.6004926195904742,0.45543176676803016,0.6617754023294167,0.6369154565157893,0.38364420448058617,0.3462556292510306,0.2928823819791177,0.1491757147669911,0.35377637984909843],[0.5867952222685214,0.109424145972169,0.4899009043252823,0.3993495399729852,0.145757172199747,0.25424434478867847,0.5519997812096752,0.2858730628090419,0.629334906496419,0.5282160465132782,0.3126545687018684,0.38496796331372746,0.4978431930737852,0,0.5955038393572947,0.23333350955859117,0.26543780332356137,0.42731068578430986,0.09756891376039002,0.28037780665777323,0.35746825140227373,0.2161541072244124,0.5691529387680183,0.17382439501097868,0.646109199023604,0.13682999978528412,0.11936892914901204,0.4376171867776507,0.10724604387851326,0.20213282949628233,0.2572138641701771,0.1966464838961502,0.6736794732139958,0.43049532639421995,0.19826171924902214,0.20721197516247797,0.275183589751236,0.09255412976466676,0.41727633996712127,0.20484111475618152,0.26760899266066507,0.37863563435610426,0.1233957807573321,0.4855987710966098,0.5196834031149387,0.1098375735977092,0.3826640351530717,0.33855336929533925,0.35948350890676944,0.5382352864721649,0.12281969873361741,0.4223331694347