"trial_id","rt","stimulus","response","trial_type","trial_index","plugin_version","time_elapsed","language","participant_number","success","raw_payload","placements","dissimilarity_vector","n_words","trial_category","distance_matrix","value"
"consent_form","7186","
    <div style=""max-width:800px; margin:0 auto; text-align:left; font-size: 16px; padding: 10px 0;"">
      <h1>Informed Consent Form</h1>
      <p>You are being invited to participate in a research study titled <strong>""Reproducibility of Psychological Science and Instruction.""</strong> This study is being done by Dr. Bria Long from UC San Diego and associated graduate students in the Experimental Methods course. You were selected to participate in this study because you are an adult in the U.S. and have been a represented population in previous psychology studies.</p>
      
      <p>The purpose of this study is to better understand how well previously published studies in the psychological field replicate online and with different populations. Your participation in this research should last approximately <strong>5-30 minutes</strong>. If you agree to take part in this study, you may be asked to view a set of stimuli, including pictures, sounds, written text, or videos and then giving some responses via key-presses, verbally, or with paper-and-pencil. We may also observe your choices or preferences among an array of stimuli. These stimuli will be taken directly from or closely adapted from studies that already exist in the published psychological literature. Stimuli will include, e.g., pictures of objects and human faces, audio and video clips, short text passages, etc. None of the stimuli will be disturbing, threatening, or offensive. The online and in-person experiments described in this protocol will take no more than 30 minutes. An example game you might play would be to click on an image on the screen that matches a word you hear being said out loud. Your total expected time commitment for this study is between 5-30 minutes, and is specified in the study description.</p>
      
      <p>Your participation in this study is completely voluntary and you can withdraw at any time. Choosing not to participate or withdrawing will result in no penalty or loss of benefits to which you are entitled. You are free to skip any question that you choose.</p>
      
      <p>We will not be asking for any personally identifying information, and we will handle responses as confidentially as possible. Your SONA or Prolific IDs will never be tied to your responses on this survey. However, we cannot guarantee the confidentiality of information transmitted over the Internet. To minimize this risk, data containing anything that might be personally identifying (e.g. Prolific IDs or IP addresses) will be encrypted on transfer and storage and will only be accessible to qualified lab personnel. We will be keeping data collected as part of this experiment indefinitely. This anonymized data (containing neither Prolific IDs nor IP addresses) may be shared with the scientific community or with other participants to be used as stimuli in future studies.</p>
      
      <p>If you have questions about this project or if you have a research-related problem, you may contact the researcher(s), <strong>Dr. Bria Long, <a href=""mailto:brlong@ucsd.edu"">brlong@ucsd.edu</a></strong>. If you have any questions concerning your rights as a research subject, you may contact the UC San Diego Office of IRB Administration at <a href=""mailto:irb@ucsd.edu"">irb@ucsd.edu</a> or 858-246-4777.</p>
      
      <h3 style=""margin-top: 25px;"">Consent Statement</h3>
      <p style=""font-weight: bold;"">By participating in this research you are indicating that you are at least 18 years old, have read this consent form, and agree to participate in this research study. Please keep this consent form for your records.</p>
    </div>
  ","0","html-button-response","0","2.1.0","7190","en","8cjomp4802_5a1uod","","","","","","","",""
"","13660","
    <div style=""display:flex; align-items:center; justify-content:center; height:100vh; font-family:sans-serif;"">
      <div style=""max-width:900px; margin:0 auto; text-align:center;"">
        <h1 style= ""font-size: 24px;"">Welcome! Thank you for participating in the study.</h1>
        <p style=""font-size:18px; line-height:1.6;"">
          In this task, you will be presented with <strong>90 words</strong> arranged <strong>outside a circle</strong>.<br>
          Your job is to <strong>drag these words into the circle</strong> and <strong>rearrange them</strong> based on their <strong>meaning similarity</strong>.<br><br>
          Words that are <strong>similar in meaning</strong> should be placed <strong>closer together</strong>.<br>
          Words that are <strong>different in meaning</strong> should be placed <strong>farther apart</strong>.<br><br>
          You can place the words <strong>anywhere inside the circle</strong>. There is no single correct answer — 
          we are interested in <strong>your personal judgment</strong> of how these words relate to each other.<br><br>
          <strong>You must move all words into the circle before you can finish.</strong><br>
          After the initial arrangement, you will arrange words from specific categories.
        </p>
        <p style=""font-size:16px; margin-top:30px;""><em>Press any key to continue.</em></p>
      </div>
    </div>
  "," ","html-keyboard-response","1","2.1.0","20852","en","8cjomp4802_5a1uod","","","","","","","",""
"","2432","<p style='font-size:20px;'>Which is your first language or primary language of use?</p>","1","html-button-response","2","2.1.0","23286","en","8cjomp4802_5a1uod","","","","","","","",""
"","1182","","","fullscreen","3","2.1.0","25472","en","8cjomp4802_5a1uod","true","{""placements"":[{""word"":""proud"",""x"":151,""y"":155.5,""cx"":173.9,""cy"":172.5,""angle_rad"":-2.352,""angle_deg"":225.2},{""word"":""refrigerator"",""x"":531.8,""y"":325.5,""cx"":571,""cy"":342.5,""angle_rad"":-0.034,""angle_deg"":358.1},{""word"":""rabbit"",""x"":138.5,""y"":488.5,""cx"":161,""cy"":505.5,""angle_rad"":2.453,""angle_deg"":140.6},{""word"":""agreement"",""x"":375.5,""y"":50.5,""cx"":414,""cy"":67.5,""angle_rad"":-1.348,""angle_deg"":282.8},{""word"":""lips"",""x"":311.5,""y"":594.5,""cx"":327,""cy"":611.5,""angle_rad"":1.658,""angle_deg"":95},{""word"":""scissors"",""x"":324.8,""y"":56.5,""cx"":355,""cy"":73.5,""angle_rad"":-1.553,""angle_deg"":271},{""word"":""giraffe"",""x"":101.8,""y"":476.5,""cx"":126.1,""cy"":493.5,""angle_rad"":2.572,""angle_deg"":147.3},{""word"":""system"",""x"":356.8,""y"":136.5,""cx"":383.9,""cy"":153.5,""angle_rad"":-1.4,""angle_deg"":279.8},{""word"":""fault"",""x"":206.8,""y"":90.5,""cx"":225,""cy"":107.5,""angle_rad"":-2.047,""angle_deg"":242.7},{""word"":""friendship"",""x"":148.8,""y"":335.5,""cx"":184.1,""cy"":352.5,""angle_rad"":3.127,""angle_deg"":179.1},{""word"":""method"",""x"":324.8,""y"":117.5,""cx"":353.1,""cy"":134.5,""angle_rad"":-1.556,""angle_deg"":270.8},{""word"":""ant"",""x"":108.3,""y"":479.5,""cx"":123,""cy"":496.5,""angle_rad"":2.569,""angle_deg"":147.2},{""word"":""depressed"",""x"":405.3,""y"":149.5,""cx"":442.9,""cy"":166.5,""angle_rad"":-1.102,""angle_deg"":296.9},{""word"":""sofa"",""x"":569.8,""y"":287.5,""cx"":588,""cy"":304.5,""angle_rad"":-0.189,""angle_deg"":349.2},{""word"":""violence"",""x"":281.3,""y"":37.5,""cx"":311.9,""cy"":54.5,""angle_rad"":-1.699,""angle_deg"":262.7},{""word"":""chopsticks"",""x"":492.3,""y"":322.5,""cx"":529.9,""cy"":339.5,""angle_rad"":-0.058,""angle_deg"":356.7},{""word"":""concept"",""x"":228.5,""y"":94.5,""cx"":258,""cy"":111.5,""angle_rad"":-1.939,""angle_deg"":248.9},{""word"":""sparrow"",""x"":311,""y"":99.5,""cx"":340.9,""cy"":116.5,""angle_rad"":-1.61,""angle_deg"":267.8},{""word"":""chair"",""x"":543.8,""y"":346.5,""cx"":563.9,""cy"":363.5,""angle_rad"":0.063,""angle_deg"":3.6},{""word"":""business"",""x"":183.3,""y"":105.5,""cx"":215.9,""cy"":122.5,""angle_rad"":-2.103,""angle_deg"":239.5},{""word"":""magic power"",""x"":360.3,""y"":190.5,""cx"":404.9,""cy"":207.5,""angle_rad"":-1.203,""angle_deg"":291.1},{""word"":""result"",""x"":227,""y"":217.5,""cx"":249.1,""cy"":234.5,""angle_rad"":-2.289,""angle_deg"":228.9},{""word"":""hostility"",""x"":140.8,""y"":349.5,""cx"":169.1,""cy"":366.5,""angle_rad"":3.051,""angle_deg"":174.8},{""word"":""dispute"",""x"":23.5,""y"":308.5,""cx"":51.1,""cy"":325.5,""angle_rad"":-3.06,""angle_deg"":184.7},{""word"":""relationship"",""x"":359.3,""y"":39.5,""cx"":400.1,""cy"":56.5,""angle_rad"":-1.402,""angle_deg"":279.7},{""word"":""pencil"",""x"":519.8,""y"":332.5,""cx"":543,""cy"":349.5,""angle_rad"":-0.003,""angle_deg"":359.9},{""word"":""anger"",""x"":374,""y"":88.5,""cx"":396.9,""cy"":105.5,""angle_rad"":-1.381,""angle_deg"":280.9},{""word"":""team"",""x"":398.5,""y"":201.5,""cx"":419.1,""cy"":218.5,""angle_rad"":-1.087,""angle_deg"":297.7},{""word"":""washing machine"",""x"":487,""y"":323.5,""cx"":546.1,""cy"":340.5,""angle_rad"":-0.048,""angle_deg"":357.2},{""word"":""thigh"",""x"":290.8,""y"":589.5,""cx"":310.9,""cy"":606.5,""angle_rad"":1.722,""angle_deg"":98.7},{""word"":""charity"",""x"":437.5,""y"":248.5,""cx"":463.1,""cy"":265.5,""angle_rad"":-0.642,""angle_deg"":323.2},{""word"":""finger"",""x"":291.5,""y"":612.5,""cx"":314,""cy"":629.5,""angle_rad"":1.699,""angle_deg"":97.3},{""word"":""characteristic"",""x"":55.8,""y"":216.5,""cx"":102,""cy"":233.5,""angle_rad"":-2.702,""angle_deg"":205.2},{""word"":""cat"",""x"":86.8,""y"":474.5,""cx"":101.1,""cy"":491.5,""angle_rad"":2.625,""angle_deg"":150.4},{""word"":""eye"",""x"":314.8,""y"":596.5,""cx"":331,""cy"":613.5,""angle_rad"":1.643,""angle_deg"":94.1},{""word"":""bed"",""x"":507.3,""y"":302.5,""cx"":523.9,""cy"":319.5,""angle_rad"":-0.174,""angle_deg"":350.1},{""word"":""computer mouse"",""x"":475.8,""y"":309.5,""cx"":532.9,""cy"":326.5,""angle_rad"":-0.128,""angle_deg"":352.7},{""word"":""microwave"",""x"":520.5,""y"":341.5,""cx"":559,""cy"":358.5,""angle_rad"":0.041,""angle_deg"":2.3},{""word"":""reason"",""x"":68.5,""y"":296.5,""cx"":94.9,""cy"":313.5,""angle_rad"":-2.999,""angle_deg"":188.1},{""word"":""hammer"",""x"":575.3,""y"":303.5,""cx"":605.9,""cy"":320.5,""angle_rad"":-0.115,""angle_deg"":353.4},{""word"":""spoon"",""x"":559,""y"":348.5,""cx"":583.1,""cy"":365.5,""angle_rad"":0.066,""angle_deg"":3.8},{""word"":""fate"",""x"":311.3,""y"":63.5,""cx"":327.9,""cy"":80.5,""angle_rad"":-1.653,""angle_deg"":265.3},{""word"":""arm"",""x"":296,""y"":626.5,""cx"":313.1,""cy"":643.5,""angle_rad"":1.696,""angle_deg"":97.2},{""word"":""rat"",""x"":78.8,""y"":453.5,""cx"":91.9,""cy"":470.5,""angle_rad"":2.705,""angle_deg"":155},{""word"":""excited"",""x"":37.8,""y"":257.5,""cx"":64.9,""cy"":274.5,""angle_rad"":-2.883,""angle_deg"":194.8},{""word"":""ear"",""x"":345,""y"":642.5,""cx"":360.1,""cy"":659.5,""angle_rad"":1.538,""angle_deg"":88.1},{""word"":""society"",""x"":92.3,""y"":284.5,""cx"":119,""cy"":301.5,""angle_rad"":-2.935,""angle_deg"":191.9},{""word"":""toothbrush"",""x"":516,""y"":298.5,""cx"":554.1,""cy"":315.5,""angle_rad"":-0.167,""angle_deg"":350.4},{""word"":""process"",""x"":297.5,""y"":101.5,""cx"":327,""cy"":118.5,""angle_rad"":-1.67,""angle_deg"":264.3},{""word"":""splendor"",""x"":103.3,""y"":242.5,""cx"":135.1,""cy"":259.5,""angle_rad"":-2.743,""angle_deg"":202.8},{""word"":""air conditioner"",""x"":578,""y"":289.5,""cx"":627,""cy"":306.5,""angle_rad"":-0.156,""angle_deg"":351.1},{""word"":""tortoise"",""x"":96,""y"":474.5,""cx"":124,""cy"":491.5,""angle_rad"":2.582,""angle_deg"":148},{""word"":""status"",""x"":341.3,""y"":68.5,""cx"":364.9,""cy"":85.5,""angle_rad"":-1.514,""angle_deg"":273.2},{""word"":""trauma"",""x"":464.3,""y"":118.5,""cx"":491,""cy"":135.5,""angle_rad"":-0.989,""angle_deg"":303.3},{""word"":""death"",""x"":397.5,""y"":71.5,""cx"":420,""cy"":88.5,""angle_rad"":-1.309,""angle_deg"":285},{""word"":""happy"",""x"":396,""y"":30.5,""cx"":420.1,""cy"":47.5,""angle_rad"":-1.343,""angle_deg"":283},{""word"":""identity"",""x"":59.8,""y"":158.5,""cx"":86.9,""cy"":175.5,""angle_rad"":-2.556,""angle_deg"":213.6},{""word"":""marriage"",""x"":240.3,""y"":73.5,""cx"":272.9,""cy"":90.5,""angle_rad"":-1.86,""angle_deg"":253.4},{""word"":""error"",""x"":548.3,""y"":513.5,""cx"":568,""cy"":530.5,""angle_rad"":0.692,""angle_deg"":39.6},{""word"":""ankle"",""x"":319.3,""y"":591.5,""cx"":341,""cy"":608.5,""angle_rad"":1.606,""angle_deg"":92},{""word"":""tiger"",""x"":112.5,""y"":431.5,""cx"":131.1,""cy"":448.5,""angle_rad"":2.719,""angle_deg"":155.8},{""word"":""apathy"",""x"":234,""y"":44.5,""cx"":260,""cy"":61.5,""angle_rad"":-1.873,""angle_deg"":252.7},{""word"":""disease"",""x"":508.8,""y"":141.5,""cx"":537.9,""cy"":158.5,""angle_rad"":-0.795,""angle_deg"":314.5},{""word"":""broom"",""x"":570.3,""y"":346.5,""cx"":595.1,""cy"":363.5,""angle_rad"":0.055,""angle_deg"":3.2},{""word"":""sad"",""x"":318.8,""y"":67.5,""cx"":335,""cy"":84.5,""angle_rad"":-1.627,""angle_deg"":266.8},{""word"":""key"",""x"":559,""y"":326.5,""cx"":574.9,""cy"":343.5,""angle_rad"":-0.029,""angle_deg"":358.3},{""word"":""heaven"",""x"":305,""y"":18.5,""cx"":333,""cy"":35.5,""angle_rad"":-1.625,""angle_deg"":266.9},{""word"":""obligation"",""x"":19,""y"":292.5,""cx"":54,""cy"":309.5,""angle_rad"":-3.006,""angle_deg"":187.8},{""word"":""data"",""x"":542.3,""y"":531.5,""cx"":560.9,""cy"":548.5,""angle_rad"":0.755,""angle_deg"":43.3},{""word"":""loving heart"",""x"":346.8,""y"":125.5,""cx"":387.9,""cy"":142.5,""angle_rad"":-1.39,""angle_deg"":280.4},{""word"":""content"",""x"":230,""y"":257.5,""cx"":258,""cy"":274.5,""angle_rad"":-2.455,""angle_deg"":219.4},{""word"":""phenomenon"",""x"":357,""y"":117.5,""cx"":402.9,""cy"":134.5,""angle_rad"":-1.33,""angle_deg"":283.8},{""word"":""cabinet"",""x"":548.5,""y"":321.5,""cx"":576.1,""cy"":338.5,""angle_rad"":-0.051,""angle_deg"":357.1},{""word"":""miracle"",""x"":393.5,""y"":70.5,""cx"":421.1,""cy"":87.5,""angle_rad"":-1.306,""angle_deg"":285.1},{""word"":""fear"",""x"":399,""y"":36.5,""cx"":416.1,""cy"":53.5,""angle_rad"":-1.352,""angle_deg"":282.6},{""word"":""knee"",""x"":308.8,""y"":568.5,""cx"":328.9,""cy"":585.5,""angle_rad"":1.66,""angle_deg"":95.1},{""word"":""comfortable"",""x"":333.5,""y"":105.5,""cx"":375.1,""cy"":122.5,""angle_rad"":-1.461,""angle_deg"":276.3},{""word"":""debt"",""x"":363.3,""y"":48.5,""cx"":381.9,""cy"":65.5,""angle_rad"":-1.459,""angle_deg"":276.4},{""word"":""elephant"",""x"":92.3,""y"":446.5,""cx"":124.1,""cy"":463.5,""angle_rad"":2.676,""angle_deg"":153.3},{""word"":""effect"",""x"":317,""y"":43.5,""cx"":339,""cy"":60.5,""angle_rad"":-1.609,""angle_deg"":267.8},{""word"":""discipline"",""x"":325.3,""y"":49.5,""cx"":359,""cy"":66.5,""angle_rad"":-1.539,""angle_deg"":271.8},{""word"":""television"",""x"":561.8,""y"":314.5,""cx"":595.9,""cy"":331.5,""angle_rad"":-0.075,""angle_deg"":355.7},{""word"":""shoulder"",""x"":331.3,""y"":622.5,""cx"":363.1,""cy"":639.5,""angle_rad"":1.526,""angle_deg"":87.4},{""word"":""nose"",""x"":318.8,""y"":621.5,""cx"":338.9,""cy"":638.5,""angle_rad"":1.609,""angle_deg"":92.2},{""word"":""ax"",""x"":577.5,""y"":305.5,""cx"":589.9,""cy"":322.5,""angle_rad"":-0.114,""angle_deg"":353.5},{""word"":""scenery"",""x"":11.5,""y"":323.5,""cx"":41,""cy"":340.5,""angle_rad"":-3.111,""angle_deg"":181.8},{""word"":""panda"",""x"":104.5,""y"":501.5,""cx"":129,""cy"":518.5,""angle_rad"":2.49,""angle_deg"":142.7},{""word"":""fraud"",""x"":287,""y"":48.5,""cx"":308,""cy"":65.5,""angle_rad"":-1.717,""angle_deg"":261.6},{""word"":""table"",""x"":568.8,""y"":309.5,""cx"":588.9,""cy"":326.5,""angle_rad"":-0.098,""angle_deg"":354.4}],""n_words"":89,""words"":[""proud"",""refrigerator"",""rabbit"",""agreement"",""lips"",""scissors"",""giraffe"",""system"",""fault"",""friendship"",""method"",""ant"",""depressed"",""sofa"",""violence"",""chopsticks"",""concept"",""sparrow"",""chair"",""business"",""magic power"",""result"",""hostility"",""dispute"",""relationship"",""pencil"",""anger"",""team"",""washing machine"",""thigh"",""charity"",""finger"",""characteristic"",""cat"",""eye"",""bed"",""computer mouse"",""microwave"",""reason"",""hammer"",""spoon"",""fate"",""arm"",""rat"",""excited"",""ear"",""society"",""toothbrush"",""process"",""splendor"",""air conditioner"",""tortoise"",""status"",""trauma"",""death"",""happy"",""identity"",""marriage"",""error"",""ankle"",""tiger"",""apathy"",""disease"",""broom"",""sad"",""key"",""heaven"",""obligation"",""data"",""loving heart"",""content"",""phenomenon"",""cabinet"",""miracle"",""fear"",""knee"",""comfortable"",""debt"",""elephant"",""effect"",""discipline"",""television"",""shoulder"",""nose"",""ax"",""scenery"",""panda"",""fraud"",""table""],""distance_matrix"":[[0,0.6908539619843429,0.5324383247633008,0.4181802068143031,0.7437698157533523,0.32884963861201477,0.5184593141185794,0.3360144958408461,0.13030743525582428,0.28695507388759084,0.29160270634148033,0.5239710432943067,0.429432865439943,0.6951401057663105,0.2890127711286376,0.6286892171181098,0.16434985570513078,0.2802954554116692,0.6945457088389192,0.10241139724872027,0.3725714527125936,0.1540301196352815,0.3090551684957336,0.3124677034990627,0.40558849509168693,0.6545625787796088,0.3713053989313168,0.3979943767951341,0.6529787718071487,0.7280085311220017,0.48515188634249784,0.7647325772803427,0.14893787237546718,0.5227316521755647,0.7489311318641743,0.6068517784476811,0.6245370932027832,0.6839641755088656,0.2569988827271266,0.7304780876734648,0.7237089682331632,0.2855092094923335,0.7858309615094435,0.49364251789374036,0.2371924733336965,0.834367372961149,0.2226117265479719,0.6495194410552485,0.2581561445524665,0.15049431817723266,0.7559164137430097,0.5157949369762629,0.3344467685644525,0.5099725756903994,0.4149470719101613,0.4407440185567283,0.1373212713522756,0.2039201912059604,0.8520932813158194,0.7469693862340165,0.44585383183678395,0.2230645853950005,0.5822205124618828,0.7398413223095373,0.2922178271976848,0.697240180833109,0.334568365737203,0.28979400465388255,0.8635701543962705,0.3444156954330652,0.2097784417687525,0.3701560496692817,0.6959114696870221,0.4171372821583182,0.4306980110969947,0.7055695294242916,0.3303362637789352,0.37300738782015347,0.4714221343869397,0.3177937734806077,0.3399381793645083,0.721348638073839,0.8062634775091192,0.7909825164698592,0.7073173053071665,0.3413962221484537,0.5575568217002421,0.27294170622559755,0.70801557422179],[0.6908539619843429,0,0.7057059455931634,0.5058149460370986,0.5804666001683058,0.5512773627043606,0.7516269873854833,0.42442460951228445,0.668868273949419,0.6187475893300748,0.4810636475949509,0.7578913053452226,0.346967105370836,0.0644240211471056,0.6193386204524595,0.06375001709687342,0.621929024289912,0.5152255006266387,0.03319067549191984,0.6680140100868525,0.3411256536440216,0.5425243697126211,0.6437623670671707,0.8324345003182386,0.5323116533937917,0.043933658882478736,0.4695669170460339,0.31230720434352266,0.03770426175537308,0.5923886668796983,0.2103518774259724,0.6158930901397139,0.7703609567417156,0.7887490844988908,0.5785721909066215,0.08173488276098873,0.06393280336548274,0.029711677128369272,0.7631111913657798,0.06382397018288395,0.03932271248628013,0.5712117966061969,0.6337469557773359,0.7934780422963816,0.8171399955446749,0.6086644415349463,0.7259957407023092,0.048734166599961264,0.5291936643397925,0.7097479614774256,0.10445593873095856,0.7537980570953032,0.5263131493693348,0.3537698433785834,0.47184584469412305,0.5293966647922999,0.8194633326457221,0.6240657080103451,0.2993690469189527,0.5619644567134483,0.7238053931938505,0.670288391830072,0.29765112839650504,0.04891522790407051,0.5587698314592123,0.0040756717883260185,0.6210269466037827,0.8290229492458796,0.32861550407421086,0.4327856989844157,0.5116578437713675,0.42681425281375396,0.008016197376300502,0.4723289980152409,0.523844291517096,0.5481152527911674,0.47037664258243206,0.5358763727652186,0.7406566494660779,0.5836638132399115,0.5561474869586573,0.04130127828675482,0.579436970374355,0.6012826720775193,0.04177624121411534,0.8482038547683369,0.7611366115073267,0.6106217173507718,0.03614488198736043],[0.5324383247633008,0.7057059455931634,0,0.809390543265396,0.313705254092273,0.7576202376396002,0.05684275824061316,0.6662682735170187,0.6445598758118156,0.245942867518165,0.6681050574241757,0.06028654457244093,0.7051958145678398,0.7550232534294743,0.7608528775176763,0.6468315636705596,0.6488157191496107,0.6854392534079392,0.6832027181628887,0.618563865555286,0.6156289431632105,0.4549404404232771,0.22107021313458788,0.3360792226675773,0.8140046911978214,0.6598268101593503,0.7428859619247041,0.6170721563409098,0.6699916033700921,0.28769727954913,0.6168222182002892,0.3136767335554373,0.44429150683220886,0.09633694056505304,0.3208440842967605,0.6520655163273348,0.6600029968888944,0.6785294598432796,0.3234994415297432,0.7708924161133366,0.711320604291242,0.7303948077448412,0.32721345566279353,0.12192527730335068,0.39914156043907156,0.4015736533063699,0.33187534335380814,0.6983172923138351,0.6734265384200696,0.39459548211239137,0.8108233948492941,0.06110315701902722,0.7468951407870453,0.7932825319526343,0.7854262561845808,0.8421150883705721,0.5404102730841333,0.6874240182514404,0.6520292886289478,0.3304429185478546,0.10091389982057546,0.7276769793765752,0.8198092464257932,0.7306165619990413,0.7286993681642115,0.7109394133293714,0.8008279400058289,0.3559902957050287,0.6431031254496666,0.6846291960211082,0.3996985676083579,0.7084063233019172,0.7156893975135252,0.7877212733905702,0.8305735676923988,0.2960967680755075,0.7018009807598855,0.787755175002632,0.08733816374821571,0.7667980183519315,0.7704992669765492,0.7493639818086263,0.3867769834231761,0.3540893788338869,0.7459819387949582,0.3250440305135992,0.05304628647249617,0.7421255930738182,0.7420052107056825],[0.4181802068143031,0.5058149460370986,0.809390543265396,0,0.8817603497145912,0.09279015571050162,0.8227795547956557,0.14384293291654973,0.30765421890581063,0.5852679715860359,0.14292236374548772,0.8295556177698069,0.16312812916899425,0.4694719218774594,0.16279478026985267,0.47211680878837653,0.2577425472643658,0.13884872223953565,0.5300989750102065,0.3275656972107766,0.2227707883229691,0.37426775490325614,0.6178873931119865,0.7122078173725421,0.02606214324176265,0.49529357863374257,0.064489719240217,0.24008845089941763,0.484342319811176,0.8783243641537676,0.325003949860409,0.913720773578383,0.5647960818599135,0.843312231102753,0.883942496069201,0.43882927721488374,0.4549843672565153,0.5193984290555224,0.6442429142127031,0.5072335856281728,0.5475005978655738,0.13736007348861215,0.9360979647474494,0.8255762195777456,0.6489636460663217,0.9516298264841828,0.6019107968172673,0.45474159056636193,0.15946005166437302,0.5410229944685957,0.5113997375021475,0.8220200794183681,0.08154176654284424,0.16247942733990078,0.03266517574046529,0.031171418540493222,0.5504426590443817,0.22705071560806125,0.7806960372349725,0.8737199962328122,0.7592002354658981,0.244952405004452,0.24432790817826305,0.55451545529506,0.1273015674811058,0.5103328845232962,0.13738578203379004,0.6937747369933622,0.8047570703188893,0.12505993238271318,0.4135988313684688,0.10660644775849006,0.5044025506369851,0.03167422233226422,0.020333790367888186,0.8400832567017082,0.10572855614170634,0.049230556923233054,0.7852431683990447,0.11850291058431371,0.08589688187669862,0.5121351492105938,0.9192299216719827,0.9218896950873136,0.4947778808927617,0.7394379144403919,0.8538205006337082,0.16776118342600502,0.4991754402373343],[0.7437698157533523,0.5804666001683058,0.313705254092273,0.8817603497145912,0,0.8622053569935164,0.37153556809799787,0.7382975400273107,0.8228694289309855,0.47234635968686706,0.7642845519585557,0.37344624385021663,0.7356084842385542,0.6443010457579894,0.8918578372197541,0.5422142104070238,0.807656329322948,0.7923403307052201,0.5480314978979742,0.8023979992013235,0.6579268449804845,0.6154334529702251,0.4653943180961971,0.6353713155217741,0.8960124156608174,0.542563103581907,0.8173926394125162,0.6454180722645254,0.5568982032843008,0.024670009646497775,0.5943151817007765,0.033248184437300224,0.703593093184714,0.4081322650040247,0.004791400230636371,0.5628254819173459,0.561881867389036,0.5485165146194596,0.6038117454942217,0.6444926098687219,0.5675214751870608,0.8498038974630026,0.05360591387379543,0.4375753370994838,0.6827761880296488,0.09118828948853969,0.5967378069645077,0.5963645603726299,0.7888174329791149,0.6410260824288632,0.6842024079032843,0.3760686933306212,0.8439667729028499,0.805604468109435,0.8501305367217814,0.9150125991347566,0.7964227697744406,0.8382496739945761,0.4056502335048822,0.020592491638642442,0.4066079708753394,0.8868205226592235,0.7995503738551996,0.5837376646928951,0.8434806185011078,0.5835108731280535,0.9220721880468005,0.6509637972627927,0.3863723907699807,0.7566195164315097,0.5496770993342648,0.772770031199387,0.5907230205007622,0.852020935991101,0.9044789172277129,0.03945219260982471,0.7861853737216831,0.8782942414520103,0.4006659743156089,0.8821098549087003,0.8737773215053571,0.6206430337248673,0.07093447943978055,0.04496777867888595,0.6246200970555887,0.6299368695571324,0.34868580643329605,0.8744061833627668,0.6187994202948366],[0.32884963861201477,0.5512773627043606,0.7576202376396002,0.09279015571050162,0.8622053569935164,0,0.7652665744294187,0.13412488861586122,0.21326540083471315,0.5226996960988405,0.09555901879492251,0.7718776839088353,0.20298429179212138,0.5241745408435629,0.07320719010243776,0.5085242622832309,0.16480639476388934,0.07023915340734263,0.5712064082259316,0.2342981696861295,0.2270944922951598,0.3068840396791432,0.5545029678753188,0.6312028179145216,0.07496531587197373,0.5335558507966179,0.08222639953329429,0.25204534777905796,0.5245613338222969,0.8559353618762776,0.3512318995866839,0.8923473271053598,0.4780296248422652,0.782509856994004,0.8651020570726348,0.47651055493253225,0.493978384351964,0.5601016039558159,0.565594773716029,0.5626573065311876,0.5922708678070342,0.04253376342902449,0.9148609800221797,0.7619636614529669,0.5640213198931472,0.9381064005947909,0.5242479068925467,0.5005441605254062,0.08267254381563059,0.45984042686953314,0.5724036075859977,0.7640742021066341,0.022580689968730756,0.23748793408870095,0.1046726809370624,0.1101159020081206,0.45796883204183114,0.13216941161053147,0.8067926030998138,0.8565160991460454,0.6985536044295295,0.15128879585881394,0.32129561665216944,0.6018404880130956,0.0342461294343367,0.5564609975286723,0.06808262234538641,0.6114593676592046,0.8284679452255933,0.1202943392565337,0.3557926006848981,0.12208678193148295,0.5514941252039145,0.10604969147914176,0.10079165336264972,0.8203769940245604,0.08261211244033394,0.042654013396426556,0.7249869204246465,0.030699522677882733,0.010553096039301166,0.5641072573364184,0.9060663023478722,0.9047364813643861,0.5469855940950853,0.6590971419351477,0.7986074744185185,0.07412817422964108,0.5505819453317249],[0.5184593141185794,0.7516269873854833,0.05684275824061316,0.8227795547956557,0.37153556809799787,0.7652665744294187,0,0.6823915759888153,0.6371063456351486,0.24229837789110079,0.6792798903311461,0.004537500968192673,0.7283015821854938,0.7985618285810306,0.7626575537556542,0.6911920314154284,0.6461933123456857,0.6939671716117236,0.7305498494910535,0.6102162112089258,0.6386113627398565,0.4577684642305506,0.21279910153222348,0.29288060672966665,0.8254013586904995,0.7054742225870472,0.7569703657450318,0.6425142840212366,0.7149931945665688,0.34524664925104154,0.6506089045143906,0.3698704411366275,0.4166703352875101,0.037864236079482555,0.3786967855065686,0.6944345344760825,0.7033490526920562,0.7253632308102137,0.29079910371064277,0.8161585806031609,0.759267177626391,0.735319505447967,0.38234587532505854,0.06375838962119054,0.3625474553728139,0.4580538381948492,0.30596074343027047,0.7415355177543695,0.6803668512513799,0.37343253735635057,0.8556892635978524,0.0022683189358793034,0.7563134192360845,0.8180113508657524,0.8006967934716609,0.8549117746336747,0.5118272714329604,0.6859525013902755,0.7092899312987352,0.3887791841384436,0.0702779768789235,0.7234598569633743,0.8495657476605638,0.7786805232912525,0.7346697669015249,0.7570463394046765,0.8041681090826215,0.31477255738517956,0.7009743019699183,0.7003592027400292,0.4079057082294877,0.7251363881557199,0.7614485819899031,0.8030326905174578,0.8433390163663715,0.35500735723846916,0.7146933398598923,0.7978299662648837,0.0458672976430652,0.7719814818112196,0.7782029052376611,0.7951514201778035,0.44434916493554266,0.4108775008406908,0.7909345326307214,0.27858650289185205,0.038005088782206445,0.7439613692595,0.7872269758765954],[0.3360144958408461,0.42442460951228445,0.6662682735170187,0.14384293291654973,0.7382975400273107,0.13412488861586122,0.6823915759888153,0,0.2630995171690244,0.45018043830497906,0.05569291191762912,0.6892347826227423,0.09457305898208844,0.4050684927331616,0.1940720911747166,0.37709834623197264,0.21061443808336405,0.08865458350503148,0.4415006048209087,0.2717848516453393,0.09060002123307681,0.25000358368624914,0.4830935417501733,0.5988317082729381,0.15544314938113704,0.40275784318520436,0.07742342707493628,0.11624515140475071,0.39489067463051836,0.7340016522789823,0.21776088316190867,0.7697274294618279,0.46789344769491376,0.7048885833894465,0.7407221600259912,0.34611967159850093,0.36403910592684796,0.4302909441862323,0.5277599665503699,0.44344884935496165,0.4644772943514068,0.1452713808792454,0.7921692417159364,0.6893003040074063,0.5451611330762123,0.8105785942460958,0.48459784221343527,0.3747154918054745,0.10482425988541277,0.4316354598549952,0.45859782485589384,0.681885820019867,0.11092561336850093,0.1719069047949528,0.11693972254894622,0.1773776347747942,0.4755678691829952,0.20244801230906997,0.6709386320296831,0.7310707554800612,0.6211092404323576,0.24528130070215398,0.24489512486954879,0.47560138668378416,0.13333962661176885,0.4299812598309698,0.20385657297851817,0.5832725595087439,0.6922747204883525,0.016398759487181242,0.27785587399521816,0.04073725922515059,0.4257454368818803,0.11920227234794119,0.16621649080324702,0.6965164057916046,0.04933100634920224,0.13887962971637474,0.64673798877977,0.16335206134174612,0.14284435173112503,0.4418718055737244,0.7782973173037334,0.7793216380400603,0.4252372674695407,0.6244393272314374,0.7120971562305577,0.18411699358508102,0.4281096806958361],[0.13030743525582428,0.668868273949419,0.6445598758118156,0.30765421890581063,0.8228694289309855,0.21326540083471315,0.6371063456351486,0.2630995171690244,0,0.3962497247838136,0.20771557999261206,0.6430153153654415,0.35990878262496306,0.6604449394292797,0.16096969926149202,0.6124886151857394,0.05096269074516397,0.18417912869625017,0.6792406124685612,0.025770930956343915,0.32793783664816034,0.20507061191619136,0.4228478778641432,0.4451562026946974,0.2903048395708322,0.6389378748294922,0.27351082292293577,0.3564600487917082,0.6343151642516264,0.8102258510274554,0.45621429521784207,0.8474480219736207,0.280204326694522,0.6451711199371216,0.8273080407588836,0.5857196741259708,0.6040007884068156,0.668131159222108,0.38863100499467684,0.6979977951245753,0.7059434470900289,0.16834608021343742,0.8693693966496296,0.6181107520577493,0.3688956684303736,0.9096519628995499,0.35240404272989817,0.6224255599917414,0.1622605657383453,0.281028019683002,0.71749487858792,0.6348464699117591,0.2248953291705643,0.42686942831940217,0.3120467867586573,0.32519742447318495,0.2446586257350337,0.0791855625860207,0.8716125261959666,0.822927165441163,0.5652459479849337,0.0903781638598383,0.5064060772995427,0.7198256683638701,0.17796811842792806,0.6749512036040235,0.2059266771852291,0.42236058889520567,0.887285021057673,0.2650144905376748,0.27081081840193855,0.2863909133740203,0.672105082799387,0.3139626780982834,0.31631503279826484,0.7826575099064793,0.23970574778714093,0.258284626138989,0.5914542945256733,0.19550897002721948,0.22250861964380916,0.6929951507467093,0.8797051005816549,0.8691870833661778,0.6773255510056341,0.47408903517784146,0.674972098416214,0.14690204318549535,0.6792311657955358],[0.28695507388759084,0.6187475893300748,0.245942867518165,0.5852679715860359,0.47234635968686706,0.5226996960988405,0.24229837789110079,0.45018043830497906,0.3962497247838136,0,0.44029496183706385,0.24865891725904632,0.509097206219121,0.6503844536080784,0.51799179384795,0.5529719002345096,0.4021642715495662,0.45234133155405554,0.6074012054100515,0.37024674567760013,0.4215491907175053,0.21382005870109907,0.03054345888078323,0.215416440243752,0.5856907466490748,0.573623851327104,0.52084479946415,0.4317646901961054,0.5788979549435994,0.4532240753347045,0.4666386556905932,0.4886193363229277,0.22963605921994076,0.2574354239947026,0.47827513375342684,0.5455162587659238,0.5589475225044155,0.5993587748309386,0.15385382874494108,0.6764956257685816,0.6382989959950651,0.4913901978229934,0.5084637385504561,0.23794298342201453,0.22623218111631566,0.5655335292580408,0.1303346069688163,0.5943794715836176,0.43764382597150636,0.1663169790483422,0.7122366513376697,0.2406507782400421,0.5151150967622495,0.600834937790056,0.565805144948706,0.6165238862433925,0.3216909712479207,0.44158600847621643,0.6767307512805484,0.4794873061109771,0.17360243762382502,0.48025690936358645,0.6451775434810635,0.6574539020314591,0.49121378129216176,0.6249655305797903,0.5596875339603565,0.2175172216531302,0.6792501156895242,0.46725450153978476,0.17005578944366936,0.4933034361463083,0.6271261742500548,0.5681781908786813,0.6049802974778569,0.4378768131985164,0.47741805410495797,0.5570087865812418,0.200114782411811,0.5280926820148341,0.5356327575067015,0.6593603822409744,0.5404558004309897,0.5195293202332053,0.6506496086726221,0.22807782816736027,0.2783159514151496,0.4993017505266165,0.6486061396902723],[0.29160270634148033,0.4810636475949509,0.6681050574241757,0.14292236374548772,0.7642845519585557,0.09555901879492251,0.6792798903311461,0.05569291191762912,0.20771557999261206,0.44029496183706385,0,0.6860100665456862,0.15060883716750464,0.4629670082478998,0.1420300828062482,0.4320678566975101,0.15463795210077855,0.03251199812997709,0.4971342254201573,0.21864360136284358,0.14126831291687594,0.2291615152857511,0.472830575904274,0.571084684699377,0.14376356185412248,0.45798393793441194,0.08191884996539056,0.16905807732238007,0.4506467586278876,0.7581366060686614,0.2721416003731581,0.7945016605426322,0.4307883094528658,0.6989150666120811,0.7671669528748563,0.4017037972383811,0.4197665322386891,0.48590457055426506,0.5018316045126294,0.5013092800828355,0.5207664267786456,0.09324963660421146,0.8170139430132867,0.6806226293208503,0.511823765216852,0.8402483157448555,0.4591149126088633,0.4317083272389484,0.04674563432903386,0.40091061671172584,0.5166744679779026,0.6783834551493428,0.07850114317066273,0.21893222883295602,0.1279119259693952,0.1738437529442116,0.42986937236072503,0.14442329608582177,0.7206953220107579,0.758572630745051,0.6147714740246115,0.1874825313912421,0.2966856810686095,0.5323169279525455,0.08295384017885431,0.4867094447807037,0.15973838774126922,0.5537578408160088,0.7410313161919775,0.0549205718206189,0.2692318725677733,0.07753694462171427,0.48266085931711245,0.13027627798039565,0.1622996694993935,0.7224539388869315,0.037832228079260656,0.11760945542416652,0.6409307822867195,0.11851153909820121,0.1071556719713906,0.4994060352369069,0.8082348128725086,0.8067920301578217,0.4828552744497353,0.5977652644532879,0.7111553021583553,0.1299069776982131,0.48562711757444377],[0.5239710432943067,0.7578913053452226,0.06028654457244093,0.8295556177698069,0.37344624385021663,0.7718776839088353,0.004537500968192673,0.6892347826227423,0.6430153153654415,0.24865891725904632,0.6860100665456862,0,0.7352213382590482,0.8049937946076258,0.7690352722634309,0.6975615141385467,0.6523755441959831,0.7006160235657842,0.7366965717659539,0.6160772116760946,0.6455317738857554,0.46425814043393065,0.2189776110325186,0.2953200052255129,0.8321249931412764,0.7117545928066943,0.7637670155139368,0.6494368024080127,0.7213212526240039,0.34704377151022175,0.6574285489161603,0.3711399451136216,0.42103963492367097,0.033665327784455974,0.38061477521407683,0.7009262747254965,0.7097844899015215,0.7315527254006439,0.2947484529144384,0.8224767290993443,0.7653635334224302,0.741833226835264,0.38327533481082626,0.06267023030422611,0.3658957326507435,0.45937602825993584,0.31063059213635097,0.7479823080108473,0.6869634663338846,0.3784648915443191,0.8620385165171515,0.005797469823820937,0.7629839973522614,0.8249345087211238,0.8075164141362636,0.8616710708911831,0.5160265110272398,0.6921857474899701,0.7138649456669998,0.3909493061843202,0.0757373024019468,0.7295391245860339,0.856463634599154,0.7847678799424663,0.7412238522290701,0.7632968970474776,0.8106079944861303,0.31750400708271925,0.7053264798129825,0.7071939214423363,0.41460066900963555,0.731987769310158,0.7677260182638072,0.8098530250258407,0.8500982243685663,0.35760662005966415,0.7214650191247195,0.8045170686418397,0.05060446338893331,0.7785007849044941,0.7848146528108717,0.8014296183187894,0.44610994784954655,0.4123332254196796,0.7972728958114843,0.2804548600171373,0.03421095712928177,0.7503432116566614,0.7935460008702336],[0.429432865439943,0.346967105370836,0.7051958145678398,0.16312812916899425,0.7356084842385542,0.20298429179212138,0.7283015821854938,0.09457305898208844,0.35990878262496306,0.509097206219121,0.15060883716750464,0.7352213382590482,0,0.3189821256353003,0.2742165681651728,0.3083885531251056,0.30720533652685555,0.1799211722633948,0.3686492843551318,0.36870134362656,0.08732940796943847,0.32722920131732924,0.5417742708887897,0.6762091242348346,0.18704270942255585,0.33237201253941456,0.12022703304470303,0.08939337558064084,0.3222841119276531,0.7348510904231371,0.15977039633594553,0.7689300928023698,0.5551824316190899,0.7545508348653116,0.737129965370457,0.2754476215214238,0.2922300229723036,0.35770462554050547,0.603893720889671,0.35749638566780667,0.3882851339825221,0.2280744195134359,0.7909760884919655,0.7428309929925148,0.6285320664996991,0.7998988217991871,0.5607770798474043,0.29599333091628577,0.19894001038346262,0.5136502714405573,0.36879784219872885,0.7283561637095738,0.17808232975023455,0.08945186882879196,0.12807786487476913,0.19206805467423405,0.5691321403695305,0.2964658203748674,0.6153263031067099,0.7255759034687069,0.6723170400628394,0.33607693974496916,0.1506169176221619,0.3971404579515153,0.21511118728425765,0.35197183486600425,0.2720384256261242,0.662606210410872,0.6392590827493921,0.09392004007993855,0.34126733519209046,0.07982388134715705,0.3467481825394981,0.12913795161243016,0.18399563234778502,0.6945013594907632,0.12732976596018739,0.18697580132017275,0.6968727514332156,0.23582436299073678,0.2071054240993122,0.35874309655716247,0.7674474229279028,0.7732851966919586,0.3416156309471835,0.7004679924825941,0.7545252631963897,0.2680677680448098,0.34523168266746473],[0.6951401057663105,0.0644240211471056,0.7550232534294743,0.4694719218774594,0.6443010457579894,0.5241745408435629,0.7985618285810306,0.4050684927331616,0.6604449394292797,0.6503844536080784,0.4629670082478998,0.8049937946076258,0.3189821256353003,0,0.5953760823743421,0.10646930024816276,0.6111487937043695,0.49590752981850345,0.09989659064076602,0.6623935397189707,0.33015495736471795,0.5529871351094165,0.6772198216134987,0.8599302901490962,0.4969608698302221,0.09974778572660874,0.440397380102078,0.3017928210748397,0.08626967704443733,0.6553943926624626,0.20760767350478293,0.6798294297006784,0.7858625918053725,0.8346769279480232,0.6426261016360911,0.10326578190650906,0.09283087484771699,0.09598397148084324,0.7891097233641569,0.03614488198736043,0.09582687854783786,0.5485048496710017,0.6980661922815476,0.8371818394575166,0.8385036329311745,0.6746419838977392,0.750315837452236,0.05481192719466533,0.511968401827249,0.7280409904127274,0.06028654457244093,0.8004767353814164,0.4993387133762751,0.31033834765497137,0.4367754817210615,0.49028566282888425,0.8280375577145207,0.6089092883646919,0