"trial_id","rt","stimulus","response","trial_type","trial_index","plugin_version","time_elapsed","language","participant_number","success","raw_payload","placements","dissimilarity_vector","n_words","trial_category","distance_matrix","value"
"consent_form","102002","
    <div style=""max-width:800px; margin:0 auto; text-align:left; font-size: 16px; padding: 10px 0;"">
      <h1>Informed Consent Form</h1>
      <p>You are being invited to participate in a research study titled <strong>""Reproducibility of Psychological Science and Instruction.""</strong> This study is being done by Dr. Bria Long from UC San Diego and associated graduate students in the Experimental Methods course. You were selected to participate in this study because you are an adult in the U.S. and have been a represented population in previous psychology studies.</p>
      
      <p>The purpose of this study is to better understand how well previously published studies in the psychological field replicate online and with different populations. Your participation in this research should last approximately <strong>5-30 minutes</strong>. If you agree to take part in this study, you may be asked to view a set of stimuli, including pictures, sounds, written text, or videos and then giving some responses via key-presses, verbally, or with paper-and-pencil. We may also observe your choices or preferences among an array of stimuli. These stimuli will be taken directly from or closely adapted from studies that already exist in the published psychological literature. Stimuli will include, e.g., pictures of objects and human faces, audio and video clips, short text passages, etc. None of the stimuli will be disturbing, threatening, or offensive. The online and in-person experiments described in this protocol will take no more than 30 minutes. An example game you might play would be to click on an image on the screen that matches a word you hear being said out loud. Your total expected time commitment for this study is between 5-30 minutes, and is specified in the study description.</p>
      
      <p>Your participation in this study is completely voluntary and you can withdraw at any time. Choosing not to participate or withdrawing will result in no penalty or loss of benefits to which you are entitled. You are free to skip any question that you choose.</p>
      
      <p>We will not be asking for any personally identifying information, and we will handle responses as confidentially as possible. Your SONA or Prolific IDs will never be tied to your responses on this survey. However, we cannot guarantee the confidentiality of information transmitted over the Internet. To minimize this risk, data containing anything that might be personally identifying (e.g. Prolific IDs or IP addresses) will be encrypted on transfer and storage and will only be accessible to qualified lab personnel. We will be keeping data collected as part of this experiment indefinitely. This anonymized data (containing neither Prolific IDs nor IP addresses) may be shared with the scientific community or with other participants to be used as stimuli in future studies.</p>
      
      <p>If you have questions about this project or if you have a research-related problem, you may contact the researcher(s), <strong>Dr. Bria Long, <a href=""mailto:brlong@ucsd.edu"">brlong@ucsd.edu</a></strong>. If you have any questions concerning your rights as a research subject, you may contact the UC San Diego Office of IRB Administration at <a href=""mailto:irb@ucsd.edu"">irb@ucsd.edu</a> or 858-246-4777.</p>
      
      <h3 style=""margin-top: 25px;"">Consent Statement</h3>
      <p style=""font-weight: bold;"">By participating in this research you are indicating that you are at least 18 years old, have read this consent form, and agree to participate in this research study. Please keep this consent form for your records.</p>
    </div>
  ","0","html-button-response","0","2.1.0","102005","en","9vce2lwkv9_5dizy3","","","","","","","",""
"","14523","
    <div style=""display:flex; align-items:center; justify-content:center; height:100vh; font-family:sans-serif;"">
      <div style=""max-width:900px; margin:0 auto; text-align:center;"">
        <h1 style= ""font-size: 24px;"">Welcome! Thank you for participating in the study.</h1>
        <p style=""font-size:18px; line-height:1.6;"">
          In this task, you will be presented with <strong>90 words</strong> arranged <strong>outside a circle</strong>.<br>
          Your job is to <strong>drag these words into the circle</strong> and <strong>rearrange them</strong> based on their <strong>meaning similarity</strong>.<br><br>
          Words that are <strong>similar in meaning</strong> should be placed <strong>closer together</strong>.<br>
          Words that are <strong>different in meaning</strong> should be placed <strong>farther apart</strong>.<br><br>
          You can place the words <strong>anywhere inside the circle</strong>. There is no single correct answer — 
          we are interested in <strong>your personal judgment</strong> of how these words relate to each other.<br><br>
          <strong>You must move all words into the circle before you can finish.</strong><br>
          After the initial arrangement, you will arrange words from specific categories.
        </p>
        <p style=""font-size:16px; margin-top:30px;""><em>Press any key to continue.</em></p>
      </div>
    </div>
  ","d","html-keyboard-response","1","2.1.0","116529","en","9vce2lwkv9_5dizy3","","","","","","","",""
"","1828","<p style='font-size:20px;'>Which is your first language or primary language of use?</p>","1","html-button-response","2","2.1.0","118358","en","9vce2lwkv9_5dizy3","","","","","","","",""
"","5013","","","fullscreen","3","2.1.0","124377","en","9vce2lwkv9_5dizy3","true","{""placements"":[{""word"":""proud"",""x"":248.8,""y"":362.5,""cx"":271.8,""cy"":380,""angle_rad"":2.775,""angle_deg"":159},{""word"":""refrigerator"",""x"":467.5,""y"":103.5,""cx"":506.8,""cy"":121,""angle_rad"":-0.97,""angle_deg"":304.4},{""word"":""rabbit"",""x"":274.2,""y"":464.5,""cx"":296.8,""cy"":482,""angle_rad"":1.954,""angle_deg"":112},{""word"":""agreement"",""x"":290.3,""y"":212.5,""cx"":328.8,""cy"":230,""angle_rad"":-1.746,""angle_deg"":260},{""word"":""lips"",""x"":485.3,""y"":539.5,""cx"":500.8,""cy"":557,""angle_rad"":0.941,""angle_deg"":53.9},{""word"":""scissors"",""x"":261.5,""y"":596.5,""cx"":291.8,""cy"":614,""angle_rad"":1.788,""angle_deg"":102.4},{""word"":""giraffe"",""x"":282.4,""y"":428.5,""cx"":306.8,""cy"":446,""angle_rad"":1.994,""angle_deg"":114.2},{""word"":""system"",""x"":551.6,""y"":163.5,""cx"":578.8,""cy"":181,""angle_rad"":-0.636,""angle_deg"":323.6},{""word"":""fault"",""x"":65.5,""y"":403.5,""cx"":83.8,""cy"":421,""angle_rad"":2.881,""angle_deg"":165.1},{""word"":""friendship"",""x"":231.4,""y"":112.5,""cx"":266.8,""cy"":130,""angle_rad"":-1.932,""angle_deg"":249.3},{""word"":""method"",""x"":652.4,""y"":306.5,""cx"":680.8,""cy"":324,""angle_rad"":-0.078,""angle_deg"":355.5},{""word"":""ant"",""x"":344,""y"":482.5,""cx"":358.8,""cy"":500,""angle_rad"":1.512,""angle_deg"":86.6},{""word"":""depressed"",""x"":310.1,""y"":280.5,""cx"":347.8,""cy"":298,""angle_rad"":-1.613,""angle_deg"":267.6},{""word"":""sofa"",""x"":525.5,""y"":150.5,""cx"":543.8,""cy"":168,""angle_rad"":-0.754,""angle_deg"":316.8},{""word"":""violence"",""x"":106.1,""y"":428.5,""cx"":136.8,""cy"":446,""angle_rad"":2.719,""angle_deg"":155.8},{""word"":""chopsticks"",""x"":335.1,""y"":35.5,""cx"":372.8,""cy"":53,""angle_rad"":-1.494,""angle_deg"":274.4},{""word"":""concept"",""x"":627.2,""y"":347.5,""cx"":656.8,""cy"":365,""angle_rad"":0.049,""angle_deg"":2.8},{""word"":""sparrow"",""x"":294.8,""y"":460.5,""cx"":324.8,""cy"":478,""angle_rad"":1.765,""angle_deg"":101.1},{""word"":""chair"",""x"":370.5,""y"":128.3,""cx"":390.7,""cy"":145.8,""angle_rad"":-1.374,""angle_deg"":281.3},{""word"":""business"",""x"":604,""y"":291.3,""cx"":636.7,""cy"":308.8,""angle_rad"":-0.143,""angle_deg"":351.8},{""word"":""magic power"",""x"":449.9,""y"":340.3,""cx"":494.7,""cy"":357.8,""angle_rad"":0.054,""angle_deg"":3.1},{""word"":""result"",""x"":638.6,""y"":320.4,""cx"":660.8,""cy"":337.9,""angle_rad"":-0.039,""angle_deg"":357.8},{""word"":""hostility"",""x"":335.4,""y"":284.5,""cx"":363.8,""cy"":302,""angle_rad"":-1.291,""angle_deg"":286},{""word"":""dispute"",""x"":340.2,""y"":267.5,""cx"":367.8,""cy"":285,""angle_rad"":-1.304,""angle_deg"":285.3},{""word"":""relationship"",""x"":161.9,""y"":339.5,""cx"":202.8,""cy"":357,""angle_rad"":3.094,""angle_deg"":177.3},{""word"":""pencil"",""x"":548.5,""y"":411.5,""cx"":571.8,""cy"":429,""angle_rad"":0.342,""angle_deg"":19.6},{""word"":""anger"",""x"":333.8,""y"":283.5,""cx"":356.8,""cy"":301,""angle_rad"":-1.433,""angle_deg"":277.9},{""word"":""team"",""x"":179.2,""y"":338.5,""cx"":199.8,""cy"":356,""angle_rad"":3.102,""angle_deg"":177.7},{""word"":""washing machine"",""x"":456.7,""y"":75.5,""cx"":515.8,""cy"":93,""angle_rad"":-0.998,""angle_deg"":302.8},{""word"":""thigh"",""x"":472.4,""y"":531.3,""cx"":492.7,""cy"":548.8,""angle_rad"":0.948,""angle_deg"":54.3},{""word"":""charity"",""x"":524,""y"":580.3,""cx"":549.7,""cy"":597.8,""angle_rad"":0.893,""angle_deg"":51.1},{""word"":""finger"",""x"":458.2,""y"":560.5,""cx"":480.8,""cy"":578,""angle_rad"":1.05,""angle_deg"":60.2},{""word"":""characteristic"",""x"":220.5,""y"":326.5,""cx"":266.8,""cy"":344,""angle_rad"":-3.07,""angle_deg"":184.1},{""word"":""cat"",""x"":225.4,""y"":492.5,""cx"":239.8,""cy"":510,""angle_rad"":2.174,""angle_deg"":124.6},{""word"":""eye"",""x"":462.7,""y"":576,""cx"":479.1,""cy"":593.5,""angle_rad"":1.083,""angle_deg"":62.1},{""word"":""bed"",""x"":558.1,""y"":144.5,""cx"":574.8,""cy"":162,""angle_rad"":-0.696,""angle_deg"":320.1},{""word"":""computer mouse"",""x"":461.9,""y"":242,""cx"":519.1,""cy"":259.5,""angle_rad"":-0.492,""angle_deg"":331.8},{""word"":""microwave"",""x"":429.6,""y"":88,""cx"":468.1,""cy"":105.5,""angle_rad"":-1.121,""angle_deg"":295.8},{""word"":""reason"",""x"":609.4,""y"":332.5,""cx"":635.8,""cy"":350,""angle_rad"":0,""angle_deg"":0},{""word"":""hammer"",""x"":284.9,""y"":597.7,""cx"":315.6,""cy"":615.2,""angle_rad"":1.7,""angle_deg"":97.4},{""word"":""spoon"",""x"":350.9,""y"":48,""cx"":375.1,""cy"":65.5,""angle_rad"":-1.483,""angle_deg"":275},{""word"":""fate"",""x"":184.3,""y"":144,""cx"":201.1,""cy"":161.5,""angle_rad"":-2.239,""angle_deg"":231.7},{""word"":""arm"",""x"":422.9,""y"":555,""cx"":440.1,""cy"":572.5,""angle_rad"":1.186,""angle_deg"":68},{""word"":""rat"",""x"":313.8,""y"":488,""cx"":327.1,""cy"":505.5,""angle_rad"":1.717,""angle_deg"":98.4},{""word"":""excited"",""x"":280.4,""y"":345.7,""cx"":307.6,""cy"":363.2,""angle_rad"":2.84,""angle_deg"":162.7},{""word"":""ear"",""x"":409.4,""y"":534.7,""cx"":424.6,""cy"":552.2,""angle_rad"":1.217,""angle_deg"":69.7},{""word"":""society"",""x"":245.8,""y"":181.7,""cx"":272.6,""cy"":199.2,""angle_rad"":-2.045,""angle_deg"":242.8},{""word"":""toothbrush"",""x"":66.9,""y"":271,""cx"":105.1,""cy"":288.5,""angle_rad"":-2.895,""angle_deg"":194.1},{""word"":""process"",""x"":265.5,""y"":159,""cx"":295.1,""cy"":176.5,""angle_rad"":-1.877,""angle_deg"":252.4},{""word"":""splendor"",""x"":398.9,""y"":196.5,""cx"":430.8,""cy"":214,""angle_rad"":-1.035,""angle_deg"":300.7},{""word"":""air conditioner"",""x"":495.8,""y"":131.5,""cx"":544.8,""cy"":149,""angle_rad"":-0.801,""angle_deg"":314.1},{""word"":""tortoise"",""x"":259.6,""y"":494.7,""cx"":287.6,""cy"":512.2,""angle_rad"":1.938,""angle_deg"":111},{""word"":""status"",""x"":229.9,""y"":212.7,""cx"":253.6,""cy"":230.2,""angle_rad"":-2.248,""angle_deg"":231.2},{""word"":""trauma"",""x"":102.2,""y"":395,""cx"":129.1,""cy"":412.5,""angle_rad"":2.866,""angle_deg"":164.2},{""word"":""death"",""x"":212,""y"":145.7,""cx"":234.6,""cy"":163.2,""angle_rad"":-2.124,""angle_deg"":238.3},{""word"":""happy"",""x"":157.5,""y"":168.7,""cx"":181.6,""cy"":186.2,""angle_rad"":-2.37,""angle_deg"":224.2},{""word"":""identity"",""x"":182.4,""y"":206.7,""cx"":209.6,""cy"":224.2,""angle_rad"":-2.411,""angle_deg"":221.9},{""word"":""marriage"",""x"":194.9,""y"":172.7,""cx"":227.6,""cy"":190.2,""angle_rad"":-2.224,""angle_deg"":232.5},{""word"":""error"",""x"":392,""y"":336.5,""cx"":411.8,""cy"":354,""angle_rad"":0.065,""angle_deg"":3.7},{""word"":""ankle"",""x"":437.2,""y"":528.3,""cx"":459,""cy"":545.8,""angle_rad"":1.063,""angle_deg"":60.9},{""word"":""tiger"",""x"":238.4,""y"":459,""cx"":257.1,""cy"":476.5,""angle_rad"":2.205,""angle_deg"":126.3},{""word"":""apathy"",""x"":312.7,""y"":267.5,""cx"":338.8,""cy"":285,""angle_rad"":-1.741,""angle_deg"":260.2},{""word"":""disease"",""x"":159.6,""y"":74.5,""cx"":188.8,""cy"":92,""angle_rad"":-2.129,""angle_deg"":238},{""word"":""broom"",""x"":347.8,""y"":99.3,""cx"":372.7,""cy"":116.8,""angle_rad"":-1.474,""angle_deg"":275.6},{""word"":""sad"",""x"":358.5,""y"":267.5,""cx"":374.8,""cy"":285,""angle_rad"":-1.206,""angle_deg"":290.9},{""word"":""key"",""x"":532.9,""y"":416.5,""cx"":548.8,""cy"":434,""angle_rad"":0.4,""angle_deg"":22.9},{""word"":""heaven"",""x"":407.8,""y"":178.5,""cx"":435.8,""cy"":196,""angle_rad"":-1.062,""angle_deg"":299.1},{""word"":""obligation"",""x"":208.8,""y"":38.5,""cx"":243.8,""cy"":56,""angle_rad"":-1.917,""angle_deg"":250.1},{""word"":""data"",""x"":397.1,""y"":646.5,""cx"":415.8,""cy"":664,""angle_rad"":1.364,""angle_deg"":78.2},{""word"":""loving heart"",""x"":223.6,""y"":338.5,""cx"":264.8,""cy"":356,""angle_rad"":3.071,""angle_deg"":176},{""word"":""content"",""x"":227.8,""y"":340.5,""cx"":255.8,""cy"":358,""angle_rad"":3.057,""angle_deg"":175.1},{""word"":""phenomenon"",""x"":461.9,""y"":336.5,""cx"":507.8,""cy"":354,""angle_rad"":0.025,""angle_deg"":1.5},{""word"":""cabinet"",""x"":428.2,""y"":123.5,""cx"":455.8,""cy"":141,""angle_rad"":-1.102,""angle_deg"":296.8},{""word"":""miracle"",""x"":192.2,""y"":363.5,""cx"":219.8,""cy"":381,""angle_rad"":2.908,""angle_deg"":166.6},{""word"":""fear"",""x"":361.7,""y"":283.5,""cx"":378.8,""cy"":301,""angle_rad"":-1.039,""angle_deg"":300.4},{""word"":""knee"",""x"":395.6,""y"":516.5,""cx"":415.8,""cy"":534,""angle_rad"":1.227,""angle_deg"":70.3},{""word"":""comfortable"",""x"":209.2,""y"":311.5,""cx"":250.8,""cy"":329,""angle_rad"":-2.933,""angle_deg"":192},{""word"":""debt"",""x"":630.1,""y"":403.5,""cx"":648.8,""cy"":421,""angle_rad"":0.233,""angle_deg"":13.4},{""word"":""elephant"",""x"":300.9,""y"":408.5,""cx"":332.8,""cy"":426,""angle_rad"":1.793,""angle_deg"":102.8},{""word"":""effect"",""x"":626.8,""y"":219.5,""cx"":648.8,""cy"":237,""angle_rad"":-0.362,""angle_deg"":339.3},{""word"":""discipline"",""x"":589,""y"":303.5,""cx"":622.8,""cy"":321,""angle_rad"":-0.106,""angle_deg"":353.9},{""word"":""television"",""x"":469.6,""y"":146.5,""cx"":503.8,""cy"":164,""angle_rad"":-0.88,""angle_deg"":309.6},{""word"":""shoulder"",""x"":416.9,""y"":487.5,""cx"":448.8,""cy"":505,""angle_rad"":1.003,""angle_deg"":57.5},{""word"":""nose"",""x"":458.6,""y"":507.5,""cx"":478.8,""cy"":525,""angle_rad"":0.936,""angle_deg"":53.6},{""word"":""ax"",""x"":567.4,""y"":423.5,""cx"":579.8,""cy"":441,""angle_rad"":0.377,""angle_deg"":21.6},{""word"":""scenery"",""x"":125.2,""y"":558.5,""cx"":154.8,""cy"":576,""angle_rad"":2.283,""angle_deg"":130.8},{""word"":""panda"",""x"":366.3,""y"":406.5,""cx"":390.8,""cy"":424,""angle_rad"":1.067,""angle_deg"":61.1},{""word"":""fraud"",""x"":155.8,""y"":406.5,""cx"":176.8,""cy"":424,""angle_rad"":2.738,""angle_deg"":156.9},{""word"":""table"",""x"":558.6,""y"":99.5,""cx"":578.8,""cy"":117,""angle_rad"":-0.794,""angle_deg"":314.5}],""n_words"":89,""words"":[""proud"",""refrigerator"",""rabbit"",""agreement"",""lips"",""scissors"",""giraffe"",""system"",""fault"",""friendship"",""method"",""ant"",""depressed"",""sofa"",""violence"",""chopsticks"",""concept"",""sparrow"",""chair"",""business"",""magic power"",""result"",""hostility"",""dispute"",""relationship"",""pencil"",""anger"",""team"",""washing machine"",""thigh"",""charity"",""finger"",""characteristic"",""cat"",""eye"",""bed"",""computer mouse"",""microwave"",""reason"",""hammer"",""spoon"",""fate"",""arm"",""rat"",""excited"",""ear"",""society"",""toothbrush"",""process"",""splendor"",""air conditioner"",""tortoise"",""status"",""trauma"",""death"",""happy"",""identity"",""marriage"",""error"",""ankle"",""tiger"",""apathy"",""disease"",""broom"",""sad"",""key"",""heaven"",""obligation"",""data"",""loving heart"",""content"",""phenomenon"",""cabinet"",""miracle"",""fear"",""knee"",""comfortable"",""debt"",""elephant"",""effect"",""discipline"",""television"",""shoulder"",""nose"",""ax"",""scenery"",""panda"",""fraud"",""table""],""distance_matrix"":[[0,0.5512347940082211,0.16201211496494347,0.250203682953845,0.4553346522083838,0.36852462713416784,0.11379670372278365,0.5768948140789268,0.30102910453226805,0.3926965477084367,0.6515900448121384,0.23072611433863274,0.17280322285671784,0.5434992006315921,0.2339873367230813,0.5393369706191848,0.6078109613634941,0.17218328308108694,0.41274349328267107,0.5863211008255665,0.35126618605166227,0.6173217731303252,0.1868189901301781,0.2097936858899848,0.11065735361490049,0.47846951490864015,0.1795468317471597,0.11568723332466871,0.5941489328756551,0.4371713591947337,0.5565742660770994,0.45289640223147926,0.052780924082385335,0.2079188562980517,0.4683016848896209,0.5886941043184595,0.43253363499371134,0.5317408689335362,0.5759070732548761,0.37550796260768937,0.5215030119799967,0.3602541696024072,0.40167917686070487,0.21310887646042598,0.05787137547054017,0.3611532395366324,0.28255117788656536,0.29743757775304747,0.32076944986141326,0.3605873675541246,0.5637914754306684,0.20674227306893722,0.23499226979028254,0.22775923508899854,0.34484907353291816,0.334978381057717,0.26180265520096246,0.30494165558365016,0.2214599682538227,0.39272351776645614,0.15023249410038153,0.1798755039970043,0.47170348836026604,0.4433213359204442,0.21784544673828965,0.44385694362840883,0.3870168981733201,0.5122413454001811,0.5014467888355126,0.03473481088906731,0.03823878160775586,0.3726199738247147,0.4747294232280245,0.07769596943381325,0.20652425384424986,0.33032393571520774,0.08269791329780302,0.5981573552150313,0.11649143114375453,0.6363103563355539,0.5610986671102258,0.49916381725829806,0.33963251152512164,0.39696419889543805,0.49438677282323784,0.358045917055221,0.19677426004846263,0.16149636474924248,0.6379650443151632],[0.5512347940082211,0,0.6592590040697268,0.3269612331628892,0.6885319876868111,0.8504549240483351,0.6019517790675958,0.1440447579840318,0.8198228528250743,0.3769794674034112,0.42024042634572595,0.6421360312917602,0.37341634433548654,0.09011332311805972,0.7782840606565005,0.2339820442235748,0.4505450713361289,0.6323434100873291,0.18380342092836327,0.35817776547791685,0.37211266770176366,0.41808320085527195,0.36187562574075005,0.3369168658318586,0.6071128871093306,0.49566173915155065,0.367656714524732,0.6099210002250481,0.04175070574931753,0.6757929996137202,0.756425882333876,0.7230441223803321,0.5160642016913086,0.7454342411826033,0.7478131378657026,0.12126918789816077,0.21613353647100766,0.06127950352945422,0.413031500629086,0.8378181047576883,0.22229141450980253,0.48546138761727986,0.7209146255191357,0.6700473263943549,0.4937695737572105,0.6931824325370306,0.38770317956458256,0.6872305844312905,0.3430768264659166,0.18600624952540917,0.07004855200365791,0.7082313253300442,0.4335654788137354,0.7538480269973538,0.43310030358882357,0.5225229338108998,0.4953814241570167,0.45249921504745905,0.39519812605637433,0.6749158751414266,0.6859707769996479,0.3684026988098291,0.5028759068409412,0.20837251084988195,0.3298256497555197,0.49728615350755734,0.1592401700306742,0.42588141512182376,0.8707038125615693,0.5315170812761578,0.5440570027374373,0.3655804499338238,0.08210471122523784,0.6109383981929128,0.3462848042738212,0.6676401387743225,0.519622982719046,0.5229014640806818,0.5534929097725477,0.2866164084992689,0.3627227848642778,0.06353164289907048,0.6126835837928793,0.6391090139100017,0.5170343206210165,0.9099783758363615,0.5110294053311641,0.7075622518130927,0.10966902501588152],[0.16201211496494347,0.6592590040697268,0,0.39901694796341697,0.340684258027946,0.20507825648997094,0.05439937831441891,0.6510272628732754,0.34738490104334985,0.5568867064151536,0.6554375707865226,0.09765853613216963,0.2986724078174184,0.6304193319232023,0.2558264906185928,0.6879572223887817,0.5970637396989659,0.039958732088986273,0.5501914959056305,0.6017542825179285,0.3666031834504188,0.61766193539754,0.3004664804202644,0.32804539734997634,0.24373822807641557,0.44043121592080087,0.29827228386025384,0.24789355909898425,0.705024540852709,0.3241835283381378,0.4373938620537785,0.3250774124160117,0.21959803824805205,0.09598182720852809,0.3348706941167184,0.6692066870118892,0.49524353406410987,0.6528967289821648,0.5736140055183644,0.20893626070371188,0.669054962585413,0.5269943140835223,0.26455074536980444,0.055961222952693075,0.18471115727941653,0.22689546838509508,0.44643224067921056,0.42821518199746966,0.4809021627511252,0.47156283516841446,0.655385856022168,0.04518535196776906,0.40133173309227743,0.2837112401422267,0.5116107078545274,0.49988757444507437,0.4278457879077354,0.47197639639258654,0.2686667622304087,0.27220402211780637,0.05871955469204686,0.31535805984152016,0.6386453812659706,0.5882653806354654,0.3319833215812892,0.4030046767426124,0.5007594779368919,0.6777843960821026,0.3408452186527304,0.20174651140417646,0.20270476124704093,0.38751026002615874,0.5934243542028079,0.19698101059125542,0.31103312911817504,0.20153228286478325,0.24909107270525493,0.5632018443972128,0.10086073631142524,0.6771245502142221,0.5732903693749981,0.5984990966629572,0.23949160631596744,0.2924270171154135,0.449805875557198,0.26583743226186834,0.170656265650588,0.20696627386149918,0.7286242435264874],[0.250203682953845,0.3269612331628892,0.39901694796341697,0,0.5826551181079702,0.6085845227111956,0.3403144964769512,0.4001830487437033,0.4890927642746553,0.18211950097388546,0.5744768792350697,0.42707162621582506,0.10727281577224963,0.3508816504967749,0.4546471917228308,0.2850725477789475,0.5591446221925312,0.3894871569723343,0.16119413728624413,0.5004964282796162,0.32806685475818803,0.5502342359671754,0.12230656932795825,0.102213950071473,0.2795253126661724,0.4945513857632168,0.11636645204570459,0.28179236773753,0.3636915240035806,0.5651389897940542,0.6773927358879651,0.5989914510675778,0.20137912635038072,0.46229169387780633,0.6206239560323455,0.40092846787569836,0.30127426684248204,0.29213658842828627,0.5192587819427011,0.6080241078676855,0.2667881891717047,0.2254656408393618,0.5677891548226695,0.43318535325650764,0.20950306942959016,0.529631144216381,0.0969053204778412,0.36275009562206967,0.0955418072691069,0.15919395969179548,0.36189975893070264,0.44859243696036455,0.11458273263940437,0.42527137598568643,0.17865289805489787,0.23924978988442017,0.18479247603212737,0.16793860784112213,0.2323090331356266,0.5382941783253088,0.4032995222550543,0.08388667157347482,0.3076490636638224,0.1880903195441637,0.10901647303719492,0.47218882126125655,0.17354855995279883,0.3029901960551996,0.6990185378459081,0.21975566399304758,0.22934848249213038,0.341327651713873,0.24163944184612493,0.29118690660209817,0.1330950497911073,0.49792036575446924,0.19544095956066315,0.5877302937390804,0.30679020977045857,0.5040799247554375,0.484491389262264,0.2924610364890001,0.47221267735883365,0.521368119500066,0.5165325093542829,0.6109856303783727,0.3189193658262767,0.38697817686641733,0.4313509583992194],[0.4553346522083838,0.6885319876868111,0.340684258027946,0.5826551181079702,0,0.33954441514695044,0.35048335605950953,0.6057640521427058,0.6926291229841802,0.7694491050725131,0.4632867671526865,0.2383508178620602,0.4734436241099136,0.6174774295788056,0.6002655185451876,0.8220756847460106,0.3884597671118423,0.301821641194473,0.6720589100081107,0.44505878202655524,0.31196369881915326,0.42649982584491336,0.4554005944163115,0.4765610744951779,0.5658204734653715,0.22778890303654692,0.46215903781705264,0.5706705611091052,0.7333883260384245,0.01330332459966978,0.09626757695108415,0.041097161384880995,0.4982723605704266,0.4167908393518866,0.06251187244162157,0.6341825433304964,0.4690643400287763,0.7150014678544975,0.3880544955369746,0.3037501710199158,0.8019057130954445,0.7842612099127373,0.09461684874504536,0.2831428988664676,0.43023546256625994,0.11641312595444307,0.6699793776532628,0.7555816380836605,0.6829663632710217,0.5517871186757186,0.6476927090118003,0.3414893356315062,0.6467347829899712,0.6292958664574194,0.7510279354435562,0.7731906642625314,0.6983503405053618,0.7224452934770849,0.3475284508581638,0.06380196123036486,0.4031966573238978,0.4985311710844516,0.8856551634229355,0.72419105836894,0.4717751259205361,0.20498190422983967,0.5784058131114204,0.8905853658687473,0.21232844405408843,0.48804458726399685,0.49701662266358326,0.3180513183932931,0.6605146346888258,0.522357265370371,0.4460356433946717,0.13503217633818418,0.5331531465841842,0.31467427599475345,0.3338250193064153,0.5557599786753044,0.4175398911885533,0.6200892690739995,0.11194051096699342,0.056737370804776095,0.21820273257093145,0.5461425854488643,0.2694974344639487,0.5520505867345348,0.7057403558052566],[0.36852462713416784,0.8504549240483351,0.20507825648997094,0.6085845227111956,0.33954441514695044,0,0.26325185239575516,0.8212463280811966,0.4462963806047664,0.765840826840035,0.7667264480718111,0.20529488768805682,0.5054273331532535,0.8097795840409368,0.35854727816874316,0.8965429109600245,0.6977615018103879,0.21756716128324263,0.7561164907891175,0.7275096339499444,0.5147951084962418,0.7280087992873256,0.5042761781304744,0.5320543541612633,0.427569017828559,0.5287657342095345,0.5034459318194374,0.4306517854337622,0.8970128224322045,0.3309263630705323,0.40599116570854593,0.3009960376295173,0.42626580766846217,0.1799165469593773,0.29466629190168775,0.8432068035475755,0.6647860777976567,0.8510165476987582,0.684691171896412,0.03287419381462197,0.8774110755018455,0.7290271531515474,0.2399161730876374,0.1764528921844978,0.39468032791143676,0.22795228069458395,0.6554522800242474,0.5918266337811161,0.6908720014874036,0.6685252918696868,0.836981598713298,0.1570296910765591,0.6084539727444125,0.4069094073389785,0.7177560989585624,0.6976370787296174,0.6286169501585748,0.6767518631490145,0.45044509999477117,0.28218937667338406,0.22053283123283046,0.5235863089255969,0.8412658789568478,0.7962106182038081,0.5346694159708146,0.4940421762548038,0.6981825623605827,0.8857957558611129,0.2076335295919578,0.4075827754629247,0.4061670165631879,0.5326169717283454,0.791257428984065,0.38286810392893883,0.5116981601826733,0.22968825916062505,0.45295440936717585,0.6404783174716105,0.30102910453226805,0.8208175518684651,0.6980926133403921,0.7861879453114784,0.29897631625583626,0.3243792427482032,0.5293531194105957,0.22110782874292148,0.33574586265731454,0.34822742085993635,0.9078316244708481],[0.11379670372278365,0.6019517790675958,0.05439937831441891,0.3403144964769512,0.35048335605950953,0.26325185239575516,0,0.5989935453351761,0.3518931631103377,0.5016066110763304,0.6207000946489509,0.11421116071190326,0.23924316140762425,0.5760311769376769,0.26537001636231333,0.6288247766377141,0.566389692715325,0.05336873498108441,0.49076230411378813,0.5632749696122277,0.32512971562455084,0.5837059055181911,0.24130587939257733,0.26881924076715064,0.21269478346776519,0.4173422705602923,0.23893224947706043,0.21736248476172865,0.6474794928195033,0.3328591924704923,0.45056631242010586,0.3423597010175468,0.16923930216024388,0.14234645412518804,0.35573397783246735,0.6160737119035496,0.44444423511744263,0.5942606892211808,0.5400963144844042,0.26446129307582367,0.609861630906185,0.4777147481582815,0.28727122692374735,0.09496660840784937,0.1266769226086665,0.24724393645340445,0.3912782974330382,0.40201494994331494,0.42403725682331284,0.4133883967452477,0.6003407489403559,0.10460626882943001,0.3484954581144483,0.2825963050684222,0.4592165189345357,0.4536859944662228,0.38015212122904846,0.42089812447700103,0.2170209379781085,0.28446091320088807,0.0877211566923513,0.25606400076499747,0.5884959260428799,0.5289800388634576,0.27295915385716385,0.38036526742369936,0.44243439349642316,0.6233408151974534,0.3826462838851714,0.1529435804415162,0.15674938100094937,0.34657634132540727,0.5348943805167071,0.1677082291772225,0.25247343530795835,0.21779435913875358,0.20128717786884423,0.540402539113346,0.04714527369368426,0.6324862913118118,0.5354914879283876,0.5421253271844015,0.23955367811067835,0.2960284851431262,0.42927336462675375,0.31310355055952843,0.1330858912240117,0.20468655005435957,0.6739573065514018],[0.5768948140789268,0.1440447579840318,0.6510272628732754,0.4001830487437033,0.6057640521427058,0.8212463280811966,0.5989935453351761,0,0.8699740433897257,0.4978197505505688,0.2743571873356389,0.6113325732579425,0.40683711428734415,0.05435679195422102,0.8146846644733601,0.38073271044232027,0.31284896739960316,0.6165724963453625,0.2993532815760908,0.21813613932099493,0.30638040887101914,0.27656078309740223,0.38738456002622257,0.36913705358406385,0.655307318450222,0.38959295441045866,0.39636586656272116,0.6589637768259241,0.167114033263379,0.5958040421076206,0.6595408712429796,0.6453882201589859,0.5548772977693792,0.7463641178899926,0.6699798648996912,0.025853745547503946,0.15183738450134265,0.20810138363295344,0.2786571195608385,0.8025813025840518,0.36743242411528504,0.596535196180294,0.6556098092099816,0.6481831132545337,0.5146476916185371,0.6343133005305709,0.48286762246616216,0.7675896717709213,0.4462765922895122,0.236157966117858,0.06923540421921748,0.6964370796942138,0.5181155262867289,0.7994715727529478,0.5431819686159552,0.6268056630525375,0.586221472529076,0.5537761285724538,0.3774328596955175,0.6057041544529179,0.6897695640480268,0.4110114143751322,0.6312469214268007,0.3383265610994011,0.3591834287457159,0.40020802219200863,0.2236720636321743,0.5637025136917538,0.8057923459764049,0.5667437842419674,0.5808118507721385,0.29241425884720246,0.2006977344427975,0.6486242282948572,0.365955717082579,0.6134162795399019,0.5673341866928858,0.39261702627858697,0.5472064754500128,0.137556342623988,0.2283912250714994,0.11729034185538414,0.550256083160812,0.5647824580235491,0.4085259613291627,0.9166892296908601,0.48365341530183653,0.7421282343694136,0.09676772822325072],[0.30102910453226805,0.8198228528250743,0.34738490104334985,0.4890927642746553,0.6926291229841802,0.4462963806047664,0.3518931631103377,0.8699740433897257,0,0.5417483527447777,0.9570034855075314,0.4500727914450615,0.45822449914931396,0.8300043849883226,0.08817909791499169,0.7392308678782921,0.9107190875819943,0.38887746742205087,0.6506369831933436,0.8923311804242736,0.6562282067104831,0.9222085064940811,0.47888794351508807,0.4958208817394933,0.2098878809356074,0.7712811746006621,0.469298711316447,0.2064704316443432,0.85771986178837,0.6763880501061067,0.7875889163918446,0.6740187842926828,0.3107648599979695,0.2806433771650327,0.6809880731700318,0.8779425455302396,0.7334694197566171,0.7858405177440112,0.8802075148034542,0.47596150342110644,0.7260107331581802,0.4479373611152047,0.6108006648899297,0.40463565107406807,0.36262398140409685,0.5758244969594316,0.4582673137264418,0.20842875727239646,0.5089734761495388,0.6376501941088555,0.8463506258981459,0.35010912190364035,0.4012296154115458,0.06828119941950629,0.47002483105012555,0.3995422030477022,0.36648685557069427,0.42750199109530596,0.5274560023165028,0.6239064079233638,0.2844096085154981,0.45464994361277034,0.5442781226883224,0.6622606811563567,0.5058855833826469,0.7348823512394105,0.6594646332576986,0.6288646894049816,0.6493824068154747,0.30086786961944395,0.28632565825684403,0.6777473429956964,0.735548811189508,0.22045239633973696,0.501529203475381,0.5527948919904043,0.2982389163678049,0.8936521278239145,0.3911062793834168,0.9401071372207903,0.8669270060854255,0.7781613175906933,0.5907104830426413,0.6446643223366993,0.7845426872593311,0.26614548541037897,0.48330383508967123,0.14297171322376767,0.91893725486647],[0.3926965477084367,0.3769794674034112,0.5568867064151536,0.18211950097388546,0.7694491050725131,0.765840826840035,0.5016066110763304,0.4978197505505688,0.5417483527447777,0,0.7221870602797268,0.601407596198398,0.29162643877821837,0.43968943155761353,0.5384671849879186,0.20336138139375687,0.7192116689068884,0.5561297946983483,0.19363986310335402,0.6484586466350127,0.5075028925480654,0.7035557700181067,0.30905781633474644,0.2892331295756836,0.37010946112171467,0.674331675630056,0.3023324017041046,0.36990708419231366,0.3953750838745434,0.7518362451530507,0.8645274412342216,0.7846772532865652,0.3353558718162638,0.6009172050041871,0.8058633909827813,0.4875081050819253,0.4460511797038185,0.3175181523521276,0.6782955234959605,0.7706168440517531,0.19546708153754735,0.11086208538349906,0.7508576918307549,0.5998878460604287,0.3715293697540561,0.7118888817252227,0.10542472118381002,0.35512194149483184,0.0815533306226592,0.2880528852741422,0.43818501420478895,0.603792295530203,0.15572400562368902,0.494848918967083,0.06853509881944495,0.15731512744617546,0.17026326836588848,0.10923455204656439,0.4193948156362062,0.7235746820700766,0.5463246469685469,0.26681173633446426,0.13297594101080384,0.16471682370318894,0.29545649812678204,0.6545175924634811,0.2835511127802236,0.11822783315961007,0.8767885135536605,0.35445699902479855,0.358045917055221,0.5183121240444344,0.29609990712760115,0.40114653246059123,0.3201081743921198,0.6798783332073068,0.31251850087727995,0.7587917610006811,0.4773458119454843,0.6259604607713348,0.6375694889134378,0.3757987855999546,0.6579781005982226,0.7080236511317513,0.6967960691982582,0.7263983413168252,0.5024947036911792,0.4840234388444503,0.4916640563016929],[0.6515900448121384,0.42024042634572595,0.6554375707865226,0.5744768792350697,0.4632867671526865,0.7667264480718111,0.6207000946489509,0.2743571873356389,0.9570034855075314,0.7221870602797268,0,0.5786529315178198,0.5262478163312411,0.3252038455383773,0.8817423352971313,0.6475085718571765,0.0705355886553676,0.6119295147436352,0.5365021396289985,0.06916468225906157,0.29582105527011165,0.033710317814841094,0.5003992041132116,0.4966738324179647,0.757080723037934,0.23570123517338643,0.5116173676790395,0.761733997646792,0.4465009398205653,0.4611958812467377,0.47782193686217034,0.5091901499505342,0.6542413486292505,0.7562569953916529,0.5303939993803427,0.3029039406566826,0.27187466044737796,0.47999122573977354,0.0776347816671993,0.7379098815634,0.6317511831336348,0.800565208055353,0.5452507764914023,0.6273081051624319,0.5918430377998743,0.5406916243899335,0.673914976822351,0.9124107207026435,0.6517898704973357,0.4294073270471399,0.3474961572462869,0.688337679100039,0.6906559086600055,0.8837160471750318,0.7493700517249033,0.818687952865866,0.7610812024996914,0.7465840876807359,0.42549080288032415,0.49389382513841884,0.7112255914381849,0.5424766277564003,0.8601796118917862,0.5855419393503128,0.48562708715339287,0.2682736227288653,0.43464318123063395,0.8103584576183941,0.6806314707169323,0.6586093307710448,0.6731296095518173,0.27424850107987936,0.4562789231334012,0.7338147648933845,0.47671864941242736,0.5327792915783298,0.6789690350396925,0.15743601353302913,0.5717813215231125,0.14241510503555388,0.08734752770944382,0.3744811275110412,0.46300576525072823,0.44823177958894067,0.24081755094292093,0.9226795849607143,0.48289437866388896,0.8122536039878478,0.3620238474153594],[0.23072611433863274,0.6421360312917602,0.09765853613216963,0.42707162621582506,0.2383508178620602,0.20529488768805682,0.11421116071190326,0.6113325732579425,0.4500727914450615,0.601407596198398,0.5786529315178198,0,0.3167448565487125,0.599495959738389,0.3583767537609649,0.7063114221557322,0.5153354256040948,0.05938400965220879,0.5606365064543246,0.5315096546592436,0.3078336923365705,0.5401506355057576,0.31000686971490965,0.3372459506180147,0.3315776977355169,0.3520915796837743,0.311513042858577,0.3361761914387612,0.6888346883140521,0.22165341181401343,0.33614152556705706,0.2252924808444915,0.28303779090729403,0.18491718596613446,0.2373160720020377,0.6329920716416978,0.45469215553994524,0.6460952661394085,0.4960153207028237,0.1906659275651497,0.6865665817298614,0.5889466111839065,0.16823425457934715,0.046145036995233826,0.22730308990353512,0.12856508889632512,0.49267685736125766,0.5203360357029972,0.5194057951327773,0.4640721376643101,0.6268099074451681,0.10987045352904914,0.4555793601951663,0.38593882312395456,0.5659442881711558,0.568178442852176,0.49373102418138154,0.5301017623510088,0.2420237619777308,0.17020697144933072,0.16099531818493523,0.33842288870856235,0.6980098500776437,0.6048841542764352,0.33789210646162204,0.31489577640138444,0.49377850060255135,0.7244951757850349,0.27113296208414034,0.2684957003677062,0.2739947351776587,0.32677828853648044,0.586467720923007,0.286017232809084,0.31309162152512315,0.10053769769272805,0.31666622147025125,0.4730495367871684,0.11972736145579597,0.6176785729770875,0.5023077347858403,0.5770491330018388,0.13834375119729408,0.1899387948685949,0.35880117650622817,0.3412363334112086,0.1261333358974353,0.30868303633056693,0.6975148663295512],[0.17280322285671784,0.37341634433548654,0.2986724078174184,0.10727281577224963,0.4734436241099136,0.5054273331532535,0.23924316140762425,0.40683711428734415,0.45822449914931396,0.29162643877821837,0.5262478163312411,0.3167448565487125,0,0.3690660499950764,0.4049130311031844,0.38668764505978465,0.497882637411942,0.2836037095593644,0.24649051126090324,0.45481186333328216,0.24724579174916636,0.49685284350422093,0.0212027634116725,0.03291155351316877,0.2439669476917966,0.4077176482588392,0.010059759419536409,0.247808520115147,0.4165478610943972,0.45568252822031563,0.5698826207384888,0.4880240628051931,0.1431340191376368,0.37340965912851465,0.5092982312673004,0.415875190927189,0.2742346405418736,0.35603119861225446,0.46046639740794504,0.5020974495645496,0.367322368538322,0.3136960198183366,0.45560808590035323,0.32665527780459874,0.11680414861878155,0.41734790103331837,0.1924624399556883,0.3813013600046529,0.2056226595334963,0.1828009419309092,0.3878484832065367,0.34887382923210314,0.179577532582715,0.3876228401590662,0.27495547263953307,0.31357113442168544,0.24416845340172552,0.2517841736251563,0.13023554725467987,0.4269846116499526,0.3134403214505247,0.020119518839072818,0.40888063001449143,0.28589311884983676,0.042634699933269266,0.3809851246268996,0.20924535735921818,0.4139322289464818,0.5870875939061331,0.15602840802816456,0.16967428706656196,0.2646017001942163,0.29807202380580144,0.23762206916355832,0.044508690311878304,0.38562051315456636,0.15694474305825426,0.5121679753293489,0.19995854666150314,0.4834695931918374,0.43390890693865125,0.3220747648656726,0.3613235765201198,0.4118436861191944,0.4284541300935769,0.5332683074239071,0.2067334323592087,0.3328230630006497,0.4617527134869592],[0.5434992006315921,0.09011332311805972,0.6304193319232023,0.3508816504967749,0.6174774295788056,0.8097795840409368,0.5760311769376769,0.05435679195422102,0.8300043849883226,0.43968943155761353,0.3252038455383773,0.599495959738389,0.3690660499950764,0,0.7789426686105385,0.32274696984949197,0.3562051414870685,0.5986835147023347,0.24103587642491203,0.26328037744400923,0.3068017713699075,0.32309030504994285,0.35190025131581787,0.3311264305312367,0.6150994183708777,0.41249558444743906,0.3599675271956928,0.6185129290069482,0.12230656932795825,0.6060950197426858,0.6786690897985943,0.6547649626842635,0.5169761643273427,0.7227921500585135,0.6795445836787101,0.04519341252108188,0.14571839276096352,0.1511131744412942,0.31934081923549085,0.7935386995564402,0.3089488135891501,0.5401625385350036,0.6591693831416466,0.6329229521574156,0.4823586641787573,0.6348101239864578,0.42918271269892305,0.7186052284111453,0.39078023626256947,0.18902832910479675,0.025233113767241154,0.6774639686050112,0.4670421644122278,0.7606961504824563,0.4868390712673417,0.5718078131407