"trial_id","rt","stimulus","response","trial_type","trial_index","plugin_version","time_elapsed","language","participant_number","success","raw_payload","placements","dissimilarity_vector","n_words","trial_category","distance_matrix","value"
"consent_form","2787","
    <div style=""max-width:800px; margin:0 auto; text-align:left; font-size: 16px; padding: 10px 0;"">
      <h1>Informed Consent Form</h1>
      <p>You are being invited to participate in a research study titled <strong>""Reproducibility of Psychological Science and Instruction.""</strong> This study is being done by Dr. Bria Long from UC San Diego and associated graduate students in the Experimental Methods course. You were selected to participate in this study because you are an adult in the U.S. and have been a represented population in previous psychology studies.</p>
      
      <p>The purpose of this study is to better understand how well previously published studies in the psychological field replicate online and with different populations. Your participation in this research should last approximately <strong>5-30 minutes</strong>. If you agree to take part in this study, you may be asked to view a set of stimuli, including pictures, sounds, written text, or videos and then giving some responses via key-presses, verbally, or with paper-and-pencil. We may also observe your choices or preferences among an array of stimuli. These stimuli will be taken directly from or closely adapted from studies that already exist in the published psychological literature. Stimuli will include, e.g., pictures of objects and human faces, audio and video clips, short text passages, etc. None of the stimuli will be disturbing, threatening, or offensive. The online and in-person experiments described in this protocol will take no more than 30 minutes. An example game you might play would be to click on an image on the screen that matches a word you hear being said out loud. Your total expected time commitment for this study is between 5-30 minutes, and is specified in the study description.</p>
      
      <p>Your participation in this study is completely voluntary and you can withdraw at any time. Choosing not to participate or withdrawing will result in no penalty or loss of benefits to which you are entitled. You are free to skip any question that you choose.</p>
      
      <p>We will not be asking for any personally identifying information, and we will handle responses as confidentially as possible. Your SONA or Prolific IDs will never be tied to your responses on this survey. However, we cannot guarantee the confidentiality of information transmitted over the Internet. To minimize this risk, data containing anything that might be personally identifying (e.g. Prolific IDs or IP addresses) will be encrypted on transfer and storage and will only be accessible to qualified lab personnel. We will be keeping data collected as part of this experiment indefinitely. This anonymized data (containing neither Prolific IDs nor IP addresses) may be shared with the scientific community or with other participants to be used as stimuli in future studies.</p>
      
      <p>If you have questions about this project or if you have a research-related problem, you may contact the researcher(s), <strong>Dr. Bria Long, <a href=""mailto:brlong@ucsd.edu"">brlong@ucsd.edu</a></strong>. If you have any questions concerning your rights as a research subject, you may contact the UC San Diego Office of IRB Administration at <a href=""mailto:irb@ucsd.edu"">irb@ucsd.edu</a> or 858-246-4777.</p>
      
      <h3 style=""margin-top: 25px;"">Consent Statement</h3>
      <p style=""font-weight: bold;"">By participating in this research you are indicating that you are at least 18 years old, have read this consent form, and agree to participate in this research study. Please keep this consent form for your records.</p>
    </div>
  ","0","html-button-response","0","2.1.0","2789","en","am1dzy3vj3_5ofsil","","","","","","","",""
"","4055","
    <div style=""display:flex; align-items:center; justify-content:center; height:100vh; font-family:sans-serif;"">
      <div style=""max-width:900px; margin:0 auto; text-align:center;"">
        <h1 style= ""font-size: 24px;"">Welcome! Thank you for participating in the study.</h1>
        <p style=""font-size:18px; line-height:1.6;"">
          In this task, you will be presented with <strong>90 words</strong> arranged <strong>outside a circle</strong>.<br>
          Your job is to <strong>drag these words into the circle</strong> and <strong>rearrange them</strong> based on their <strong>meaning similarity</strong>.<br><br>
          Words that are <strong>similar in meaning</strong> should be placed <strong>closer together</strong>.<br>
          Words that are <strong>different in meaning</strong> should be placed <strong>farther apart</strong>.<br><br>
          You can place the words <strong>anywhere inside the circle</strong>. There is no single correct answer — 
          we are interested in <strong>your personal judgment</strong> of how these words relate to each other.<br><br>
          <strong>You must move all words into the circle before you can finish.</strong><br>
          After the initial arrangement, you will arrange words from specific categories.
        </p>
        <p style=""font-size:16px; margin-top:30px;""><em>Press any key to continue.</em></p>
      </div>
    </div>
  "," ","html-keyboard-response","1","2.1.0","6847","en","am1dzy3vj3_5ofsil","","","","","","","",""
"","2788","<p style='font-size:20px;'>Which is your first language or primary language of use?</p>","1","html-button-response","2","2.1.0","9636","en","am1dzy3vj3_5ofsil","","","","","","","",""
"","2617","","","fullscreen","3","2.1.0","13256","en","am1dzy3vj3_5ofsil","true","{""placements"":[{""word"":""proud"",""x"":286.6,""y"":266.2,""cx"":309.5,""cy"":283.6,""angle_rad"":-2.118,""angle_deg"":238.6},{""word"":""refrigerator"",""x"":406.8,""y"":3.2,""cx"":446,""cy"":20.6,""angle_rad"":-1.287,""angle_deg"":286.2},{""word"":""rabbit"",""x"":634.5,""y"":196.2,""cx"":657,""cy"":213.6,""angle_rad"":-0.418,""angle_deg"":336},{""word"":""agreement"",""x"":324,""y"":225.2,""cx"":362.5,""cy"":242.6,""angle_rad"":-1.455,""angle_deg"":276.6},{""word"":""lips"",""x"":397,""y"":274.2,""cx"":412.5,""cy"":291.6,""angle_rad"":-0.751,""angle_deg"":316.9},{""word"":""scissors"",""x"":653.2,""y"":229.2,""cx"":683.5,""cy"":246.6,""angle_rad"":-0.301,""angle_deg"":342.8},{""word"":""giraffe"",""x"":659.2,""y"":261.2,""cx"":683.5,""cy"":278.6,""angle_rad"":-0.211,""angle_deg"":347.9},{""word"":""system"",""x"":658.3,""y"":282.2,""cx"":685.5,""cy"":299.6,""angle_rad"":-0.149,""angle_deg"":351.5},{""word"":""fault"",""x"":333.3,""y"":447.2,""cx"":351.5,""cy"":464.6,""angle_rad"":1.558,""angle_deg"":89.2},{""word"":""friendship"",""x"":258.2,""y"":322.2,""cx"":293.5,""cy"":339.6,""angle_rad"":-2.96,""angle_deg"":190.4},{""word"":""method"",""x"":472.2,""y"":330.2,""cx"":500.5,""cy"":347.6,""angle_rad"":-0.016,""angle_deg"":359.1},{""word"":""ant"",""x"":682.8,""y"":353.2,""cx"":697.5,""cy"":370.6,""angle_rad"":0.059,""angle_deg"":3.4},{""word"":""depressed"",""x"":402.8,""y"":459.2,""cx"":440.5,""cy"":476.6,""angle_rad"":0.95,""angle_deg"":54.4},{""word"":""sofa"",""x"":670.3,""y"":376.2,""cx"":688.5,""cy"":393.6,""angle_rad"":0.128,""angle_deg"":7.3},{""word"":""violence"",""x"":334.8,""y"":565.2,""cx"":365.5,""cy"":582.6,""angle_rad"":1.504,""angle_deg"":86.2},{""word"":""chopsticks"",""x"":648.8,""y"":403.2,""cx"":686.5,""cy"":420.6,""angle_rad"":0.207,""angle_deg"":11.8},{""word"":""concept"",""x"":537,""y"":342.2,""cx"":566.5,""cy"":359.6,""angle_rad"":0.044,""angle_deg"":2.5},{""word"":""sparrow"",""x"":645.6,""y"":425.2,""cx"":675.5,""cy"":442.6,""angle_rad"":0.277,""angle_deg"":15.9},{""word"":""chair"",""x"":647.3,""y"":458.2,""cx"":667.5,""cy"":475.6,""angle_rad"":0.377,""angle_deg"":21.6},{""word"":""business"",""x"":499.9,""y"":378.2,""cx"":532.5,""cy"":395.6,""angle_rad"":0.245,""angle_deg"":14},{""word"":""magic power"",""x"":605.8,""y"":498.2,""cx"":650.5,""cy"":515.6,""angle_rad"":0.504,""angle_deg"":28.9},{""word"":""result"",""x"":508.4,""y"":450.2,""cx"":530.5,""cy"":467.6,""angle_rad"":0.577,""angle_deg"":33.1},{""word"":""hostility"",""x"":441.2,""y"":513.2,""cx"":469.5,""cy"":530.6,""angle_rad"":0.986,""angle_deg"":56.5},{""word"":""dispute"",""x"":437.9,""y"":559.2,""cx"":465.5,""cy"":576.6,""angle_rad"":1.099,""angle_deg"":63},{""word"":""relationship"",""x"":185.7,""y"":360.2,""cx"":226.5,""cy"":377.6,""angle_rad"":2.922,""angle_deg"":167.4},{""word"":""pencil"",""x"":663.2,""y"":317.2,""cx"":686.5,""cy"":334.6,""angle_rad"":-0.046,""angle_deg"":357.4},{""word"":""anger"",""x"":345.6,""y"":506.2,""cx"":368.5,""cy"":523.6,""angle_rad"":1.465,""angle_deg"":83.9},{""word"":""team"",""x"":502.9,""y"":281.2,""cx"":523.5,""cy"":298.6,""angle_rad"":-0.288,""angle_deg"":343.5},{""word"":""washing machine"",""x"":-37.6,""y"":375.2,""cx"":21.5,""cy"":392.6,""angle_rad"":3.013,""angle_deg"":172.6},{""word"":""thigh"",""x"":-12.7,""y"":352.2,""cx"":7.5,""cy"":369.6,""angle_rad"":3.084,""angle_deg"":176.7},{""word"":""charity"",""x"":-8.1,""y"":270.2,""cx"":17.5,""cy"":287.6,""angle_rad"":-2.956,""angle_deg"":190.6},{""word"":""finger"",""x"":-12,""y"":284.2,""cx"":10.5,""cy"":301.6,""angle_rad"":-3,""angle_deg"":188.1},{""word"":""characteristic"",""x"":115.3,""y"":325.2,""cx"":161.5,""cy"":342.6,""angle_rad"":-3.102,""angle_deg"":182.2},{""word"":""cat"",""x"":-4.8,""y"":315.2,""cx"":9.5,""cy"":332.6,""angle_rad"":-3.091,""angle_deg"":182.9},{""word"":""eye"",""x"":284.2,""y"":-5.8,""cx"":300.5,""cy"":11.6,""angle_rad"":-1.716,""angle_deg"":261.7},{""word"":""bed"",""x"":2.8,""y"":240.2,""cx"":19.5,""cy"":257.6,""angle_rad"":-2.869,""angle_deg"":195.6},{""word"":""computer mouse"",""x"":-23.6,""y"":220.2,""cx"":33.5,""cy"":237.6,""angle_rad"":-2.8,""angle_deg"":199.6},{""word"":""microwave"",""x"":2.1,""y"":182.2,""cx"":40.5,""cy"":199.6,""angle_rad"":-2.689,""angle_deg"":205.9},{""word"":""reason"",""x"":282.1,""y"":366.2,""cx"":308.5,""cy"":383.6,""angle_rad"":2.461,""angle_deg"":141},{""word"":""hammer"",""x"":156.3,""y"":33.2,""cx"":187,""cy"":50.6,""angle_rad"":-2.069,""angle_deg"":241.4},{""word"":""spoon"",""x"":29.4,""y"":160.2,""cx"":53.5,""cy"":177.6,""angle_rad"":-2.615,""angle_deg"":210.2},{""word"":""fate"",""x"":342.8,""y"":372.2,""cx"":359.5,""cy"":389.6,""angle_rad"":1.335,""angle_deg"":76.5},{""word"":""arm"",""x"":121.9,""y"":60.2,""cx"":139,""cy"":77.6,""angle_rad"":-2.23,""angle_deg"":232.2},{""word"":""rat"",""x"":260.8,""y"":0.2,""cx"":274,""cy"":17.6,""angle_rad"":-1.796,""angle_deg"":257.1},{""word"":""excited"",""x"":223.3,""y"":266.2,""cx"":250.5,""cy"":283.6,""angle_rad"":-2.553,""angle_deg"":213.7},{""word"":""ear"",""x"":61.4,""y"":129.2,""cx"":76.5,""cy"":146.6,""angle_rad"":-2.502,""angle_deg"":216.6},{""word"":""society"",""x"":201.7,""y"":321.2,""cx"":228.5,""cy"":338.6,""angle_rad"":-3.048,""angle_deg"":185.4},{""word"":""toothbrush"",""x"":82.4,""y"":87.2,""cx"":120.5,""cy"":104.6,""angle_rad"":-2.323,""angle_deg"":226.9},{""word"":""process"",""x"":400,""y"":329.2,""cx"":429.5,""cy"":346.6,""angle_rad"":-0.043,""angle_deg"":357.6},{""word"":""splendor"",""x"":416.7,""y"":228.2,""cx"":448.5,""cy"":245.6,""angle_rad"":-0.814,""angle_deg"":313.3},{""word"":""air conditioner"",""x"":163.5,""y"":23.2,""cx"":212.5,""cy"":40.6,""angle_rad"":-1.989,""angle_deg"":246},{""word"":""tortoise"",""x"":68.6,""y"":114.2,""cx"":96.5,""cy"":131.6,""angle_rad"":-2.43,""angle_deg"":220.7},{""word"":""status"",""x"":251.8,""y"":228.2,""cx"":275.5,""cy"":245.6,""angle_rad"":-2.191,""angle_deg"":234.5},{""word"":""trauma"",""x"":250.7,""y"":546.2,""cx"":277.5,""cy"":563.6,""angle_rad"":1.898,""angle_deg"":108.7},{""word"":""death"",""x"":300,""y"":652.2,""cx"":322.5,""cy"":669.6,""angle_rad"":1.657,""angle_deg"":94.9},{""word"":""happy"",""x"":332.4,""y"":268.2,""cx"":356.5,""cy"":285.6,""angle_rad"":-1.47,""angle_deg"":275.8},{""word"":""identity"",""x"":325.8,""y"":321.2,""cx"":353,""cy"":338.6,""angle_rad"":-1.313,""angle_deg"":284.8},{""word"":""marriage"",""x"":321.9,""y"":134.2,""cx"":354.5,""cy"":151.6,""angle_rad"":-1.548,""angle_deg"":271.3},{""word"":""error"",""x"":262.7,""y"":445.2,""cx"":282.5,""cy"":462.6,""angle_rad"":2.111,""angle_deg"":120.9},{""word"":""ankle"",""x"":531.8,""y"":51.2,""cx"":553.5,""cy"":68.6,""angle_rad"":-0.945,""angle_deg"":305.9},{""word"":""tiger"",""x"":569.9,""y"":81.2,""cx"":588.5,""cy"":98.6,""angle_rad"":-0.812,""angle_deg"":313.5},{""word"":""apathy"",""x"":437.5,""y"":278.2,""cx"":463.5,""cy"":295.6,""angle_rad"":-0.447,""angle_deg"":334.4},{""word"":""disease"",""x"":366.4,""y"":650.2,""cx"":395.5,""cy"":667.6,""angle_rad"":1.428,""angle_deg"":81.8},{""word"":""broom"",""x"":217.2,""y"":1.2,""cx"":242,""cy"":18.6,""angle_rad"":-1.886,""angle_deg"":252},{""word"":""sad"",""x"":273.7,""y"":641.2,""cx"":290,""cy"":658.6,""angle_rad"":1.763,""angle_deg"":101},{""word"":""key"",""x"":43.1,""y"":510.2,""cx"":59,""cy"":527.6,""angle_rad"":2.594,""angle_deg"":148.6},{""word"":""heaven"",""x"":408,""y"":64.2,""cx"":436,""cy"":81.6,""angle_rad"":-1.261,""angle_deg"":287.8},{""word"":""obligation"",""x"":241,""y"":145.2,""cx"":276,""cy"":162.6,""angle_rad"":-1.947,""angle_deg"":248.5},{""word"":""data"",""x"":35.4,""y"":469.2,""cx"":54,""cy"":486.6,""angle_rad"":2.709,""angle_deg"":155.2},{""word"":""loving heart"",""x"":498.8,""y"":238.2,""cx"":540,""cy"":255.6,""angle_rad"":-0.461,""angle_deg"":333.6},{""word"":""content"",""x"":152,""y"":264.2,""cx"":180,""cy"":281.6,""angle_rad"":-2.759,""angle_deg"":201.9},{""word"":""phenomenon"",""x"":-12.9,""y"":435.2,""cx"":33,""cy"":452.6,""angle_rad"":2.829,""angle_deg"":162.1},{""word"":""cabinet"",""x"":340.4,""y"":-5.8,""cx"":368,""cy"":11.6,""angle_rad"":-1.518,""angle_deg"":273},{""word"":""miracle"",""x"":334.4,""y"":188.2,""cx"":362,""cy"":205.6,""angle_rad"":-1.488,""angle_deg"":274.8},{""word"":""fear"",""x"":585.9,""y"":383.2,""cx"":603,""cy"":400.6,""angle_rad"":0.197,""angle_deg"":11.3},{""word"":""knee"",""x"":14.8,""y"":404.2,""cx"":35,""cy"":421.6,""angle_rad"":2.918,""angle_deg"":167.2},{""word"":""comfortable"",""x"":398.4,""y"":190.2,""cx"":440,""cy"":207.6,""angle_rad"":-1.007,""angle_deg"":302.3},{""word"":""debt"",""x"":243.4,""y"":413.2,""cx"":262,""cy"":430.6,""angle_rad"":2.4,""angle_deg"":137.5},{""word"":""elephant"",""x"":599.1,""y"":535.2,""cx"":631,""cy"":552.6,""angle_rad"":0.625,""angle_deg"":35.8},{""word"":""effect"",""x"":289,""y"":416.2,""cx"":311,""cy"":433.6,""angle_rad"":2.007,""angle_deg"":115},{""word"":""discipline"",""x"":396.7,""y"":381.2,""cx"":430.5,""cy"":398.6,""angle_rad"":0.543,""angle_deg"":31.1},{""word"":""television"",""x"":565.8,""y"":101.2,""cx"":600,""cy"":118.6,""angle_rad"":-0.747,""angle_deg"":317.2},{""word"":""shoulder"",""x"":595.2,""y"":134.2,""cx"":627,""cy"":151.6,""angle_rad"":-0.622,""angle_deg"":324.4},{""word"":""nose"",""x"":617.8,""y"":163.2,""cx"":638,""cy"":180.6,""angle_rad"":-0.532,""angle_deg"":329.5},{""word"":""ax"",""x"":639.6,""y"":181.2,""cx"":652,""cy"":198.6,""angle_rad"":-0.465,""angle_deg"":333.4},{""word"":""scenery"",""x"":326,""y"":55.2,""cx"":355.5,""cy"":72.6,""angle_rad"":-1.551,""angle_deg"":271.1},{""word"":""panda"",""x"":316.5,""y"":-11.8,""cx"":341,""cy"":5.6,""angle_rad"":-1.597,""angle_deg"":268.5},{""word"":""fraud"",""x"":189.6,""y"":450.2,""cx"":210.5,""cy"":467.6,""angle_rad"":2.441,""angle_deg"":139.9},{""word"":""table"",""x"":480.8,""y"":31.2,""cx"":501,""cy"":48.6,""angle_rad"":-1.106,""angle_deg"":296.6}],""n_words"":89,""words"":[""proud"",""refrigerator"",""rabbit"",""agreement"",""lips"",""scissors"",""giraffe"",""system"",""fault"",""friendship"",""method"",""ant"",""depressed"",""sofa"",""violence"",""chopsticks"",""concept"",""sparrow"",""chair"",""business"",""magic power"",""result"",""hostility"",""dispute"",""relationship"",""pencil"",""anger"",""team"",""washing machine"",""thigh"",""charity"",""finger"",""characteristic"",""cat"",""eye"",""bed"",""computer mouse"",""microwave"",""reason"",""hammer"",""spoon"",""fate"",""arm"",""rat"",""excited"",""ear"",""society"",""toothbrush"",""process"",""splendor"",""air conditioner"",""tortoise"",""status"",""trauma"",""death"",""happy"",""identity"",""marriage"",""error"",""ankle"",""tiger"",""apathy"",""disease"",""broom"",""sad"",""key"",""heaven"",""obligation"",""data"",""loving heart"",""content"",""phenomenon"",""cabinet"",""miracle"",""fear"",""knee"",""comfortable"",""debt"",""elephant"",""effect"",""discipline"",""television"",""shoulder"",""nose"",""ax"",""scenery"",""panda"",""fraud"",""table""],""distance_matrix"":[[0,0.41591384299071354,0.5021129546083636,0.07610357143914244,0.1299010531468469,0.5337451137136711,0.5310890286701128,0.5345075782863866,0.252157059533388,0.06311226652513077,0.2753168153155173,0.5660633868011927,0.32247448171296444,0.561626673425046,0.42760048417862845,0.5712303328797683,0.373959592857222,0.5681541515178058,0.578810987094593,0.3466090117699602,0.588001049227491,0.402959121925181,0.4129223272859345,0.46871214937772115,0.16263522930866145,0.5405740684173422,0.34305259927159715,0.29471166727179243,0.4331394767251032,0.44213421964835825,0.40956331489991943,0.4206982832898067,0.2129125714858916,0.4272690988470777,0.38010506814651895,0.40828262951029687,0.3914538764802275,0.39442235880536064,0.1250030188931504,0.366902792929972,0.38740904218548994,0.1504855077242875,0.37307735144579585,0.3744879982448602,0.064237216886874,0.3773540139301507,0.12189562769960226,0.36256292830897113,0.17765132807832837,0.190348906367075,0.36453897699400606,0.3645814534027502,0.05236739081779047,0.3944407633109541,0.5491467621846019,0.04651730426675138,0.08072068136876047,0.18347137097133992,0.24506732335215667,0.4587357748317724,0.4728931308576978,0.20571065180382425,0.5599551448881059,0.3820504477793582,0.5332722359321587,0.4950209033800865,0.3300042329640731,0.16286110249514568,0.46039217188288073,0.32089611310024124,0.16873489928012075,0.45702908048426655,0.3891016535798029,0.11613763406908263,0.44503056751045034,0.43210182806272834,0.2005988825364812,0.20573583394298198,0.5980123976788991,0.1991023243506096,0.22418164566841606,0.47189444571999295,0.4863543110109247,0.4869810029706432,0.4997561247156366,0.29683221998199943,0.3914121668699953,0.28643892164907503,0.42603950330337476],[0.41591384299071354,0,0.4005638793921207,0.3282902278888861,0.3814593362717512,0.46264164016318665,0.4964681871181778,0.5216993452008302,0.6495112630009457,0.5007755758531387,0.4680738869642919,0.6154934438284292,0.652605438545062,0.636105797891401,0.8181393179794706,0.6684625324611188,0.5099658923857411,0.6886688063043472,0.7267269314375887,0.5471138718187557,0.7704858955758275,0.6509510067377577,0.7333814495260774,0.801254074754344,0.5978462234183306,0.5629305847669969,0.7310019048607638,0.40448496017261804,0.813243978024268,0.8073142958057795,0.7249883828207049,0.7448599057181668,0.613551237732042,0.7719109699788133,0.19283470338501738,0.6998670029139024,0.6675173031426831,0.6336630580585388,0.5520368609036493,0.36318579191545725,0.6032611319377774,0.538453460613225,0.43952654053619,0.23173204263278377,0.46243140712217207,0.5553316418530229,0.5477354134128416,0.4749699120148828,0.46052611839483115,0.3102551929195059,0.32409784768150635,0.5202263126335424,0.39515331432842377,0.8193352505951691,0.9558237796868296,0.39130356978820907,0.4677916257360209,0.21360101109476878,0.6751863996084687,0.15126926192955614,0.2175421437577749,0.3851545340699149,0.9385176392861795,0.2791289873200548,0.9501171801346368,0.9220017670514727,0.06840766975928085,0.30505377339152534,0.8792146050369021,0.3518804083106987,0.5290567705778317,0.86247839440755,0.09316045534949319,0.2778952345441691,0.5861009626317017,0.8277393981407136,0.25406456210197526,0.6427684790352496,0.8114892951796464,0.6207015735403382,0.5374378903121756,0.2473091704810046,0.30791144224084255,0.34717569879441057,0.38025478407094615,0.1314797510346387,0.133984913259982,0.725528263265716,0.06826371483254126],[0.5021129546083636,0.4005638793921207,0,0.4153383306980842,0.3571227707078934,0.03952360954611748,0.08082629273134034,0.11106473695506065,0.5627338478246768,0.5469232326868607,0.2821223416757558,0.21708102990159087,0.4816151856850932,0.24760228851725466,0.6736706773235193,0.2866595951087865,0.23135811631128525,0.31726784805716446,0.3653770263382813,0.30357944847646834,0.42444548486312406,0.3973078770193383,0.5225933275076742,0.5850047319585712,0.6594919369681109,0.16136790827764147,0.6043591535056139,0.21133659025165816,0.9552044812010883,0.9666797604921111,0.9308108053547777,0.9436952181219781,0.735568323302601,0.9524127731743081,0.5840200036558565,0.923770826054518,0.9014608040912642,0.890638702632879,0.5514199720539746,0.7140001549368765,0.8727280793583639,0.4890451471173653,0.7704509622823454,0.614379723211821,0.5880679662158976,0.8427651814317901,0.638270655836492,0.7880930405178267,0.3673247780297369,0.2894009180590872,0.6836457596624658,0.8162578609748781,0.5441391866776389,0.7418503665849034,0.8148728209731155,0.4347230138973543,0.46390282360087465,0.43440158582709754,0.643255105033124,0.2408063160641926,0.1751662333212955,0.288239597466626,0.7532163547955399,0.6563059107705633,0.8315915034828487,0.9777260041073496,0.3582780366412654,0.5464487652037565,0.9577115124957456,0.16102103306979149,0.6908230807278457,0.9670244038178045,0.4993228861196152,0.4141291727555613,0.2652447920133428,0.9487263197355678,0.2985022154124085,0.6446750430185852,0.48064795532492965,0.584417248960903,0.41019020395168354,0.14098260378793312,0.07887361940983566,0.033233936338958645,0.00023549428141590145,0.47004574938317,0.5374295663908681,0.7380489940013388,0.31330287121103506],[0.07610357143914244,0.3282902278888861,0.4153383306980842,0,0.08054883360210584,0.4525350958749515,0.45548034045245184,0.46285799476736944,0.3061924822200349,0.15320796759957897,0.23377410464292786,0.5082491321402257,0.3423293543079,0.5092152009071768,0.4806741063741175,0.5246310227342333,0.3253058806564956,0.5272484529017997,0.5455845565380237,0.3157348891209541,0.5648695945534872,0.3929262518452671,0.43209881345294415,0.4947639270924065,0.26077912085356075,0.47592504653605383,0.393316600236834,0.22941281841600847,0.5288658628250511,0.5355343706375936,0.49239480058571466,0.5057141483466974,0.3094961307806289,0.5166537888682284,0.33124170367319355,0.4855860469531529,0.4644097614423846,0.4582160197439279,0.20055349346911175,0.3622845901249547,0.44473675303658694,0.19469083417313607,0.3884913281650944,0.33510011929577205,0.15354998592647517,0.4238705170773846,0.22108177052249617,0.38963860530877936,0.16013674992410534,0.10432635963513512,0.34965771179463795,0.4039371089545606,0.1058073811675575,0.4688929235622468,0.6123511900854636,0.0411439694650674,0.11976284023758275,0.1121785103113267,0.3237111166653329,0.3596915877979085,0.37392364958506563,0.14583334783845497,0.6085127522412156,0.3537355093572346,0.602571916041826,0.5937805498360108,0.23907876299483083,0.15140766870129932,0.5596844109552207,0.2405483208052428,0.25335972401305346,0.5558324910841066,0.3192230997416714,0.03164015877902701,0.40323537308243257,0.5298917135328148,0.10282139956932337,0.2927133284736922,0.5845550265280313,0.2699581066729969,0.22899082888829092,0.3738413825455264,0.39131946382120364,0.39528190383941875,0.4107447103206467,0.2289429298188863,0.3294597713378237,0.3791892303184756,0.33004153672984754],[0.1299010531468469,0.3814593362717512,0.3571227707078934,0.08054883360210584,0,0.38390157950530374,0.3788643708276111,0.3815400548800949,0.24864540451801034,0.1669574540757633,0.13137855797981637,0.41507471922690653,0.2540804028238144,0.41284930670754794,0.41362923935402507,0.4255987155135824,0.2262767144456317,0.4262172854874842,0.44279681928357234,0.21212531693139958,0.4611425887040268,0.29081593426407715,0.34091474383160186,0.40639022797954794,0.2804770718657917,0.3878179884173078,0.3267365231443746,0.14162340581701852,0.5752510491005299,0.5880082352954871,0.5621896667000079,0.5727173270792416,0.35636486357069885,0.5770976813019638,0.4237034722041498,0.5613712711891353,0.5441212837514697,0.5446842297138977,0.18257150668057529,0.4659055343160582,0.5349897371127469,0.14190962524013936,0.49143182795201823,0.4317737213802344,0.2171666995888375,0.5191133445371237,0.2582311659089487,0.4906519235869613,0.06211415839213923,0.06336633789767912,0.45240582499282433,0.501694213082673,0.19096504950395501,0.42680084527641565,0.5526259162758957,0.060266450478076855,0.08916862147866417,0.20137153784361764,0.2951258698655979,0.3677877335061734,0.3638785782340945,0.052614021157399556,0.534572546417559,0.4537850183687217,0.5501631376943071,0.6066749807671971,0.28994840676675565,0.2551248833728021,0.5815756790787024,0.17313538026132608,0.3216674950625819,0.5877067970076685,0.396947372635565,0.12459680905399888,0.30205371305563683,0.568468335292159,0.10778606662285374,0.28040203392534474,0.48122786305897935,0.23546598440318645,0.13759698338335657,0.3548670003884152,0.35638872927079734,0.3492665654844272,0.35754117557032006,0.312155563585799,0.413675111345121,0.37383515997523065,0.36004774233060266],[0.5337451137136711,0.46264164016318665,0.03952360954611748,0.4525350958749515,0.38390157950530374,0,0.024225592471054855,0.0554016461088894,0.5653828488403413,0.5709550343138944,0.2865559247501202,0.16172897769104624,0.47263409806473433,0.19477145074279675,0.6623709260066967,0.23469542112092728,0.21785096097476447,0.2675010071311094,0.3169895687032937,0.29117240426434843,0.37842717079306787,0.3751328751323573,0.5037736542071571,0.5629076355265475,0.6813129236585801,0.10728842292040383,0.5984201317628541,0.226118213087765,0.9814052312018282,0.995024633240848,0.9656262324246652,0.9774561006491627,0.7633354051202901,0.983711007194416,0.6426992264620057,0.9609290005514036,0.9401395480815004,0.9322159666670033,0.568445600856211,0.7678293447278451,0.9159917958654021,0.5016293593122124,0.8216778509028551,0.6720900629455892,0.6208107028737736,0.8884501341632696,0.6647197134584151,0.8372492824568569,0.3813311030244583,0.3250568845874139,0.7386239403866758,0.8632231827306933,0.581426326327641,0.7401329573035116,0.8008993971721643,0.4648239325462935,0.485197969890617,0.48427218993034976,0.6517775094568741,0.3034441721649627,0.23742297864106932,0.3108137008276713,0.7327030184129227,0.7131614781256416,0.8210863074606112,0.9916288033204068,0.41761096295164124,0.5933799876089026,0.9751669489960875,0.1898766116829389,0.7247476583941805,0.987970487319021,0.5597917778877983,0.4570976704545755,0.23431726988782198,0.9722006934105359,0.3422489888631241,0.6583522415728839,0.43689513278360514,0.5944706869279647,0.41418942761751926,0.2032813419352396,0.14060261734425267,0.09560024661095116,0.061885389363636176,0.5270309755853289,0.5974182083610122,0.7504845435988894,0.3758496349873037],[0.5310890286701128,0.4964681871181778,0.08082629273134034,0.45548034045245184,0.3788643708276111,0.024225592471054855,0,0.008065376189695122,0.540749330574007,0.5617768579449419,0.2666309392312026,0.1147098375204684,0.4413146874028462,0.147385291090626,0.6287446474692658,0.18728287092653523,0.18768418470688658,0.22012696025945272,0.26970235905259715,0.25988451492410086,0.33140585739756423,0.33715592841450187,0.4667326783381056,0.5239651767158301,0.6697468466819848,0.05991047774012368,0.568178289719891,0.21575554054745408,0.972269911157308,0.9876128894393743,0.963847922392541,0.9747134400270514,0.7561548848317262,0.9788136575928642,0.6686811808734715,0.9612859740515414,0.9419615419787044,0.936838664338258,0.5538945114487744,0.7864442268776827,0.9223304697505567,0.4843392616378257,0.8369279590454912,0.6964268182148547,0.6185150895906986,0.8973485424047333,0.6569116171776769,0.8500580786325397,0.3664655570896559,0.3284705909547872,0.7588342451382438,0.8735485399812131,0.5833989850504233,0.7118999883745489,0.7654294750562489,0.46150065440247673,0.47458183041232144,0.49941744153571,0.6306232502318933,0.34280967638939697,0.2784199230732603,0.30379694946229846,0.6940636014074228,0.7360905582676256,0.7874553189816623,0.9731092414237258,0.4455789969483418,0.6046740202495913,0.9592732374918185,0.1921729300857173,0.722960352111605,0.9746785038627441,0.5893008023043262,0.4653664374195271,0.19340829454899486,0.9609114274184829,0.3526765727329844,0.6408039393946244,0.3902346217543345,0.5746989774942359,0.39176358805006745,0.24425668458639216,0.18279151076931016,0.13692121241268393,0.10421652807798089,0.5507847251257605,0.6258670683516074,0.731634589402753,0.4119071258264032],[0.5345075782863866,0.5216993452008302,0.11106473695506065,0.46285799476736944,0.3815400548800949,0.0554016461088894,0.008065376189695122,0,0.5288658628250511,0.5607303964440147,0.26003575054843325,0.08351236364650427,0.42470970994146007,0.11617506196674457,0.6098584192664133,0.15612188534052848,0.17429941772554178,0.18923534531157457,0.2389814070255848,0.24447316334167754,0.30107235752509454,0.3155404516085988,0.4454659651958721,0.5010097063386967,0.6667534236195226,0.028692494370224884,0.5520172948736607,0.21687872823209475,0.970398510647585,0.9868815513914396,0.966881348425268,0.9770994092144909,0.7559364737876515,0.9797698607758599,0.6893082597750297,0.9657183950109507,0.9473696694049777,0.9440571329122315,0.5491851306470842,0.8025675504390426,0.9306631821829002,0.47797995308153013,0.8509393876268108,0.716063535779699,0.6218720441622283,0.9073342396125904,0.6564997955479899,0.8625490584510526,0.3625145360964831,0.33701878225522963,0.7759521699172455,0.8844619079130782,0.5896355004246423,0.696958759741259,0.744928167295284,0.4647946819978673,0.4729180307295328,0.5141175861154377,0.6210152705470418,0.3710737767174484,0.30753981439457867,0.3058422732984374,0.671130399578862,0.754848085531971,0.7683469413529759,0.9647922146024408,0.46779442119699516,0.6167077610033402,0.9527998628799021,0.20206600215091725,0.7263856967395417,0.9699787561422358,0.6120422893628623,0.47603118198459465,0.1700632919188365,0.9575953674256125,0.36532050606781785,0.6337332632134252,0.3603284196401083,0.5662371242562421,0.38217168169880894,0.27345065919352024,0.21263919370905487,0.1666815232958725,0.13449579287795627,0.5703633574889065,0.6479588259285506,0.7234425081890206,0.4384414083179092],[0.252157059533388,0.6495112630009457,0.5627338478246768,0.3061924822200349,0.24864540451801034,0.5653828488403413,0.540749330574007,0.5288658628250511,0,0.18101274402491666,0.2575475450549042,0.508131349922642,0.10988802785875026,0.4871719801151665,0.15289646539710783,0.4775086853885507,0.33138108434671526,0.4580494882935363,0.44537223944429394,0.2638596016134595,0.4262954629439905,0.24210391089053937,0.17716417361742134,0.21363230894067142,0.20249333184667626,0.5093141857869162,0.0677942884300522,0.33104027921400525,0.47733979788482234,0.5056643213194911,0.5369691099973496,0.5369004989978162,0.3114147594010424,0.5200580726653877,0.6523515181318078,0.5565957372404744,0.5557997783696494,0.5822992226199493,0.11270470853669831,0.6369729256157971,0.5899167384649209,0.08857830326010009,0.631073597566933,0.6491014412350966,0.28396441207595646,0.5998228493724526,0.23774298346902806,0.6106765741509962,0.1864203256313317,0.33175249856485123,0.6380378003510653,0.5983494711292671,0.3203300246762893,0.1599689728731912,0.28362104059136267,0.2421701240326229,0.16353855280723711,0.44066417375367756,0.07909928199408181,0.6355805564618376,0.6229673285846246,0.2772527042210211,0.28461790295015216,0.6573655432086191,0.2783953486898105,0.4202038993070509,0.5580261886255624,0.43811543041459733,0.4188770435113673,0.3938863003826998,0.34846974360208954,0.4491282666004998,0.6485557130086264,0.36093489742700446,0.36138341787075273,0.45013844956528315,0.37960447733677355,0.11868345682991026,0.41104319189458166,0.05238555281368774,0.12935499616804927,0.6080854465615431,0.5947266241636423,0.5746200029054704,0.5715225825784638,0.557744160330454,0.6571799744969111,0.18580129186272243,0.6318803416336699],[0.06311226652513077,0.5007755758531387,0.5469232326868607,0.15320796759957897,0.1669574540757633,0.5709550343138944,0.5617768579449419,0.5607303964440147,0.18101274402491666,0,0.283789197535412,0.5772567970133505,0.2745839249924903,0.5676042763522768,0.35238359922753365,0.5714371848042681,0.38245058522566544,0.5631118053677617,0.5665458127463034,0.3405738150635954,0.5666444844807972,0.3759672505643574,0.36169379043147354,0.4107617900144991,0.0909501178954292,0.5592429627295843,0.27125775240423616,0.32301724235418766,0.3874651961722417,0.4029565453141657,0.3930080443188629,0.39994932716019393,0.17246730721688278,0.3977952419428197,0.4629822280274008,0.4006416072772317,0.3906905221705631,0.40530254085294204,0.04569339564260134,0.4332315044420921,0.40590430862391985,0.09950815464410598,0.42754506720411883,0.45485427157661223,0.08143411293157764,0.40716655776083693,0.0731400876280373,0.4092434991276778,0.17861122758713163,0.2454395388119781,0.43586716932021996,0.4013482770531007,0.11863507852562537,0.3095984289297658,0.4677200565151777,0.09976739134828225,0.06499062505745473,0.26970235905259715,0.15980704218381447,0.5333427739584451,0.5413059135589273,0.23703085839161933,0.4858320176078522,0.45858138861769,0.44956279367459145,0.4222027960049053,0.41357959163438657,0.24038173823340836,0.39324343778412457,0.3627230063431779,0.16569006680518214,0.39759762381372865,0.475251963398487,0.19982231948720341,0.44427953698452033,0.378690230938038,0.2690314831145683,0.11950914955238409,0.5682251707204086,0.11849759407320119,0.19785283406605833,0.5367696247152992,0.5441391866776389,0.5390748112809371,0.5476834838424615,0.38300241143543706,0.4767433006126518,0.2028773593708879,0.50644492448577],[0.2753168153155173,0.4680738869642919,0.2821223416757558,0.23377410464292786,0.13137855797981637,0.2865559247501202,0.2666309392312026,0.26003575054843325,0.2575475450549042,0.283789197535412,0,0.2707240143385434,0.18763731732621472,0.2636223437375423,0.37842717079306787,0.2729088221870643,0.0762140880715232,0.27188728909483245,0.2886157403581747,0.062294164094287174,0.3105604728545658,0.16010680099930436,0.25185781729513357,0.3201030080905278,0.3852748466984049,0.25311245688667133,0.3028250513663885,0.05701952649506628,0.6897658161919064,0.7081140992134342,0.6980694219998592,0.7061339968692609,0.47922722100106807,0.7047626703123395,0.5562604307249907,0.7019743846437243,0.68779638885306,0.6928976605977609,0.26628976603318466,0.6167626685201684,0.6855070418809543,0.19482685734289,0.6454444394993938,0.5699437417007271,0.35922959842941254,0.6721623099939963,0.38010506814651895,0.6452255823349172,0.08203059655428628,0.14646877284595253,0.6006048811966969,0.6556948117985775,0.3428966673038686,0.43687782993779106,0.5220352638117823,0.20913872309707443,0.1957929501015059,0.3389856448472996,0.342055889338897,0.3976517660607352,0.3681666818061722,0.07138012103775587,0.4758920464607404,0.5968447008155825,0.5333235372015831,0.6833552077289612,0.3824160711603741,0.4078988281762314,0.6697995323902407,0.12517518254994028,0.46172317902061355,0.6868571802744273,0.5120439696442609,0.270754833262117,0.1478047904590904,0.6752964484904438,0.20281542440290426,0.35103120646679975,0.33692808472683544,0.28519257714377777,0.10515030866710823,0.34681160561149005,0.3225006870981436,0.2973747239164104,0.2917002505217352,0.43750985655383395,0.5360259526226459,0.44189819132393127,0.419896720111046],[0.5660633868011927,0.6154934438284292,0.21708102990159087,0.5082491321402257,0.41507471922690653,0.16172897769104624,0.1147098375204684,0.08351236364650427,0.508131349922642,0.5772567970133505,0.2707240143385434,0,0.3887786135603882,0.013404934819348544,0.5605498473064446,0.052671935308840116,0.17161807431620907,0.08837181513118525,0.13863164275366716,0.22411061638328517,0.20268785776097278,0.26300148348978725,0.38957476661393153,0.43657940261246053,0.6748620475711273,0.032588111554708664,0.5144955117691181,0.2558606779856516,0.9791072969577113,0.9993247724534452,0.9919833641738482,1,0.77219229625523,0.997913836373073,0.7699942668996214,0.9953998414722643,0.9803389875422215,0.9828578748009327,0.553589998478046,0.8696613164536187,0.9730913320716409,0.47848142109253256,0.9114331110742412,0.793822230214948,0.6516489817322242,0.9551099251639873,0.6734370450105832,0.9183551402950929,0.3755461504990815,0.3896864778523576,0.8461261298168666,0.9352727480385012,0.6290292239366876,0.6617764593690445,0.6875446126685432,0.4975989780544469,0.489520802166046,0.5798715933682446,0.6067285838990777,0.47261416685988644,0.41104508836707615,0.34094791453943524,0.6045004257599798,0.8298816398702669,0.716277390001014,0.951189730929133,0.554376170216015,0.6733444371685083,0.9457847933288479,0.2658009985955788,0.7549525126856388,0.9690042639311295,0.6989248667646065,0.5308596817710788,0.12373245323188398,0.9614758423671845,0.42842362889593,0.6282733076054076,0.2639523467242321,0.5571224587736812,0.37464465802235364,0.377223094866614,0.3177448300275197,0.2718510061820839,0.2404608780783468,0.6490242655685676,0.7328951026823296,0.7126718396557429,0.5358138543801457],[0.32247448171296444,0.652605438545062,0.4816151856850932,0.3423293543079,0.2540804028238144,0.47263409806473433,0.4413146874028462,0.42470970994146007,0.10988802785875026,0.2745839249924903,0.18763731732621472,0.3887786135603882,0,0.3643548587591048,0.16923055478744267,0.35068114724914795,0.23161141168960123,0.32867972749514995,0.3132016995817392,0.15845200609439122,0.29332707734487856,0.11084169090422762,0.06763727385154063,0.12955640216245898,0.3262246806007061,0.3977300316953732,0.10422299137849142,0.26785207871042976,0.6100803962332696,0.6377737152359021,0.6633792185204979,0.6647771732748414,0.43547233624377124,0.6502139913872921,0.6964477982654355,0.6800524649135107,0.6762449013933809,0.6978258017913392,0.2160907560453028,0.7114177300147267,0.7015336268314575,0.1529588099051397,0.7179134072994234,0.7003709973012925,0.3781509430643861,0.7048984111058628,0.351666640552066,0.7039748740306757,0.17014139898425273,0.3193313085316152,0.7059292152875489,0.6987876226668518,0.39748475070754685,0.2506094595236292,0.3120343935525227,0.28601308261336056,0.2189519601584917,0.4750024221699848,0.21186386992381548,0.6041854718933092,0.5783730791424226,0.24718736720465911,0.2675991988579944,0.7165238396794792,0.3267812345332988,0.5471831793416442,0.5621976385484628,0.5021129546083636,0.5497550790446646,0.33596941003636194,0.45901878272516894,0.5817299866424978,0.6742187950912754,0.3949117741272078,0.24265070869830235,0.5832220163583811,0.3754394287412536,0.24996806799207924,0.2807454293734279,0.17901481852834958,0.09333961708290375,0.5576009679491403,0.5320909986153284,0.5041282802185497,0.4944484932692795,0.5886043847000051,0.6901896026688094,0.31790501708412394,0.6173680547402155],[0.561626673425046,0.636105797891401,0.24760228851725466,0.5092152009071768,0.41284930670754794,0.19477145074279675,0.147385291090626,0.11617506196674457,0.4871719801151665,0.5676042763522768,0.2636223437375423,0.013404934819348544,0.3643548587591048,0,0.5313841174479611,0.016925653488287392,0.16448726300521505,0.05193018570445412,0.1022428111140029,0.20800168047210943,0.16616470022251315,0.2353545277985119,0.3596141502305522,0.40429942450772277,0.6618582090849982,0.06428743676976771,0.48865432964639777,0.258952049781865,0.9652408331284542,0.9866130076792361,0.9834983372422015,0.9907484917258595,0.76142049425991,0.9870750325631463,0.783688830382552,0.9884815485576223,0.97460670207869,0.9791949338284724,0.5401259285068819,0.8771818195422799,0.9707697585321149,0.46438949404825186,0.9161615965647849,0.8061275085064518,0.646038236787683,0.9548135716702916,0.6633392351287659,0.9212196223045548,0.36688801518320496,0.39465104294531034,0.8549982717711275,0.9361727754940156,0.6269450669208985,0.6359154930908956,0.6561152034444256,0.4941763766126587,0.4806223477740005,0.5880279965468476,0.5