"trial_id","rt","stimulus","response","trial_type","trial_index","plugin_version","time_elapsed","language","participant_number","success","raw_payload","placements","dissimilarity_vector","n_words","trial_category","distance_matrix","value"
"consent_form","9696","
    <div style=""max-width:800px; margin:0 auto; text-align:left; font-size: 16px; padding: 10px 0;"">
      <h1>Informed Consent Form</h1>
      <p>You are being invited to participate in a research study titled <strong>""Reproducibility of Psychological Science and Instruction.""</strong> This study is being done by Dr. Bria Long from UC San Diego and associated graduate students in the Experimental Methods course. You were selected to participate in this study because you are an adult in the U.S. and have been a represented population in previous psychology studies.</p>
      
      <p>The purpose of this study is to better understand how well previously published studies in the psychological field replicate online and with different populations. Your participation in this research should last approximately <strong>5-30 minutes</strong>. If you agree to take part in this study, you may be asked to view a set of stimuli, including pictures, sounds, written text, or videos and then giving some responses via key-presses, verbally, or with paper-and-pencil. We may also observe your choices or preferences among an array of stimuli. These stimuli will be taken directly from or closely adapted from studies that already exist in the published psychological literature. Stimuli will include, e.g., pictures of objects and human faces, audio and video clips, short text passages, etc. None of the stimuli will be disturbing, threatening, or offensive. The online and in-person experiments described in this protocol will take no more than 30 minutes. An example game you might play would be to click on an image on the screen that matches a word you hear being said out loud. Your total expected time commitment for this study is between 5-30 minutes, and is specified in the study description.</p>
      
      <p>Your participation in this study is completely voluntary and you can withdraw at any time. Choosing not to participate or withdrawing will result in no penalty or loss of benefits to which you are entitled. You are free to skip any question that you choose.</p>
      
      <p>We will not be asking for any personally identifying information, and we will handle responses as confidentially as possible. Your SONA or Prolific IDs will never be tied to your responses on this survey. However, we cannot guarantee the confidentiality of information transmitted over the Internet. To minimize this risk, data containing anything that might be personally identifying (e.g. Prolific IDs or IP addresses) will be encrypted on transfer and storage and will only be accessible to qualified lab personnel. We will be keeping data collected as part of this experiment indefinitely. This anonymized data (containing neither Prolific IDs nor IP addresses) may be shared with the scientific community or with other participants to be used as stimuli in future studies.</p>
      
      <p>If you have questions about this project or if you have a research-related problem, you may contact the researcher(s), <strong>Dr. Bria Long, <a href=""mailto:brlong@ucsd.edu"">brlong@ucsd.edu</a></strong>. If you have any questions concerning your rights as a research subject, you may contact the UC San Diego Office of IRB Administration at <a href=""mailto:irb@ucsd.edu"">irb@ucsd.edu</a> or 858-246-4777.</p>
      
      <h3 style=""margin-top: 25px;"">Consent Statement</h3>
      <p style=""font-weight: bold;"">By participating in this research you are indicating that you are at least 18 years old, have read this consent form, and agree to participate in this research study. Please keep this consent form for your records.</p>
    </div>
  ","0","html-button-response","0","2.1.0","9699","en","bndm75w62v_5sgdtx","","","","","","","",""
"","12597","
    <div style=""display:flex; align-items:center; justify-content:center; height:100vh; font-family:sans-serif;"">
      <div style=""max-width:900px; margin:0 auto; text-align:center;"">
        <h1 style= ""font-size: 24px;"">Welcome! Thank you for participating in the study.</h1>
        <p style=""font-size:18px; line-height:1.6;"">
          In this task, you will be presented with <strong>90 words</strong> arranged <strong>outside a circle</strong>.<br>
          Your job is to <strong>drag these words into the circle</strong> and <strong>rearrange them</strong> based on their <strong>meaning similarity</strong>.<br><br>
          Words that are <strong>similar in meaning</strong> should be placed <strong>closer together</strong>.<br>
          Words that are <strong>different in meaning</strong> should be placed <strong>farther apart</strong>.<br><br>
          You can place the words <strong>anywhere inside the circle</strong>. There is no single correct answer — 
          we are interested in <strong>your personal judgment</strong> of how these words relate to each other.<br><br>
          <strong>You must move all words into the circle before you can finish.</strong><br>
          After the initial arrangement, you will arrange words from specific categories.
        </p>
        <p style=""font-size:16px; margin-top:30px;""><em>Press any key to continue.</em></p>
      </div>
    </div>
  ","s","html-keyboard-response","1","2.1.0","22300","en","bndm75w62v_5sgdtx","","","","","","","",""
"","3905","<p style='font-size:20px;'>Which is your first language or primary language of use?</p>","1","html-button-response","2","2.1.0","26208","en","bndm75w62v_5sgdtx","","","","","","","",""
"","2093","","","fullscreen","3","2.1.0","29315","en","bndm75w62v_5sgdtx","true","{""placements"":[{""word"":""proud"",""x"":453.1,""y"":270.2,""cx"":476,""cy"":287.6,""angle_rad"":-0.46,""angle_deg"":333.7},{""word"":""refrigerator"",""x"":145.8,""y"":439.2,""cx"":185,""cy"":456.6,""angle_rad"":2.568,""angle_deg"":147.1},{""word"":""rabbit"",""x"":566.5,""y"":400.2,""cx"":589,""cy"":417.6,""angle_rad"":0.276,""angle_deg"":15.8},{""word"":""agreement"",""x"":522.5,""y"":134.2,""cx"":561,""cy"":151.6,""angle_rad"":-0.755,""angle_deg"":316.8},{""word"":""lips"",""x"":117.5,""y"":112.2,""cx"":133,""cy"":129.6,""angle_rad"":-2.348,""angle_deg"":225.4},{""word"":""scissors"",""x"":154.7,""y"":310.2,""cx"":185,""cy"":327.6,""angle_rad"":-3.007,""angle_deg"":187.7},{""word"":""giraffe"",""x"":620.7,""y"":400.2,""cx"":645,""cy"":417.6,""angle_rad"":0.225,""angle_deg"":12.9},{""word"":""system"",""x"":465.8,""y"":129.2,""cx"":493,""cy"":146.6,""angle_rad"":-0.958,""angle_deg"":305.1},{""word"":""fault"",""x"":322.8,""y"":220.2,""cx"":341,""cy"":237.6,""angle_rad"":-1.651,""angle_deg"":265.4},{""word"":""friendship"",""x"":566.6,""y"":177.2,""cx"":602,""cy"":194.6,""angle_rad"":-0.553,""angle_deg"":328.3},{""word"":""method"",""x"":500.6,""y"":81.2,""cx"":529,""cy"":98.6,""angle_rad"":-0.952,""angle_deg"":305.5},{""word"":""ant"",""x"":615.3,""y"":425.2,""cx"":630,""cy"":442.6,""angle_rad"":0.319,""angle_deg"":18.3},{""word"":""depressed"",""x"":316.3,""y"":191.2,""cx"":354,""cy"":208.6,""angle_rad"":-1.543,""angle_deg"":271.6},{""word"":""sofa"",""x"":101.8,""y"":395.2,""cx"":120,""cy"":412.6,""angle_rad"":2.876,""angle_deg"":164.8},{""word"":""violence"",""x"":278.3,""y"":149.2,""cx"":309,""cy"":166.6,""angle_rad"":-1.791,""angle_deg"":257.4},{""word"":""chopsticks"",""x"":83.3,""y"":310.2,""cx"":121,""cy"":327.6,""angle_rad"":-3.044,""angle_deg"":185.6},{""word"":""concept"",""x"":374.5,""y"":394.2,""cx"":404,""cy"":411.6,""angle_rad"":0.851,""angle_deg"":48.8},{""word"":""sparrow"",""x"":515.1,""y"":433.2,""cx"":545,""cy"":450.6,""angle_rad"":0.476,""angle_deg"":27.3},{""word"":""chair"",""x"":61.8,""y"":351.2,""cx"":82,""cy"":368.6,""angle_rad"":3.072,""angle_deg"":176},{""word"":""business"",""x"":452.4,""y"":46.2,""cx"":485,""cy"":63.6,""angle_rad"":-1.13,""angle_deg"":295.2},{""word"":""magic power"",""x"":290.3,""y"":402.2,""cx"":335,""cy"":419.6,""angle_rad"":1.783,""angle_deg"":102.2},{""word"":""result"",""x"":515.9,""y"":109.2,""cx"":538,""cy"":126.6,""angle_rad"":-0.871,""angle_deg"":310.1},{""word"":""hostility"",""x"":332.7,""y"":129.2,""cx"":361,""cy"":146.6,""angle_rad"":-1.517,""angle_deg"":273.1},{""word"":""dispute"",""x"":240.4,""y"":177.2,""cx"":268,""cy"":194.6,""angle_rad"":-2.056,""angle_deg"":242.2},{""word"":""relationship"",""x"":479.2,""y"":175.2,""cx"":520,""cy"":192.6,""angle_rad"":-0.747,""angle_deg"":317.2},{""word"":""pencil"",""x"":116.7,""y"":261.2,""cx"":140,""cy"":278.6,""angle_rad"":-2.814,""angle_deg"":198.8},{""word"":""anger"",""x"":445.1,""y"":180.2,""cx"":468,""cy"":197.6,""angle_rad"":-0.912,""angle_deg"":307.8},{""word"":""team"",""x"":390.4,""y"":503.2,""cx"":411,""cy"":520.6,""angle_rad"":1.227,""angle_deg"":70.3},{""word"":""washing machine"",""x"":106.9,""y"":467.2,""cx"":166,""cy"":484.6,""angle_rad"":2.51,""angle_deg"":143.8},{""word"":""thigh"",""x"":175.8,""y"":132.2,""cx"":196,""cy"":149.6,""angle_rad"":-2.226,""angle_deg"":232.5},{""word"":""charity"",""x"":372.4,""y"":455.2,""cx"":398,""cy"":472.6,""angle_rad"":1.198,""angle_deg"":68.6},{""word"":""finger"",""x"":144.5,""y"":37.2,""cx"":167,""cy"":54.6,""angle_rad"":-2.125,""angle_deg"":238.2},{""word"":""characteristic"",""x"":516.8,""y"":237.2,""cx"":563,""cy"":254.6,""angle_rad"":-0.421,""angle_deg"":335.9},{""word"":""cat"",""x"":574.7,""y"":428.2,""cx"":589,""cy"":445.6,""angle_rad"":0.381,""angle_deg"":21.8},{""word"":""eye"",""x"":254.7,""y"":75.2,""cx"":271,""cy"":92.6,""angle_rad"":-1.869,""angle_deg"":252.9},{""word"":""bed"",""x"":31.3,""y"":402.2,""cx"":48,""cy"":419.6,""angle_rad"":2.915,""angle_deg"":167},{""word"":""computer mouse"",""x"":125.9,""y"":348.2,""cx"":183,""cy"":365.6,""angle_rad"":3.048,""angle_deg"":174.7},{""word"":""microwave"",""x"":48.5,""y"":478.2,""cx"":87,""cy"":495.6,""angle_rad"":2.636,""angle_deg"":151},{""word"":""reason"",""x"":481.6,""y"":205.2,""cx"":508,""cy"":222.6,""angle_rad"":-0.679,""angle_deg"":321.1},{""word"":""hammer"",""x"":164.3,""y"":388.2,""cx"":195,""cy"":405.6,""angle_rad"":2.797,""angle_deg"":160.3},{""word"":""spoon"",""x"":100.9,""y"":364.2,""cx"":125,""cy"":381.6,""angle_rad"":3.002,""angle_deg"":172},{""word"":""fate"",""x"":326.3,""y"":437.2,""cx"":343,""cy"":454.6,""angle_rad"":1.638,""angle_deg"":93.8},{""word"":""arm"",""x"":197.9,""y"":44.2,""cx"":215,""cy"":61.6,""angle_rad"":-2.009,""angle_deg"":244.9},{""word"":""rat"",""x"":524.8,""y"":373.2,""cx"":538,""cy"":390.6,""angle_rad"":0.213,""angle_deg"":12.2},{""word"":""excited"",""x"":357.8,""y"":215.2,""cx"":385,""cy"":232.6,""angle_rad"":-1.281,""angle_deg"":286.6},{""word"":""ear"",""x"":170.9,""y"":84.2,""cx"":186,""cy"":101.6,""angle_rad"":-2.154,""angle_deg"":236.6},{""word"":""society"",""x"":331.2,""y"":484.2,""cx"":358,""cy"":501.6,""angle_rad"":1.518,""angle_deg"":87},{""word"":""toothbrush"",""x"":12.9,""y"":299.2,""cx"":51,""cy"":316.6,""angle_rad"":-3.03,""angle_deg"":186.4},{""word"":""process"",""x"":393.5,""y"":133.2,""cx"":423,""cy"":150.6,""angle_rad"":-1.22,""angle_deg"":290.1},{""word"":""splendor"",""x"":367.1,""y"":231.2,""cx"":399,""cy"":248.6,""angle_rad"":-1.121,""angle_deg"":295.8},{""word"":""air conditioner"",""x"":50,""y"":442.2,""cx"":99,""cy"":459.6,""angle_rad"":2.73,""angle_deg"":156.4},{""word"":""tortoise"",""x"":489,""y"":405.2,""cx"":517,""cy"":422.6,""angle_rad"":0.41,""angle_deg"":23.5},{""word"":""status"",""x"":415.3,""y"":115.2,""cx"":439,""cy"":132.6,""angle_rad"":-1.182,""angle_deg"":292.3},{""word"":""trauma"",""x"":382.2,""y"":155.2,""cx"":409,""cy"":172.6,""angle_rad"":-1.25,""angle_deg"":288.4},{""word"":""death"",""x"":392.5,""y"":189.2,""cx"":415,""cy"":206.6,""angle_rad"":-1.145,""angle_deg"":294.4},{""word"":""happy"",""x"":413.9,""y"":241.2,""cx"":438,""cy"":258.6,""angle_rad"":-0.804,""angle_deg"":313.9},{""word"":""identity"",""x"":602.8,""y"":211.2,""cx"":630,""cy"":228.6,""angle_rad"":-0.409,""angle_deg"":336.6},{""word"":""marriage"",""x"":536.4,""y"":207.2,""cx"":569,""cy"":224.6,""angle_rad"":-0.52,""angle_deg"":330.2},{""word"":""error"",""x"":440.2,""y"":21.2,""cx"":460,""cy"":38.6,""angle_rad"":-1.231,""angle_deg"":289.5},{""word"":""ankle"",""x"":247.3,""y"":34.2,""cx"":269,""cy"":51.6,""angle_rad"":-1.836,""angle_deg"":254.8},{""word"":""tiger"",""x"":477.4,""y"":381.2,""cx"":496,""cy"":398.6,""angle_rad"":0.321,""angle_deg"":18.4},{""word"":""apathy"",""x"":414,""y"":210.2,""cx"":440,""cy"":227.6,""angle_rad"":-0.937,""angle_deg"":306.3},{""word"":""disease"",""x"":407.9,""y"":196.2,""cx"":437,""cy"":213.6,""angle_rad"":-1.003,""angle_deg"":302.5},{""word"":""broom"",""x"":11.2,""y"":259.2,""cx"":36,""cy"":276.6,""angle_rad"":-2.912,""angle_deg"":193.2},{""word"":""sad"",""x"":432.7,""y"":164.2,""cx"":449,""cy"":181.6,""angle_rad"":-1.039,""angle_deg"":300.5},{""word"":""key"",""x"":111.1,""y"":268.2,""cx"":127,""cy"":285.6,""angle_rad"":-2.86,""angle_deg"":196.1},{""word"":""heaven"",""x"":293,""y"":456.2,""cx"":321,""cy"":473.6,""angle_rad"":1.801,""angle_deg"":103.2},{""word"":""obligation"",""x"":607,""y"":244.2,""cx"":642,""cy"":261.6,""angle_rad"":-0.294,""angle_deg"":343.2},{""word"":""data"",""x"":388.4,""y"":46.2,""cx"":407,""cy"":63.6,""angle_rad"":-1.374,""angle_deg"":281.3},{""word"":""loving heart"",""x"":447.8,""y"":225.2,""cx"":489,""cy"":242.6,""angle_rad"":-0.658,""angle_deg"":322.3},{""word"":""content"",""x"":391,""y"":273.2,""cx"":419,""cy"":290.6,""angle_rad"":-0.711,""angle_deg"":319.3},{""word"":""phenomenon"",""x"":309.1,""y"":522.2,""cx"":355,""cy"":539.6,""angle_rad"":1.544,""angle_deg"":88.5},{""word"":""cabinet"",""x"":130.4,""y"":515.2,""cx"":158,""cy"":532.6,""angle_rad"":2.381,""angle_deg"":136.4},{""word"":""miracle"",""x"":349.4,""y"":424.2,""cx"":377,""cy"":441.6,""angle_rad"":1.284,""angle_deg"":73.6},{""word"":""fear"",""x"":352.9,""y"":159.2,""cx"":370,""cy"":176.6,""angle_rad"":-1.456,""angle_deg"":276.6},{""word"":""knee"",""x"":141.8,""y"":83.2,""cx"":162,""cy"":100.6,""angle_rad"":-2.217,""angle_deg"":233},{""word"":""comfortable"",""x"":374.4,""y"":76.2,""cx"":416,""cy"":93.6,""angle_rad"":-1.319,""angle_deg"":284.4},{""word"":""debt"",""x"":409.4,""y"":26.2,""cx"":428,""cy"":43.6,""angle_rad"":-1.322,""angle_deg"":284.3},{""word"":""elephant"",""x"":556.1,""y"":361.2,""cx"":588,""cy"":378.6,""angle_rad"":0.12,""angle_deg"":6.9},{""word"":""effect"",""x"":443,""y"":82.2,""cx"":465,""cy"":99.6,""angle_rad"":-1.14,""angle_deg"":294.7},{""word"":""discipline"",""x"":529.2,""y"":269.2,""cx"":563,""cy"":286.6,""angle_rad"":-0.289,""angle_deg"":343.4},{""word"":""television"",""x"":-16.2,""y"":349.2,""cx"":18,""cy"":366.6,""angle_rad"":3.092,""angle_deg"":177.1},{""word"":""shoulder"",""x"":197.1,""y"":77.2,""cx"":229,""cy"":94.6,""angle_rad"":-2.013,""angle_deg"":244.6},{""word"":""nose"",""x"":141.8,""y"":120.2,""cx"":162,""cy"":137.6,""angle_rad"":-2.295,""angle_deg"":228.5},{""word"":""ax"",""x"":192.6,""y"":257.2,""cx"":205,""cy"":274.6,""angle_rad"":-2.662,""angle_deg"":207.5},{""word"":""scenery"",""x"":202.5,""y"":308.2,""cx"":232,""cy"":325.6,""angle_rad"":-2.938,""angle_deg"":191.7},{""word"":""panda"",""x"":632.5,""y"":370.2,""cx"":657,""cy"":387.6,""angle_rad"":0.122,""angle_deg"":7},{""word"":""fraud"",""x"":422,""y"":49.2,""cx"":443,""cy"":66.6,""angle_rad"":-1.254,""angle_deg"":288.2},{""word"":""table"",""x"":84.8,""y"":262.2,""cx"":105,""cy"":279.6,""angle_rad"":-2.862,""angle_deg"":196}],""n_words"":89,""words"":[""proud"",""refrigerator"",""rabbit"",""agreement"",""lips"",""scissors"",""giraffe"",""system"",""fault"",""friendship"",""method"",""ant"",""depressed"",""sofa"",""violence"",""chopsticks"",""concept"",""sparrow"",""chair"",""business"",""magic power"",""result"",""hostility"",""dispute"",""relationship"",""pencil"",""anger"",""team"",""washing machine"",""thigh"",""charity"",""finger"",""characteristic"",""cat"",""eye"",""bed"",""computer mouse"",""microwave"",""reason"",""hammer"",""spoon"",""fate"",""arm"",""rat"",""excited"",""ear"",""society"",""toothbrush"",""process"",""splendor"",""air conditioner"",""tortoise"",""status"",""trauma"",""death"",""happy"",""identity"",""marriage"",""error"",""ankle"",""tiger"",""apathy"",""disease"",""broom"",""sad"",""key"",""heaven"",""obligation"",""data"",""loving heart"",""content"",""phenomenon"",""cabinet"",""miracle"",""fear"",""knee"",""comfortable"",""debt"",""elephant"",""effect"",""discipline"",""television"",""shoulder"",""nose"",""ax"",""scenery"",""panda"",""fraud"",""table""],""distance_matrix"":[[0,0.5154922674628891,0.25267557281795433,0.233685619455127,0.581292411970561,0.447050104020792,0.31822302442522354,0.20431640905748555,0.20742135462718522,0.22764895117015888,0.29114379753961983,0.3266727156866883,0.20963344738956885,0.5807583593146576,0.3070429918992809,0.5486619086422954,0.20650265237293958,0.26028469667175014,0.6206484841303471,0.3357660663284491,0.28611109195157974,0.253121064920872,0.2682007013526939,0.34162743466499645,0.14459687480256178,0.5148619381204111,0.12165397001153232,0.3641103411607064,0.5647463164458085,0.47652712564314886,0.29831214679245394,0.5962676456612898,0.125963412415965,0.28787872057364533,0.42976255234975186,0.6936898964107946,0.4621986860421789,0.6828504533761656,0.09300741752304698,0.4647039435413878,0.5584575549259503,0.3186617150237351,0.529467177555435,0.16943713307318045,0.14721257152847342,0.5283051049849689,0.3680783065926855,0.6586440886246246,0.21211350193842726,0.11518789340011104,0.6400759524239292,0.20282447298747935,0.2320493233108987,0.19003355219014545,0.13932574817928606,0.053571836380909996,0.24094522473423288,0.1568124669779019,0.3762967789110048,0.47934070584164423,0.15754449802538895,0.08904189381125233,0.11092358235600983,0.681281850251498,0.1521003054348493,0.5354773887959069,0.3644640342686052,0.24591889366664865,0.3520944806876555,0.05203347138868351,0.06841474211367234,0.4243438837424299,0.6193584643049652,0.2700021335082068,0.2226544488795092,0.5618118062172079,0.30198475158495613,0.3749575890835453,0.20797636476438716,0.27839384377756593,0.11629562835459221,0.7206815817498771,0.4786088049602863,0.5338498994227978,0.41117222718324375,0.372181376735274,0.3079378349918799,0.3345972971239871,0.570804674199093],[0.5154922674628891,0,0.6264691630353207,0.751698457360826,0.5068434535071545,0.1834835139436847,0.7157008699936589,0.676252949743396,0.40728341316579225,0.765020478771474,0.7714382289104902,0.689413803687145,0.4572449210642615,0.10267428560348578,0.4817076138083341,0.20748802643666645,0.3347977243148441,0.5531474464982996,0.19384025528900067,0.7681266543850853,0.22427526896608413,0.750223192482163,0.5474312336185746,0.41680565829107113,0.6594980002056324,0.2708398926026369,0.590869690494599,0.3528956841464614,0.031230687136219456,0.4685863345417124,0.31883778261607354,0.6209089610815245,0.662804096461181,0.6237039459438869,0.5755007044247402,0.20413609046749193,0.12272131464979148,0.14584533419968643,0.6152321306387438,0.060242702099728325,0.1307607864435463,0.22990174942559286,0.610885107121737,0.5516546730531444,0.45754071026945353,0.5450700565321753,0.2630909638844107,0.28714893728006485,0.5973209639685492,0.4545584894842978,0.11477019501230303,0.5110475580041139,0.6357743597821811,0.5557986389325935,0.5205980743694797,0.4910986297741105,0.7770721224007209,0.6948891278916838,0.7776159041573208,0.6388547524901529,0.4832499039322638,0.5254416676042569,0.5371892751920829,0.35094594763003134,0.5870018465610203,0.26598960352162815,0.19637636450330193,0.7720406076272404,0.6992497773185083,0.5718966299203035,0.4361136246559827,0.27976702426345745,0.10613260316838395,0.2852151675428536,0.5140235262122456,0.5478552081433455,0.6654903447457635,0.743754729046286,0.6338303279835025,0.7029903043386831,0.6402130036710972,0.2806115654921064,0.5605298978784099,0.4887951742658142,0.2700327188905486,0.19976464233962316,0.7402861547897027,0.7252443367530966,0.287862247222688],[0.25267557281795433,0.6264691630353207,0,0.4050252870677573,0.839987662934298,0.6393091009158476,0.0666885886808909,0.43707458236853547,0.4673713319911195,0.33448271683483966,0.49641966415430383,0.05392246947119456,0.4802598080925956,0.7275025190402299,0.5787195300846162,0.7395798037555532,0.27323524899239526,0.06508865819783893,0.7920368266639756,0.567403956631213,0.38348742200773883,0.4497683792293547,0.5437141360731091,0.6024381591596133,0.3536238075744115,0.7290972529136556,0.37880249714777414,0.30612237684845417,0.6622999529667655,0.7381499996315224,0.29509652549414367,0.8676848425817932,0.24117795901574546,0.02189053515543575,0.7045754359380344,0.842660787656167,0.6319704327226566,0.7898949597751763,0.31492415846180616,0.6077573972643122,0.7216912589854897,0.3751023228636033,0.8032083405264653,0.06941831357042058,0.4177012527807283,0.7964459214273755,0.37035331145483663,0.852891856001309,0.480104620637529,0.3839312410903793,0.7639330229711437,0.09256490804022677,0.4923719460333972,0.463495031082699,0.4146581126525127,0.3279189689251915,0.28651258431805815,0.2875325966320505,0.617628402063093,0.7549220148500531,0.128959514691459,0.3634052965578148,0.38411680900460016,0.8901609075732716,0.41611527198361986,0.7458386839306288,0.41513463164855385,0.2406928640481543,0.6139371684390105,0.29956877997310033,0.31659833331138876,0.3993044054593629,0.6907870211099143,0.3184443149387566,0.498095294502051,0.8279456812509742,0.5647376045260579,0.6285550197368523,0.039510279027930646,0.5231822953463444,0.19077156851036003,0.8942895235920263,0.7509181742985895,0.7940430560162791,0.6326833980049025,0.5669289388234552,0.09600510160577784,0.5853123204053223,0.7823201845604646],[0.233685619455127,0.751698457360826,0.4050252870677573,0,0.6627667652103119,0.6413083956224287,0.42338992814654125,0.08618146289176674,0.3550148919382564,0.0721504363398004,0.07614614058029712,0.45558137771918733,0.32060467286561717,0.796972170573654,0.3809885864912654,0.7352907427749801,0.46303169517957554,0.45615612651868054,0.8184338428307221,0.16312525423765115,0.537981651581234,0.0314430409039305,0.29717855827612494,0.45089346477841513,0.06986086053741615,0.6806436062537077,0.14309249769081495,0.6143811650032016,0.803676092125953,0.5610758746205194,0.5530896763567645,0.6262878103395744,0.1419163850678807,0.44960046882515686,0.45057730468031143,0.9031095230540467,0.6720592637476601,0.9141273887631316,0.11884668358604762,0.6898646542226449,0.7657722047656351,0.5743039060498404,0.5490894461388407,0.36124242083605046,0.287070496845304,0.5823760200889981,0.6244398559438005,0.8346985011551654,0.1978886850646326,0.27919138763843165,0.8654617162785295,0.4163513488500903,0.1746369291826273,0.22259189594466147,0.22670727558083614,0.23792531648751508,0.14251322402918015,0.09458665310405807,0.21957565699944198,0.4709088934474236,0.3857298865940506,0.20570345741762283,0.19890078743143397,0.8405362908103652,0.16260164418065287,0.7038061983156932,0.6196274320185136,0.1956514184679106,0.2608716241719259,0.16274647355801408,0.2950119943771506,0.6799337664977504,0.8643978299953033,0.5265841747049942,0.2852857745364343,0.6206584279338576,0.22695327223458273,0.2512040473157973,0.3428367300320544,0.15177089587495537,0.19310679821540402,0.9114765398699383,0.5160411229670844,0.6158575888742746,0.5797058255045702,0.5725525617162187,0.38472010626363623,0.20976550416937245,0.7348584746320072],[0.581292411970561,0.5068434535071545,0.839987662934298,0.6627667652103119,0,0.30462134690829334,0.9169587036962258,0.5537092922327775,0.3520637622626404,0.7346321109290471,0.6126033175728811,0.9168088962203136,0.35258904225615884,0.43035027434398043,0.26483543093390666,0.2944599769110285,0.6028371364432377,0.812717349103492,0.3680848535208759,0.550082070226332,0.5425360731402268,0.6250821040275476,0.34288921740335626,0.2168152507007252,0.6044162266564025,0.21574505442320602,0.5239996465217307,0.7446673639272051,0.5475165024836169,0.0828453450359737,0.6705733015098239,0.10884168113650969,0.69354163777007,0.8647179949259536,0.20568106214172785,0.46059189715025334,0.3630572654311121,0.5672738527906559,0.5952415203642503,0.42967772177698843,0.3804780779723284,0.5961746197695184,0.14752826321411985,0.7479634950046791,0.41265280306380564,0.0729949359223598,0.6726649042152563,0.3037801082966794,0.44228722999369807,0.4433205698702834,0.5078644459505479,0.7498854043735048,0.46669473726799837,0.42400035064268876,0.4447896817833797,0.5069231761579402,0.7878800449098486,0.6910290794121684,0.5201504634371725,0.2279297440008676,0.6999530431518798,0.4926897837586366,0.48169746824146337,0.25887108277718807,0.48947006270610866,0.22686617612801346,0.6042978817789593,0.8183958107737274,0.42801182075747085,0.5746724069925222,0.5021939560307508,0.7230513833527185,0.6231039158819933,0.6107942270417768,0.36366032024160533,0.04270913988158135,0.43352155164578515,0.46871912462759074,0.8069398864746438,0.5104335737396672,0.7094850170578417,0.3985580239300135,0.1405753168323443,0.025223538997256593,0.23610833022548036,0.3284111320845611,0.9115669401419892,0.48320944411087025,0.2212274043431087],[0.447050104020792,0.1834835139436847,0.6393091009158476,0.6413083956224287,0.30462134690829334,0,0.7270145628268077,0.5486619086422954,0.26523991720980017,0.6773760410461915,0.6382665364435599,0.7124515827255063,0.3077869274809604,0.1482925194639645,0.30222496771385876,0.07948803254530666,0.35236742284148787,0.58575827261928,0.154461210826704,0.6164564122050823,0.25862569827900167,0.6270070095675596,0.38101393654729837,0.22791953885989757,0.5549531754616581,0.08353296001555895,0.47535974410569015,0.4525841767800102,0.230114292034694,0.26242338601434334,0.38934710039666465,0.4148218831955827,0.5930407831187632,0.6504712719947283,0.37746209835439487,0.24111979467819558,0.03797398861910842,0.28826970634936067,0.5204897392342003,0.10290847573607054,0.10624166095258603,0.3014209245497483,0.40537208675461817,0.5507919481635538,0.33134252668024106,0.3386803104516108,0.36966273958874063,0.19220431018010123,0.4516357467374288,0.34206254122462115,0.22915136127095842,0.5295876518635034,0.4894225996359034,0.41291131329285136,0.39289283702304784,0.39665880791783587,0.7064677823022538,0.6131830715111835,0.6153544639441507,0.43867173277917215,0.4874728134454281,0.41532451005063714,0.41961138814225213,0.22905994542234046,0.4597626323904227,0.09166359177329382,0.29632572526924167,0.7158464140563606,0.5289641451263575,0.4821259408376117,0.35612746026304004,0.4118616312328772,0.30791075409736685,0.33434660501116936,0.359157756943576,0.34213617727349954,0.5031680174973143,0.5751006109279196,0.6270070095675596,0.5548069752661436,0.5854133193483111,0.25147006410186173,0.35646498034651086,0.28329844483267114,0.06772540147631403,0.05235726568916319,0.7383366481198024,0.5642582498781085,0.12635836453834284],[0.31822302442522354,0.7157008699936589,0.0666885886808909,0.42338992814654125,0.9169587036962258,0.7270145628268077,0,0.47421794227605507,0.5423368489221754,0.340449339972837,0.5201669609119246,0.023738070038843796,0.5503098626905842,0.8170940779514337,0.6481045469594323,0.8277320521256737,0.3627952064170332,0.1455720746333806,0.8812584820606393,0.5986320128153952,0.47308125340083185,0.4731483413263188,0.6051482444525506,0.6778876024055219,0.3888997942498245,0.8151048514053965,0.42885403857313226,0.3861399844886312,0.7509198282723715,0.8136970338364019,0.38195393407396244,0.9373880308938044,0.2690217093412352,0.07726397457257243,0.7698269570059307,0.9322563398980839,0.7209276770912152,0.878533696508978,0.35837978302974466,0.6973171423876955,0.8110477090777863,0.4638843131058106,0.8702435532625694,0.15365117162057132,0.48763077509065134,0.8686672912956269,0.4555359030105107,0.9410914249057376,0.5326463121526063,0.4546040572746964,0.8532352165046134,0.18203976711524264,0.5397154918993898,0.5213534649209532,0.47646818063514484,0.3947019218038154,0.28043018755166194,0.30895755830198923,0.6518497667442843,0.8166094097270256,0.2174124789182059,0.42428664655226556,0.443218986449043,0.977224370546203,0.4679140223573254,0.832341752619753,0.5031558528604335,0.2267277845607369,0.6595711429132309,0.3521763841884172,0.3918572948530887,0.48045817480789516,0.777687847595,0.40758974603866543,0.5621203588977035,0.9014286928019777,0.6118778805504571,0.6688936161677357,0.08759197898791793,0.5617220546641958,0.22435810155328284,0.9835619397351466,0.8197335059534339,0.8703194992288794,0.7173071970525706,0.65405972915114,0.02878781761713964,0.6250248216053627,0.8688208805431517],[0.20431640905748555,0.676252949743396,0.43707458236853547,0.08618146289176674,0.5537092922327775,0.5486619086422954,0.47421794227605507,0,0.26053316047750735,0.1676454783402017,0.07308831061309878,0.49893722359876286,0.22060274211118444,0.7100719569275172,0.2732136388837578,0.6389785208370713,0.4243467454096592,0.47053552861004316,0.7244586973692493,0.11050212636871085,0.4817507301920519,0.05587992073166961,0.18828330539284063,0.3451773440946705,0.06243043995717458,0.5800625346543534,0.06796515286964473,0.5896799357275977,0.7295243258515105,0.4522960758490633,0.5203648915327889,0.5190416269893204,0.18300546166795764,0.47952415131991233,0.34263370795235193,0.8123634619267555,0.5843519926438712,0.8336711165322408,0.10103289102556093,0.6087814268198667,0.6756760702177255,0.5252035401286123,0.44219918016652415,0.37405906182587007,0.1979756184114362,0.47351974106116795,0.5847502073883986,0.7347638831013004,0.08927031562023127,0.19901616237073214,0.7821691703369614,0.42033964356513326,0.06634508796427095,0.11777723567685935,0.1345373475354773,0.17672508589409983,0.23254582198280904,0.15133071437498713,0.15777132129524934,0.3663756571886041,0.38030353253408045,0.13196376899181464,0.11680040489604553,0.7372682654261716,0.06704500709448966,0.6034749715058942,0.5682294477934146,0.27822813130885377,0.1683159694924956,0.1308190777255461,0.23612315386070049,0.6435033808401125,0.7948134924551873,0.4842502559583734,0.17965277971070007,0.5117589921935602,0.12664961531852545,0.17195587015020578,0.3781902992226358,0.06462198642089402,0.22752121398646022,0.8146144474928863,0.40758974603866543,0.5068651972380663,0.4813320918807903,0.48344457160600507,0.44348525271165545,0.12802962152712552,0.6333234292923918],[0.20742135462718522,0.40728341316579225,0.4673713319911195,0.3550148919382564,0.3520637622626404,0.26523991720980017,0.5423368489221754,0.26053316047750735,0,0.4003035816916469,0.3511649877079994,0.5439873857943157,0.027939067809437116,0.4281083159816062,0.10169204360506294,0.35739161600822034,0.2731660910926609,0.4489634917999699,0.44146386362671103,0.3384501609605181,0.26843802145830864,0.33886786244260897,0.12616101927877196,0.11264351725198894,0.2723912829121776,0.30530058464436893,0.1901236910678657,0.4435181823025,0.46140917148443983,0.24846351979208817,0.3639780364051889,0.3811026492173069,0.33331692284063047,0.49495614556204925,0.2347011635474904,0.5289479106396118,0.30242566801305426,0.556346865586205,0.24535650466985406,0.3331983364774824,0.39243394198514636,0.3242921420421914,0.3234025995888126,0.376171721434763,0.047942490640032684,0.3070080787590285,0.4003489427486087,0.45798006069462655,0.16836950725174787,0.0715425994903475,0.5025131600173003,0.38562651457778724,0.20688728377159762,0.1275965398651317,0.10545637099613052,0.13588104820011895,0.4396965486086119,0.34246910731419833,0.34806250828348073,0.2961974031884308,0.334654573499649,0.1362915944682116,0.13541285863643077,0.46904443893772885,0.17173242549778966,0.3279846305643897,0.35602952320601405,0.46019996214643544,0.27483434320194944,0.21401728385018615,0.127970252548947,0.46079039161589347,0.5325103709105448,0.3085214698782937,0.0851559129369321,0.3377339897040383,0.23685833006148221,0.31726118121126734,0.432131387733564,0.2739216299486969,0.3408260416745614,0.5335601718833771,0.2677034599616841,0.3051406610255212,0.2025918852714256,0.20122555467031442,0.5367389253612708,0.29565547539023174,0.36060886727394936],[0.22764895117015888,0.765020478771474,0.33448271683483966,0.0721504363398004,0.7346321109290471,0.6773760410461915,0.340449339972837,0.1676454783402017,0.4003035816916469,0,0.17004834309436095,0.3763961556322429,0.3745069691262881,0.8234662926496764,0.44800776970314915,0.7755363425097913,0.44708278384251743,0.3967045629836352,0.8543972603721677,0.258106960680396,0.5357271747020413,0.126495494455099,0.3702491519192117,0.5114692629693385,0.1083257981331821,0.7283786786994193,0.191536888636807,0.5815973730831835,0.8148757264278331,0.6306420527188802,0.5287785796660017,0.7082186998740108,0.0915853671583706,0.37921329416190264,0.5312438272546197,0.9337666295082876,0.7011419011572377,0.9314694546963931,0.13401622118764445,0.710569439556658,0.7968098033190569,0.5642495307166894,0.6318101528961473,0.30697316192372087,0.32956047147191914,0.6590927600988202,0.6045121104421921,0.880004854566853,0.27200528541560665,0.31317310353516703,0.8867117078946237,0.36640195877305104,0.25610953244652956,0.28787872057364533,0.27689486509979144,0.2587529613713909,0.04756210947178124,0.04844651128592386,0.3145981867693923,0.5569166480292086,0.3449095055756561,0.24160410668740603,0.24282547452100559,0.8921072581499511,0.2227638781905511,0.7508801319258408,0.6106366706878632,0.10193832859974074,0.3529433615110199,0.1735193815703334,0.30772112572835036,0.6559496032281296,0.8698766289497504,0.5116560485549617,0.34939187030773516,0.6969474171781374,0.3157225968503777,0.34569160405587346,0.2723305976532917,0.24382541405742966,0.13696549011712367,0.951133523554796,0.5949412222965492,0.6869443331157993,0.6250327229301923,0.6050748772612743,0.2981726602035272,0.3036703921593114,0.7838033875925584],[0.29114379753961983,0.7714382289104902,0.49641966415430383,0.07614614058029712,0.6126033175728811,0.6382665364435599,0.5201669609119246,0.07308831061309878,0.3511649877079994,0.17004834309436095,0,0.5507004723530283,0.3077985381958355,0.8020688302731319,0.34550752589793204,0.7256565100963865,0.5163283957554518,0.5408495043643857,0.8126009352354949,0.06704500709448966,0.5771773310351316,0.02414784881873024,0.2566365551938527,0.422025641138988,0.12817370620368623,0.6628656885822369,0.16313901354927882,0.6781614995842726,0.8248518484280732,0.5160814928514249,0.6111112409844661,0.5605298978784099,0.23254081166928112,0.5405065871263022,0.38998615422607086,0.9022923154363733,0.6763280006449579,0.9276356744242633,0.17830878692809243,0.7029127202572929,0.7662734982215277,0.6197230378543351,0.4829463763917191,0.4444940381698192,0.2918033219068497,0.5258896272570023,0.6775076210810643,0.8176393763275364,0.1659927173507144,0.2946696147702573,0.8753661811655614,0.495825376402384,0.1310187659622658,0.20265431039474283,0.22833760973751052,0.2715883613835719,0.2404791392244401,0.18859820844196679,0.12338773138388574,0.3998163998434634,0.45996676889997395,0.227837882779853,0.21271721567744803,0.8156957047389133,0.16152914791385406,0.6864465204948337,0.6631791627440238,0.29441964606041504,0.18015763512165636,0.21620582582092546,0.33112206794661186,0.7355962211988499,0.8905911418165146,0.5773394054700353,0.26044283521108136,0.5642756878125305,0.1580615231325604,0.1610914432689561,0.43491028995616327,0.07950053123939231,0.28275877122839255,0.9002745528294565,0.4571142894624075,0.5675730487675261,0.5670135590284942,0.5751712351111509,0.4827945443038282,0.1239029954770577,0.714688198314697],[0.3266727156866883,0.689413803687145,0.05392246947119456,0.45558137771918733,0.9168088962203136,0.7124515827255063,0.023738070038843796,0.49893722359876286,0.5439873857943157,0.3763961556322429,0.5507004723530283,0,0.5560197605303762,0.7944675122654383,0.654407514155972,0.8119833641370221,0.34206254122462115,0.11368757146235874,0.861812086602163,0.6263292105254737,0.45050431467298446,0.5036616644358811,0.6170186751962088,0.6791466446492728,0.41408150354549583,0.8038030518416518,0.4470174219264255,0.34903760892985275,0.7224952688081607,0.8148894756935627,0.3513668017201716,0.9435789560939017,0.2964099086097908,0.04286499914689002,0.7792641842268152,0.9089788552685976,0.7027945649294007,0.8499832343339889,0.37957597509536667,0.6755752963640645,0.7909304274811589,0.4366737312829313,0.8784456630602041,0.14617114877959064,0.49336453922763085,0.8727920967778596,0.4223936920001575,0.9251333110427424,0.5497536216943979,0.45972285548957204,0.827090842602837,0.16069452563776676,0.5596539525804324,0.5353306734329617,0.4878713846150114,0.40256571037458083,0.31947760500310224,0.339274480879586,0.6783586393125398,0.82852311408615,0.2027450797460083,0.4361498711283474,0.4562442827465122,0.9638644421291733,0.4852612320067813,0.8201480641061256,0.4739526898725607,0.26731563767108135,0.6806436062537077,0.3686049839940984,0.3931513198479078,0.44364164756817803,0.7458653219361914,0.38187805574773026,0.5722064058416921,0.9044837365330158,0.6320818236407689,0.6926120893330364,0.09956817900096768,0.586063099037312,0.24872750863499254,0.9637710503866843,0.8265711984920251,0.8708351878306181,0.7082607123847308,0.6408091365477385,0.07512005389895146,0.6489585189918677,0.8566090631255694],[0.20963344738956885,0.4572449210642615,0.4802598080925956,0.32060467286561717,0.35258904225615884,0.3077869274809604,0.5503098626905842,0.22060274211118444,0.027939067809437116,0.3745069691262881,0.3077985381958355,0.5560197605303762,0,0.4737723403985018,0.07557596826210217,0.39568150840743377,0.3115851077955327,0.47034095582597174,0.48198146705038153,0.28973871229200215,0.31604371119845454,0.299390128229058,0.07691840013054614,0.1164977583025188,0.2439117711074411,0.33732918534735906,0.1603316753937764,0.4845328260522546,0.5113830322134533,0.24693108603414288,0.40530035813916054,0.3646754347598842,0.31948134313803006,0.5110811149092059,0.20530000619246042,0.5717782701419423,0.3485038602948988,0.6042529865008847,0.224497818657946,0.3821309282222568,0.43627531759277244,0.3710686628080642,0.3007770428095546,0.3911624036710714,0.039817102754946536,0.29576795097914554,0.44591579523775693,0.49174562938400046,0.12130826647552426,0.07342105278579629,0.5495591450200648,0.4074856768005016,0.159519639518647,0.08226281393019674,0.07474068374338838,0.13349335846103674,0.41983114688823664,0.3220287370879825,0.2976220930090821,0.26273272677724563,0.3565965318150835,0.11800449126718555,0.11012744690167471,0.4973725566095376,0.13510536157507166,0.360602192722558,0.4043488171516562,0.4456099351965561,0.2240939758379599,0.19982785984403412,0.14450515857383534,0.5066718883280864,0.5829403359098145,0.35168811130113825,0.03433333474003307,0.32954231490482255,0.18612081227243868,0.26641459568650233,0.43984592653655546,0.225993538838653,0.3340060983575507,0.5711387198350261,0.2477645955901952,0.30460962355975396,0.23782225056950018,0.24753752956627148,0.5401452763496898,0.24521810985035492,0.3913540011406058],[0.5807583593146576,0.10267428560348578,0.7275025190402299,0.796972170573654,0.43035027434398043,0.1482925194639645,0.8170940779514337,0.7100719569275172,0.4281083159816062,0.8234662926496764,0.8020688302731319,0.7944675122654383,0.4737723403985018,0,0.4734243384928937,0.11309598371955078,0.4314755555870287,0.659775525845957,0.07010886793381588,0.7850589596592596,0.321259804855783,0.787422128921521,0.5513694707968039,0.3986612610515373,0.7074743280259687,0.1938579694706274,0.6315579259157466,0.47370275952649366,0.11379060202441776,0.4150908018660693,0.4321145112094749,0.5547826049696752,0.7295923628928527,0.7293150733938074,0.5432079372682577,0.09283061675528877,0.1028474247041996,0.11999771350998595,0.668299484744086,0.09760877854495477,0.027331317851478847,0.3401498123822871,0.5588734940440087,0.6467890585103868,0.4896324031289923,0.4857521276427993,0.38362911903726105,0.16624324378736913,0.6179699951427008,0.4948795240683541,0.059453944153949355,0.6124663540290615,0.6561890014954929,0.5781235687777826,0.5527584971963726,0.5423911897629179,0.8445381396765542,0.7558905887968244,0.7857714843973