"trial_id","rt","stimulus","response","trial_type","trial_index","plugin_version","time_elapsed","language","participant_number","success","raw_payload","placements","dissimilarity_vector","n_words","trial_category","distance_matrix","value"
"consent_form","2171","
    <div style=""max-width:800px; margin:0 auto; text-align:left; font-size: 16px; padding: 10px 0;"">
      <h1>Informed Consent Form</h1>
      <p>You are being invited to participate in a research study titled <strong>""Reproducibility of Psychological Science and Instruction.""</strong> This study is being done by Dr. Bria Long from UC San Diego and associated graduate students in the Experimental Methods course. You were selected to participate in this study because you are an adult in the U.S. and have been a represented population in previous psychology studies.</p>
      
      <p>The purpose of this study is to better understand how well previously published studies in the psychological field replicate online and with different populations. Your participation in this research should last approximately <strong>5-30 minutes</strong>. If you agree to take part in this study, you may be asked to view a set of stimuli, including pictures, sounds, written text, or videos and then giving some responses via key-presses, verbally, or with paper-and-pencil. We may also observe your choices or preferences among an array of stimuli. These stimuli will be taken directly from or closely adapted from studies that already exist in the published psychological literature. Stimuli will include, e.g., pictures of objects and human faces, audio and video clips, short text passages, etc. None of the stimuli will be disturbing, threatening, or offensive. The online and in-person experiments described in this protocol will take no more than 30 minutes. An example game you might play would be to click on an image on the screen that matches a word you hear being said out loud. Your total expected time commitment for this study is between 5-30 minutes, and is specified in the study description.</p>
      
      <p>Your participation in this study is completely voluntary and you can withdraw at any time. Choosing not to participate or withdrawing will result in no penalty or loss of benefits to which you are entitled. You are free to skip any question that you choose.</p>
      
      <p>We will not be asking for any personally identifying information, and we will handle responses as confidentially as possible. Your SONA or Prolific IDs will never be tied to your responses on this survey. However, we cannot guarantee the confidentiality of information transmitted over the Internet. To minimize this risk, data containing anything that might be personally identifying (e.g. Prolific IDs or IP addresses) will be encrypted on transfer and storage and will only be accessible to qualified lab personnel. We will be keeping data collected as part of this experiment indefinitely. This anonymized data (containing neither Prolific IDs nor IP addresses) may be shared with the scientific community or with other participants to be used as stimuli in future studies.</p>
      
      <p>If you have questions about this project or if you have a research-related problem, you may contact the researcher(s), <strong>Dr. Bria Long, <a href=""mailto:brlong@ucsd.edu"">brlong@ucsd.edu</a></strong>. If you have any questions concerning your rights as a research subject, you may contact the UC San Diego Office of IRB Administration at <a href=""mailto:irb@ucsd.edu"">irb@ucsd.edu</a> or 858-246-4777.</p>
      
      <h3 style=""margin-top: 25px;"">Consent Statement</h3>
      <p style=""font-weight: bold;"">By participating in this research you are indicating that you are at least 18 years old, have read this consent form, and agree to participate in this research study. Please keep this consent form for your records.</p>
    </div>
  ","0","html-button-response","0","2.1.0","2181","en","jmp84lrck6_6qi80c","","","","","","","",""
"","1914","
    <div style=""display:flex; align-items:center; justify-content:center; height:100vh; font-family:sans-serif;"">
      <div style=""max-width:900px; margin:0 auto; text-align:center;"">
        <h1 style= ""font-size: 24px;"">Welcome! Thank you for participating in the study.</h1>
        <p style=""font-size:18px; line-height:1.6;"">
          In this task, you will be presented with <strong>90 words</strong> arranged <strong>outside a circle</strong>.<br>
          Your job is to <strong>drag these words into the circle</strong> and <strong>rearrange them</strong> based on their <strong>meaning similarity</strong>.<br><br>
          Words that are <strong>similar in meaning</strong> should be placed <strong>closer together</strong>.<br>
          Words that are <strong>different in meaning</strong> should be placed <strong>farther apart</strong>.<br><br>
          You can place the words <strong>anywhere inside the circle</strong>. There is no single correct answer — 
          we are interested in <strong>your personal judgment</strong> of how these words relate to each other.<br><br>
          <strong>You must move all words into the circle before you can finish.</strong><br>
          After the initial arrangement, you will arrange words from specific categories.
        </p>
        <p style=""font-size:16px; margin-top:30px;""><em>Press any key to continue.</em></p>
      </div>
    </div>
  ","Enter","html-keyboard-response","1","2.1.0","4096","en","jmp84lrck6_6qi80c","","","","","","","",""
"","1762","<p style='font-size:20px;'>Which is your first language or primary language of use?</p>","1","html-button-response","2","2.1.0","5860","en","jmp84lrck6_6qi80c","","","","","","","",""
"","891","","","fullscreen","3","2.1.0","7754","en","jmp84lrck6_6qi80c","true","{""placements"":[{""word"":""proud"",""x"":620.1,""y"":326.3,""cx"":643,""cy"":343.7,""angle_rad"":-0.021,""angle_deg"":358.8},{""word"":""refrigerator"",""x"":427.8,""y"":322.3,""cx"":467,""cy"":339.7,""angle_rad"":-0.088,""angle_deg"":355},{""word"":""rabbit"",""x"":379.5,""y"":276.3,""cx"":402,""cy"":293.7,""angle_rad"":-0.825,""angle_deg"":312.7},{""word"":""agreement"",""x"":588.5,""y"":366.3,""cx"":627,""cy"":383.7,""angle_rad"":0.121,""angle_deg"":6.9},{""word"":""lips"",""x"":596.5,""y"":331.3,""cx"":612,""cy"":348.7,""angle_rad"":-0.005,""angle_deg"":359.7},{""word"":""scissors"",""x"":525.7,""y"":351.3,""cx"":556,""cy"":368.7,""angle_rad"":0.091,""angle_deg"":5.2},{""word"":""giraffe"",""x"":555.7,""y"":392.3,""cx"":580,""cy"":409.7,""angle_rad"":0.254,""angle_deg"":14.6},{""word"":""system"",""x"":436.8,""y"":341.3,""cx"":464,""cy"":358.7,""angle_rad"":0.076,""angle_deg"":4.4},{""word"":""fault"",""x"":641.8,""y"":405.3,""cx"":660,""cy"":422.7,""angle_rad"":0.23,""angle_deg"":13.2},{""word"":""friendship"",""x"":510.7,""y"":381.3,""cx"":546,""cy"":398.7,""angle_rad"":0.244,""angle_deg"":14},{""word"":""method"",""x"":627.7,""y"":439.3,""cx"":656,""cy"":456.7,""angle_rad"":0.336,""angle_deg"":19.2},{""word"":""ant"",""x"":600.3,""y"":404.3,""cx"":615,""cy"":421.7,""angle_rad"":0.264,""angle_deg"":15.1},{""word"":""depressed"",""x"":430.3,""y"":577.3,""cx"":468,""cy"":594.7,""angle_rad"":1.121,""angle_deg"":64.3},{""word"":""sofa"",""x"":580.8,""y"":528.3,""cx"":599,""cy"":545.7,""angle_rad"":0.666,""angle_deg"":38.2},{""word"":""violence"",""x"":584.3,""y"":470.3,""cx"":615,""cy"":487.7,""angle_rad"":0.479,""angle_deg"":27.5},{""word"":""chopsticks"",""x"":558.3,""y"":438.3,""cx"":596,""cy"":455.7,""angle_rad"":0.406,""angle_deg"":23.3},{""word"":""concept"",""x"":508.5,""y"":429.3,""cx"":538,""cy"":446.7,""angle_rad"":0.475,""angle_deg"":27.2},{""word"":""sparrow"",""x"":515.1,""y"":516.3,""cx"":545,""cy"":533.7,""angle_rad"":0.756,""angle_deg"":43.3},{""word"":""chair"",""x"":546.8,""y"":468.3,""cx"":567,""cy"":485.7,""angle_rad"":0.559,""angle_deg"":32},{""word"":""business"",""x"":431.4,""y"":417.3,""cx"":464,""cy"":434.7,""angle_rad"":0.639,""angle_deg"":36.6},{""word"":""magic power"",""x"":316.3,""y"":458.3,""cx"":361,""cy"":475.7,""angle_rad"":1.483,""angle_deg"":85},{""word"":""result"",""x"":348.9,""y"":614.3,""cx"":371,""cy"":631.7,""angle_rad"":1.496,""angle_deg"":85.7},{""word"":""hostility"",""x"":523.7,""y"":320.8,""cx"":552,""cy"":338.2,""angle_rad"":-0.058,""angle_deg"":356.7},{""word"":""dispute"",""x"":160.4,""y"":417.8,""cx"":188,""cy"":435.2,""angle_rad"":2.657,""angle_deg"":152.3},{""word"":""relationship"",""x"":31.2,""y"":336.8,""cx"":72,""cy"":354.2,""angle_rad"":3.126,""angle_deg"":179.1},{""word"":""pencil"",""x"":65.7,""y"":368.8,""cx"":89,""cy"":386.2,""angle_rad"":3.004,""angle_deg"":172.1},{""word"":""anger"",""x"":177.1,""y"":498.8,""cx"":200,""cy"":516.2,""angle_rad"":2.305,""angle_deg"":132.1},{""word"":""team"",""x"":101.4,""y"":428.8,""cx"":122,""cy"":446.2,""angle_rad"":2.742,""angle_deg"":157.1},{""word"":""washing machine"",""x"":15.9,""y"":403.8,""cx"":75,""cy"":421.2,""angle_rad"":2.888,""angle_deg"":165.5},{""word"":""thigh"",""x"":171.8,""y"":596.8,""cx"":192,""cy"":614.2,""angle_rad"":2.11,""angle_deg"":120.9},{""word"":""charity"",""x"":95.4,""y"":260.8,""cx"":121,""cy"":278.2,""angle_rad"":-2.838,""angle_deg"":197.4},{""word"":""finger"",""x"":213.5,""y"":622.8,""cx"":236,""cy"":640.2,""angle_rad"":1.945,""angle_deg"":111.4},{""word"":""characteristic"",""x"":159.8,""y"":474.8,""cx"":206,""cy"":492.2,""angle_rad"":2.362,""angle_deg"":135.4},{""word"":""cat"",""x"":123.7,""y"":467.8,""cx"":138,""cy"":485.2,""angle_rad"":2.574,""angle_deg"":147.5},{""word"":""eye"",""x"":73.7,""y"":511.8,""cx"":90,""cy"":529.2,""angle_rad"":2.538,""angle_deg"":145.4},{""word"":""bed"",""x"":86.3,""y"":462.8,""cx"":103,""cy"":480.2,""angle_rad"":2.656,""angle_deg"":152.2},{""word"":""computer mouse"",""x"":157.9,""y"":452.8,""cx"":215,""cy"":470.2,""angle_rad"":2.414,""angle_deg"":138.3},{""word"":""microwave"",""x"":88.6,""y"":549.8,""cx"":127,""cy"":567.2,""angle_rad"":2.369,""angle_deg"":135.8},{""word"":""reason"",""x"":128.6,""y"":580.8,""cx"":155,""cy"":598.2,""angle_rad"":2.237,""angle_deg"":128.2},{""word"":""hammer"",""x"":27.3,""y"":441.8,""cx"":58,""cy"":459.2,""angle_rad"":2.784,""angle_deg"":159.5},{""word"":""spoon"",""x"":132.9,""y"":503.8,""cx"":157,""cy"":521.2,""angle_rad"":2.416,""angle_deg"":138.4},{""word"":""fate"",""x"":215.3,""y"":199.8,""cx"":232,""cy"":217.2,""angle_rad"":-2.297,""angle_deg"":228.4},{""word"":""arm"",""x"":476.9,""y"":350.8,""cx"":494,""cy"":368.2,""angle_rad"":0.126,""angle_deg"":7.2},{""word"":""rat"",""x"":130.8,""y"":443.8,""cx"":144,""cy"":461.2,""angle_rad"":2.647,""angle_deg"":151.6},{""word"":""excited"",""x"":131.8,""y"":113.8,""cx"":159,""cy"":131.2,""angle_rad"":-2.288,""angle_deg"":228.9},{""word"":""ear"",""x"":132.9,""y"":75.8,""cx"":148,""cy"":93.2,""angle_rad"":-2.237,""angle_deg"":231.8},{""word"":""society"",""x"":464.2,""y"":227.8,""cx"":491,""cy"":245.2,""angle_rad"":-0.639,""angle_deg"":323.4},{""word"":""toothbrush"",""x"":209.9,""y"":259.8,""cx"":248,""cy"":277.2,""angle_rad"":-2.522,""angle_deg"":215.5},{""word"":""process"",""x"":248.5,""y"":230.8,""cx"":278,""cy"":248.2,""angle_rad"":-2.186,""angle_deg"":234.7},{""word"":""splendor"",""x"":308.2,""y"":213.8,""cx"":340,""cy"":231.2,""angle_rad"":-1.655,""angle_deg"":265.2},{""word"":""air conditioner"",""x"":74,""y"":210.8,""cx"":123,""cy"":228.2,""angle_rad"":-2.649,""angle_deg"":208.2},{""word"":""tortoise"",""x"":154.1,""y"":191.8,""cx"":182,""cy"":209.2,""angle_rad"":-2.444,""angle_deg"":220},{""word"":""status"",""x"":144.3,""y"":250.8,""cx"":168,""cy"":268.2,""angle_rad"":-2.719,""angle_deg"":204.2},{""word"":""trauma"",""x"":88.2,""y"":167.8,""cx"":115,""cy"":185.2,""angle_rad"":-2.53,""angle_deg"":215},{""word"":""death"",""x"":239.5,""y"":200.8,""cx"":262,""cy"":218.2,""angle_rad"":-2.159,""angle_deg"":236.3},{""word"":""happy"",""x"":282.9,""y"":179.8,""cx"":307,""cy"":197.2,""angle_rad"":-1.845,""angle_deg"":254.3},{""word"":""identity"",""x"":248.8,""y"":109.8,""cx"":276,""cy"":127.2,""angle_rad"":-1.891,""angle_deg"":251.6},{""word"":""marriage"",""x"":182.4,""y"":145.8,""cx"":215,""cy"":163.2,""angle_rad"":-2.197,""angle_deg"":234.1},{""word"":""error"",""x"":259.2,""y"":151.8,""cx"":279,""cy"":169.2,""angle_rad"":-1.945,""angle_deg"":248.6},{""word"":""ankle"",""x"":266.3,""y"":56.8,""cx"":288,""cy"":74.2,""angle_rad"":-1.792,""angle_deg"":257.3},{""word"":""tiger"",""x"":190.4,""y"":108.8,""cx"":209,""cy"":126.2,""angle_rad"":-2.133,""angle_deg"":237.8},{""word"":""apathy"",""x"":94,""y"":138.8,""cx"":120,""cy"":156.2,""angle_rad"":-2.441,""angle_deg"":220.1},{""word"":""disease"",""x"":185.9,""y"":68.8,""cx"":215,""cy"":86.2,""angle_rad"":-2.044,""angle_deg"":242.9},{""word"":""broom"",""x"":387.2,""y"":230.8,""cx"":412,""cy"":248.2,""angle_rad"":-1.024,""angle_deg"":301.3},{""word"":""sad"",""x"":309.7,""y"":68.8,""cx"":326,""cy"":86.2,""angle_rad"":-1.661,""angle_deg"":264.8},{""word"":""key"",""x"":461.1,""y"":59.8,""cx"":477,""cy"":77.2,""angle_rad"":-1.135,""angle_deg"":295},{""word"":""heaven"",""x"":343,""y"":149.8,""cx"":371,""cy"":167.2,""angle_rad"":-1.456,""angle_deg"":276.6},{""word"":""obligation"",""x"":338,""y"":32.8,""cx"":373,""cy"":50.2,""angle_rad"":-1.494,""angle_deg"":274.4},{""word"":""data"",""x"":437.4,""y"":108.8,""cx"":456,""cy"":126.2,""angle_rad"":-1.128,""angle_deg"":295.3},{""word"":""loving heart"",""x"":351.8,""y"":73.8,""cx"":393,""cy"":91.2,""angle_rad"":-1.406,""angle_deg"":279.4},{""word"":""content"",""x"":415,""y"":22.8,""cx"":443,""cy"":40.2,""angle_rad"":-1.279,""angle_deg"":286.7},{""word"":""phenomenon"",""x"":324.1,""y"":123.8,""cx"":370,""cy"":141.2,""angle_rad"":-1.475,""angle_deg"":275.5},{""word"":""cabinet"",""x"":478.4,""y"":86.8,""cx"":506,""cy"":104.2,""angle_rad"":-1.005,""angle_deg"":302.4},{""word"":""miracle"",""x"":493.4,""y"":110.8,""cx"":521,""cy"":128.2,""angle_rad"":-0.914,""angle_deg"":307.6},{""word"":""fear"",""x"":442.9,""y"":142.8,""cx"":460,""cy"":160.2,""angle_rad"":-1.046,""angle_deg"":300.1},{""word"":""knee"",""x"":475.8,""y"":138.8,""cx"":496,""cy"":156.2,""angle_rad"":-0.925,""angle_deg"":307},{""word"":""comfortable"",""x"":513.4,""y"":149.8,""cx"":555,""cy"":167.2,""angle_rad"":-0.728,""angle_deg"":318.3},{""word"":""debt"",""x"":284.4,""y"":7.8,""cx"":303,""cy"":25.2,""angle_rad"":-1.714,""angle_deg"":261.8},{""word"":""elephant"",""x"":505.1,""y"":252.8,""cx"":537,""cy"":270.2,""angle_rad"":-0.403,""angle_deg"":336.9},{""word"":""effect"",""x"":592,""y"":194.8,""cx"":614,""cy"":212.2,""angle_rad"":-0.481,""angle_deg"":332.4},{""word"":""discipline"",""x"":519.2,""y"":210.8,""cx"":553,""cy"":228.2,""angle_rad"":-0.54,""angle_deg"":329},{""word"":""television"",""x"":435.8,""y"":189.8,""cx"":470,""cy"":207.2,""angle_rad"":-0.872,""angle_deg"":310},{""word"":""shoulder"",""x"":373.2,""y"":183.8,""cx"":405,""cy"":201.2,""angle_rad"":-1.217,""angle_deg"":290.3},{""word"":""nose"",""x"":556.8,""y"":180.8,""cx"":577,""cy"":198.2,""angle_rad"":-0.589,""angle_deg"":326.2},{""word"":""ax"",""x"":587.6,""y"":236.8,""cx"":600,""cy"":254.2,""angle_rad"":-0.366,""angle_deg"":339},{""word"":""scenery"",""x"":584.5,""y"":289.8,""cx"":614,""cy"":307.2,""angle_rad"":-0.161,""angle_deg"":350.8},{""word"":""panda"",""x"":439.5,""y"":268.8,""cx"":464,""cy"":286.2,""angle_rad"":-0.51,""angle_deg"":330.8},{""word"":""fraud"",""x"":491.1,""y"":279.8,""cx"":512,""cy"":297.2,""angle_rad"":-0.315,""angle_deg"":341.9},{""word"":""table"",""x"":634.8,""y"":248.3,""cx"":655,""cy"":265.7,""angle_rad"":-0.27,""angle_deg"":344.6}],""n_words"":89,""words"":[""proud"",""refrigerator"",""rabbit"",""agreement"",""lips"",""scissors"",""giraffe"",""system"",""fault"",""friendship"",""method"",""ant"",""depressed"",""sofa"",""violence"",""chopsticks"",""concept"",""sparrow"",""chair"",""business"",""magic power"",""result"",""hostility"",""dispute"",""relationship"",""pencil"",""anger"",""team"",""washing machine"",""thigh"",""charity"",""finger"",""characteristic"",""cat"",""eye"",""bed"",""computer mouse"",""microwave"",""reason"",""hammer"",""spoon"",""fate"",""arm"",""rat"",""excited"",""ear"",""society"",""toothbrush"",""process"",""splendor"",""air conditioner"",""tortoise"",""status"",""trauma"",""death"",""happy"",""identity"",""marriage"",""error"",""ankle"",""tiger"",""apathy"",""disease"",""broom"",""sad"",""key"",""heaven"",""obligation"",""data"",""loving heart"",""content"",""phenomenon"",""cabinet"",""miracle"",""fear"",""knee"",""comfortable"",""debt"",""elephant"",""effect"",""discipline"",""television"",""shoulder"",""nose"",""ax"",""scenery"",""panda"",""fraud"",""table""],""distance_matrix"":[[0,0.253067841223142,0.3661771120916823,0.03848374882176661,0.01963288702444128,0.11504379564899295,0.11620693262458978,0.25884855878589297,0.09936960460666497,0.1489138667377171,0.1525248264112259,0.10270217476089309,0.4627685554923172,0.30259865481381093,0.20570380863374907,0.16497825507597438,0.20633005141151695,0.31397369751147497,0.2288819613997016,0.2930234261816539,0.47145280573614257,0.6082695598805047,0.11608527956247137,0.7179592034346373,0.8906208281849166,0.8656566183872023,0.7361811809434543,0.825890164065003,0.8941168741455794,0.817681102038247,0.8179925215953832,0.7816087236941345,0.7138167081121995,0.8153394950870142,0.9102882171144915,0.8678468797233502,0.6892226368633847,0.8764632359219849,0.8571817524965496,0.9312840090614084,0.8039619109526768,0.6629558906551852,0.2126495928658186,0.7962925573071271,0.8220291039703791,0.8642802570137383,0.26126540287287925,0.6153983904885748,0.5778409214564028,0.4905706387249287,0.8286106129645519,0.7439597853627458,0.7451586088154877,0.8586349670014617,0.6163324428585528,0.5605120758758941,0.6566183245718061,0.7185970175778569,0.6204131704673844,0.6882619372747659,0.7524011255190763,0.8656028825768397,0.7750586458353897,0.37235883151639415,0.6280623795567296,0.475660105695789,0.4922431687084969,0.6125617969580556,0.43186812508053685,0.5423989474866246,0.5555468721903049,0.5175121153810548,0.41424274072505857,0.3686063707535795,0.3871939480468503,0.3534640327566388,0.2872425139792631,0.7208138479792575,0.1771263657488338,0.18627756330376738,0.2052647267612893,0.3245948183779991,0.41663734762691484,0.22680069208353915,0.12920216207211505,0.04419162951715105,0.2723746368338618,0.19329512449371425,0.09631824004481111],[0.253067841223142,0,0.09746845893847719,0.23675876160487136,0.2034154915617141,0.12002226231945595,0.1834775898788612,0,0.3080113597275205,0.12808287150707798,0.3276892619378683,0.24201726522090197,0.3804917672096048,0.36380629492848543,0.30674150310779563,0.24893545210338525,0.17619687607246468,0.3064020676139971,0.25454907157055406,0.12234911247967811,0.2472325603521986,0.4650155690571999,0.10615554933776038,0.44486817225634034,0.6068568940743059,0.5835905587478062,0.485492826173521,0.5516600187570367,0.6151142838054253,0.5960268141508671,0.5361010983948958,0.5806490508520133,0.4568022216899433,0.5495195689221272,0.6499158921371817,0.5986401258930042,0.4269441807228195,0.629169868337948,0.6228473916900245,0.6566183245718061,0.5486912772465093,0.3966461284304735,0.032314709978019045,0.5258899873853433,0.5692054059897704,0.6195670477812022,0.1263073097266884,0.33650123958100975,0.3078394383563015,0.23852903266867873,0.55255550634673,0.4748292967009733,0.46510284941810703,0.589343585157708,0.3535385355166026,0.3147362413030203,0.4300698194964649,0.4654780457115049,0.37855137935392513,0.48571967824514384,0.5094068403825762,0.6024443006926384,0.5458178821499073,0.14124817277962293,0.4370936622255676,0.392899762363759,0.28755331380623017,0.46017801298685634,0.3139708666477033,0.38740251244469315,0.45385430329553084,0.32550907946382335,0.35419489067157256,0.32123578192879465,0.25886315811475424,0.26877377902815863,0.2814786351170254,0.5413761100953446,0.12815037357317072,0.28299588067324405,0.1962076801730835,0.18284684448292476,0.21384900592318135,0.2582020821379289,0.22412516568575327,0.21192174324336122,0.05543357041934257,0.06884957519327808,0.2950184889428661],[0.3661771120916823,0.09746845893847719,0,0.36004502947915995,0.3192961646975835,0.2453967295552625,0.31183828835332184,0.11392523144261434,0.43447633682021575,0.2565710439878519,0.4560214641717694,0.37000101657081674,0.46626621491284437,0.48516938972369067,0.4339165153785805,0.3768492604114881,0.2993234449550582,0.4198221672940188,0.37751597824454014,0.2175369588072671,0.2700383291860412,0.5167275497364685,0.221462548636792,0.38299116249250387,0.5104034859430205,0.49568850546646465,0.4539456061398835,0.4835099315003992,0.5353819435627855,0.5873377988811617,0.4231380715955096,0.5890160386977307,0.41915518789374817,0.4953002062539666,0.5998137196771909,0.5376717947318544,0.38394308923276693,0.5948877312263813,0.6017202832183969,0.5850296242861664,0.5085266283082586,0.2698100852110333,0.16000738790233798,0.4653836174088783,0.4407292456042046,0.491196906682462,0.13253199524698928,0.2189122623489105,0.1821210891120259,0.11103303810464522,0.4314628489083455,0.34929255373471696,0.3488334655632142,0.4641254825893087,0.225656727869155,0.18749657826556357,0.30593188713657193,0.3369686348358393,0.25140024048282605,0.368123822339368,0.38137447544715164,0.47527959462872316,0.4197535638346715,0.044139683841857374,0.3255857706856558,0.33872667070723966,0.1791496510943378,0.3647064764065883,0.25297730037977756,0.29608411577691623,0.3833841364997648,0.22042896681482738,0.3178108117097681,0.29792606014028883,0.20386080199447956,0.23775983426085287,0.2893426911160603,0.4307922378064539,0.19010295102744953,0.33550426943168027,0.23458724619850524,0.14652627030310786,0.1183165532885019,0.29069741931419973,0.29479575327776925,0.31178606220138066,0.0697450833857929,0.14657026756624722,0.379753803517577],[0.03848374882176661,0.23675876160487136,0.36004502947915995,0,0.0304105427660798,0.08606953991762122,0.055640385028184546,0.23509050239699805,0.05140558442541206,0.10190135664351413,0.09572380912102803,0.03326843160512755,0.39533711754364254,0.23427698122629576,0.13791091754741033,0.0954667274861536,0.14493319294605939,0.24484501424823615,0.15993750814335878,0.24459000394818248,0.4231918295312408,0.5441760468948978,0.11052801596130071,0.6822953423521934,0.8659078268925954,0.8372173796979758,0.6904853363804482,0.7901689356449867,0.8618552166131466,0.7634484624342165,0.8031255584475027,0.7236335372102621,0.6705886031197205,0.7749504002472006,0.8668423436651486,0.8288347830469612,0.6483593447701269,0.8285075962979906,0.8056632365863752,0.8952858512318358,0.759259339390688,0.6607456645254646,0.18505167184788113,0.7584168678764259,0.8271551149987327,0.8730458494639641,0.28221947014322146,0.6042958294718029,0.5731518194007477,0.4934586871150358,0.8201707982268295,0.7403622655755572,0.7328061970260936,0.8551738138381024,0.615736737647293,0.5666965287752185,0.6705514813740732,0.7231001443676868,0.6286923560922254,0.7097670744825388,0.7612736715421955,0.8657771491682582,0.7890883137963641,0.3790946925095858,0.6519552646792366,0.5196610995385204,0.51003778103814,0.6455011855994766,0.46780945043463784,0.5734771905750833,0.5978371866190312,0.5392084783135184,0.46048279002275166,0.4153731021802202,0.41922171337890085,0.3926262865499978,0.337170281192937,0.7487957897278732,0.2027271352935231,0.24652619426645764,0.24687784458757503,0.35018516075969514,0.4327534320613421,0.2790104010509877,0.18244462941949582,0.09418640172188399,0.27548325603032475,0.20119014989549192,0.1646790720659903],[0.01963288702444128,0.2034154915617141,0.3192961646975835,0.0304105427660798,0,0.06492337470048774,0.0801253290968606,0.20835130701405147,0.11130546248679664,0.10258528163791267,0.15716255909280918,0.08686743937271899,0.4289805263579659,0.28757681593045975,0.19333430398524387,0.14355879308135053,0.16713875293312302,0.28649596840716335,0.201676094943239,0.24520351883113306,0.42293373338383017,0.5688446137180752,0.06725949690451656,0.6673236596345519,0.8404809061389227,0.8151671528926704,0.6867123459641122,0.7752460217470063,0.8434568093892288,0.7708473523346392,0.7694836723829159,0.7367631544339939,0.6639028524415064,0.7650089970469415,0.8603283634984139,0.8173772427930464,0.6389888273067739,0.8274388273999749,0.8092430953982673,0.8806408973652775,0.7542589448639624,0.6179015942396707,0.1619739904491492,0.745753973868623,0.7799308013410371,0.8238041584605643,0.2259254597725778,0.5676239070147912,0.5318556771906492,0.4471312179600208,0.7817369116801646,0.6985173627249639,0.6971881222071803,0.8133276755925077,0.5717902554941195,0.5185604097999548,0.6184351644332576,0.6761458459433382,0.5794727455057491,0.6542755590311463,0.7118805469456939,0.8215832355941516,0.7370463463474676,0.330186288415362,0.5954596101832883,0.4582948035291667,0.45585633637494766,0.5860792892634219,0.4075033218299187,0.5144936127367951,0.5366404401426882,0.48341881292019395,0.3990297042850484,0.35392436433814767,0.3597493956978222,0.3316685340668539,0.27597567825639413,0.6909328020200954,0.14417117490805725,0.18927108432007417,0.18548513193386615,0.2924774573779445,0.37915819090284647,0.2183228427829165,0.12269044364295995,0.036009469623713965,0.22823108352251442,0.15048635900050183,0.11981522895097817],[0.11504379564899295,0.12002226231945595,0.2453967295552625,0.08606953991762122,0.06492337470048774,0,0.04562757558998121,0.11830565423290085,0.15807370414290772,0.01999138700802311,0.18393239796337257,0.09695061341975926,0.36036123510271423,0.2629169105115154,0.18331362274086271,0.12349097363404794,0.09814561110177356,0.23583323839209255,0.15861005049344257,0.15168580101619164,0.32792151690591376,0.4878892756299148,0.018600894665486794,0.5724725003106379,0.7504105838655896,0.7231536732952882,0.5908489144698914,0.6804472887378343,0.7498287754619787,0.6775200761365167,0.6860134833226632,0.6462207018483077,0.5679370622777347,0.6692565593044885,0.7643674689056776,0.7218506321946327,0.54314106624762,0.7318201521859126,0.7146030382183939,0.7858171466034614,0.6583130316348234,0.5461834789382172,0.06901890686610783,0.6504148416260906,0.7155525182033605,0.763463214243617,0.19418730133068682,0.4874932525675484,0.45794072787234996,0.38218518531356066,0.703620638894173,0.625133676622449,0.6157951248995532,0.739818486589672,0.5019825426767548,0.45689831070046427,0.5656935160801697,0.6114864855587532,0.5198667908233704,0.6115736304617708,0.6521611544402223,0.7517193193992295,0.6835976165860564,0.2719838171798417,0.5568640990754181,0.4563642431497996,0.41041857114437064,0.5617721415662524,0.39228496240003685,0.48834392141866506,0.5295954962332096,0.44319881305476294,0.4033801157431091,0.36117636635683753,0.33939872388221404,0.325308143281345,0.29415166020096917,0.6574510680578567,0.130851508828458,0.23831155787305278,0.19575452060146095,0.2642440351369175,0.3329050909535253,0.24619758488114202,0.1669168570032728,0.1053845508876309,0.16838496998966773,0.10444587288057361,0.19951728564969878],[0.11620693262458978,0.1834775898788612,0.31183828835332184,0.055640385028184546,0.0801253290968606,0.04562757558998121,0,0.17345788856055114,0.09975846529980134,0.026628117327487714,0.11316868225063617,0.028669416192704817,0.31797035898276677,0.1905720746816131,0.10692931831821104,0.04755659142162439,0.059289317856443,0.17689320858380433,0.09339095509396658,0.16046183481232015,0.33809132032260425,0.4610223119084596,0.0928797151320905,0.6029230960874792,0.793670783134465,0.7622641458089547,0.6058496529553216,0.7104435493321335,0.7841622638066903,0.6767808621350488,0.7395143435444104,0.6372275799114893,0.5870471148162211,0.6926101334814759,0.7829200936305424,0.7471257685709608,0.566049124187362,0.7429576649244645,0.7192794163123191,0.8151656139649831,0.6749331300408034,0.6107746974598498,0.12306271089290019,0.677486993495278,0.783596567884912,0.8332276272620308,0.27079969359236983,0.5458494860802588,0.5216533106009044,0.45166324975243927,0.7625234686632829,0.6881695991479932,0.6719848106831507,0.8022805529728025,0.5680327159573227,0.5272771871891793,0.6386991724821193,0.6797605872759315,0.5907421102019129,0.6867558888973323,0.7224937934971576,0.8165925370797045,0.7560743277674824,0.3450436496447778,0.6327343751761333,0.5307186098804799,0.48560878523256645,0.6384405156741955,0.4683338855566567,0.5650144359812687,0.6049432053701931,0.5190696045909303,0.4762457398883211,0.4331267213639428,0.41576382697746017,0.3999431865627106,0.36238969058714493,0.733739889014262,0.2045417000959811,0.29238083663143644,0.2650939675554601,0.34086526286896124,0.4082598869187827,0.3103204859313644,0.22197775624687058,0.14323965360577914,0.24239971862751708,0.18110454354623617,0.23098273207220724],[0.25884855878589297,0,0.11392523144261434,0.23509050239699805,0.20835130701405147,0.11830565423290085,0.17345788856055114,0,0.301707545514313,0.11619808851832107,0.31684544077940124,0.23300761798412992,0.3498801655265557,0.3411723969765071,0.2894676546671996,0.23331814122127342,0.15451458862393724,0.28016642328560515,0.2328497519614707,0.09160954590882647,0.22052086892018657,0.4344008002399987,0.11477835541114975,0.4311727458785566,0.6016276644341532,0.575775656675685,0.46507397641188863,0.5386715677008835,0.6047957599817427,0.5712153617087764,0.5375481309568005,0.553576604722799,0.43776914837603936,0.5332928273674911,0.632298693666612,0.5836689475104004,0.40925478767841494,0.6085002041606169,0.5998900928354931,0.643955679982537,0.5295350999973648,0.4075151995935999,0.019741984893640183,0.5112350261319568,0.5830288332306521,0.6350414666240801,0.15724038538035556,0.3415369537257053,0.3181093202661578,0.25598749948573757,0.5582026921703103,0.48406136079588363,0.4684851127346092,0.5979510676799569,0.3660566118178092,0.33245396648492104,0.45024210392056857,0.4798652572884257,0.3963537215741514,0.5088523534275271,0.5258666042781147,0.6131685240298641,0.5646778846735404,0.16604659807946767,0.4619087554319597,0.42373979750702057,0.3125259819328318,0.48803794158053065,0.3443990450256833,0.41560932743213824,0.48408411353758807,0.35134822437808444,0.3852370942975707,0.35215449133046384,0.289371142387775,0.299816793316416,0.3111282811650977,0.5666115560499712,0.15410181828289546,0.30733565803290797,0.22388007918207314,0.21364685100633873,0.2403873256058422,0.2857373864353321,0.24575099100158784,0.22490481266641194,0.08596107272917453,0.09486051939215684,0.31180030648636325],[0.09936960460666497,0.3080113597275205,0.43447633682021575,0.05140558442541206,0.11130546248679664,0.15807370414290772,0.09975846529980134,0.301707545514313,0,0.1569687182386705,0.024206292115334038,0.0415981414795582,0.3849671896785166,0.19053093744826743,0.09654298936548138,0.08516535473685632,0.16962020284995516,0.2269004213538033,0.15024048990978264,0.28586377164326765,0.4590201245904321,0.5445426865344091,0.19026188793763152,0.7309610159905537,0.9243180521915533,0.8923458257553936,0.7265080564720414,0.8380359086544058,0.9130620347298001,0.7850228386922984,0.8695388608976362,0.7380070641674881,0.7101800611135779,0.817403335988727,0.9047701884266114,0.8726482099478309,0.6911997058794465,0.8601895617959692,0.831763315369185,0.942278490789978,0.7961414361539293,0.7351773849798183,0.25092494066608856,0.8040180538629067,0.9043957796191744,0.9515703501770894,0.3644892368820615,0.6741081044997039,0.6467242930175033,0.5708000595368123,0.8906886467765449,0.8138287675379379,0.8012000098603048,0.9283918585529399,0.691096923505731,0.6449639354333536,0.7509270134058225,0.8003091884348886,0.7074994547415617,0.7916028076743221,0.8400071072096079,0.9407868720336324,0.8693306106323926,0.45834004285485397,0.7341127064020556,0.5999272440024147,0.5914956308484126,0.7278528654290533,0.5497819513516434,0.6558983246254647,0.6786751621677954,0.6212042905531472,0.5399000050996112,0.4945153136788824,0.501542596249827,0.47396102045563543,0.41475716225141157,0.8312046843135179,0.2851448615422694,0.3166891223786687,0.3272143042766818,0.432613020008079,0.5140637638756436,0.35523464820538087,0.2576161956604738,0.16959586479361868,0.3544213103869935,0.28211968449431934,0.22245981241768556],[0.1489138667377171,0.12808287150707798,0.2565710439878519,0.10190135664351413,0.10258528163791267,0.01999138700802311,0.026628117327487714,0.11619808851832107,0.1569687182386705,0,0.16964616019013407,0.08633610905115359,0.30939890617764754,0.2211413003544718,0.1506996541835947,0.0913225394806665,0.0474902906034272,0.18683264236126546,0.11339425989017649,0.11348439236350603,0.29234761658260827,0.4392328346446285,0.06707385768030277,0.5497102004131601,0.7372853672335613,0.7067620367387529,0.5586688256979653,0.6575097006436079,0.7299469118253877,0.637792462502161,0.6818789889785427,0.6031449043922755,0.5380357597944193,0.6420429922710776,0.7344155931560233,0.6958904890722043,0.5154619193982654,0.6977905113398915,0.677363838974874,0.7625448015808717,0.6271370594368427,0.5542711800527889,0.0662474833794792,0.6255185781478255,0.7281959851582126,0.7786757067592059,0.2321047810191891,0.4883213552941633,0.4650004739034368,0.3974401008359807,0.7049842651771918,0.6312377313441585,0.6143237697220477,0.7451888073291377,0.5120269273113466,0.47345792290596794,0.5868996141056799,0.6245479551449964,0.5371586433359168,0.6380027106879045,0.668380154113352,0.760043300255539,0.7035993675449995,0.2941636735989672,0.5857267842161072,0.49962458516615094,0.437299468995008,0.5968694006683045,0.43209593707864674,0.523250851754593,0.5709277089280971,0.47231829397557257,0.4485995941850311,0.4073637340014966,0.3781187555825261,0.36854771355932764,0.34284536995024856,0.6880736273549704,0.17684466651248693,0.28932236723214744,0.2443501262444456,0.30145795943572395,0.36058492106410683,0.29637856865207696,0.21790994185348087,0.15293759570833562,0.19362575877594101,0.14170862321418726,0.24647340828633996],[0.1525248264112259,0.3276892619378683,0.4560214641717694,0.09572380912102803,0.15716255909280918,0.18393239796337257,0.11316868225063617,0.31684544077940124,0.024206292115334038,0.16964616019013407,0,0.055955298510897394,0.3453266145241345,0.13952186548491607,0.051909476657892036,0.06580140204227243,0.16007383518099655,0.1869760445204449,0.12002226231945595,0.2808435751604691,0.4460290171296577,0.5086925314042836,0.2234045522974218,0.7250351325509532,0.9258516746752082,0.8910559107986656,0.7111106341457062,0.8309191898292095,0.9083522071357627,0.7597469358456388,0.8791555732349963,0.7086429363984795,0.6974455838531264,0.8061953584118726,0.8898589389919714,0.8622212147015432,0.6809980019833706,0.8411097490777396,0.809125304182067,0.9340474079580351,0.7809674802182145,0.7548474158284547,0.2668696216014567,0.7952798330330375,0.9277509919697583,0.9770592080249867,0.40186966432575877,0.6883144379823255,0.6656396560123965,0.5954679245709975,0.9048522878016171,0.8319247980212413,0.8132274215144119,0.9458269543860889,0.7122362961970587,0.6708261357994263,0.7806611077607517,0.8238757542116346,0.7341076005417144,0.8255603323440116,0.8661168716605225,0.9606491067000915,0.89849961266503,0.4869203355081255,0.7696772319773967,0.646122631014154,0.6245757639239221,0.7683115558305693,0.5923923869681892,0.6956539810055626,0.7239233790602757,0.6561920999053499,0.5872030058743833,0.5421286413414194,0.5425624322117623,0.518377932244105,0.46378347447470863,0.8686708334586545,0.3259908649132906,0.369322597616105,0.37345492470139907,0.4711890438631616,0.5469793179471396,0.4051839627798198,0.3080276829230071,0.2195678565783468,0.3833558548209617,0.3157516098562329,0.2772064608052975],[0.10270217476089309,0.24201726522090197,0.37000101657081674,0.03326843160512755,0.08686743937271899,0.09695061341975926,0.028669416192704817,0.23300761798412992,0.0415981414795582,0.08633610905115359,0.055955298510897394,0,0.3353328085878186,0.17073335314949237,0.07547105110982093,0.03181429915648465,0.0996090404615666,0.18210734304344117,0.09806494382842869,0.21354970405760257,0.3880361283378839,0.48849621712182323,0.1377663353272639,0.6584150349057543,0.8520221080205443,0.8197729364198303,0.6558490338858833,0.7655666408814097,0.8404360781588727,0.7189808347444197,0.799153926803012,0.6749737104321047,0.6387555580707053,0.7455544516505654,0.8338075382644832,0.800623981276285,0.619224685687398,0.790776061967516,0.7640989209103446,0.8699060738902351,0.7253416543382544,0.6696525354582696,0.182469027658913,0.7317484521932431,0.8415202687670503,0.8904088629147608,0.3170709022755603,0.605495821395758,0.5806703398711849,0.5088499413713065,0.822172587364521,0.7473700592770918,0.7316972337862184,0.8615955732383002,0.626531338424131,0.5840522728942789,0.6936657035638588,0.737566672442042,0.6472582290190043,0.7390274648166897,0.7793541170584912,0.8754682479923425,0.811504275453348,0.3999220350521226,0.6835866829924955,0.5678761838002739,0.5379533729993172,0.6844881427945442,0.510502087737917,0.6114925658192395,0.6443221419008911,0.57000542825933,0.5107088527143312,0.4663218570980504,0.45954400114652244,0.4385046819574706,0.3909415937545701,0.7832016263683337,0.24395736300375295,0.3070623031230147,0.2968753547349685,0.3868014404857635,0.46037415206610327,0.3348286220482032,0.24035853757572817,0.15374979812825768,0.29637856865207696,0.22972854537221216,0.22886192015089865],[0.4627685554923172,0.3804917672096048,0.46626621491284437,0.39533711754364254,0.4289805263579659,0.36036123510271423,0.31797035898276677,0.3498801655265557,0.3849671896785166,0.30939890617764754,0.3453266145241345,0.3353328085878186,0,0.1946767839311824,0.26238482381052974,0.27390621839737544,0.23317524728395791,0.12749254260710724,0.2065932388518426,0.22725358209020766,0.22722333009260404,0.1365022340398887,0.404541656977152,0.4890079295343277,0.7166697515102056,0.6670532235438262,0.4196408870792052,0.5766056052737634,0.6622574994066323,0.4154897722442481,0.7269187939410303,0.35050271153446566,0.4229918178086928,0.5300807528964082,0.5880828426152949,0.5863155870747622,0.4240203306411653,0.521066308690905,0.4741234525784372,0.6658340280600288,0.4846904830301513,0.6874413420121461,0.3368943162152659,0.534491500530604,0.8679642197637164,0.9290309409366362,0.5342174130763749,0.5923422528590851,0.6067078491753315,0.5908991689554532,0.7812657213998571,0.7436152425499492,0.6845354608072175,0.8414799717484415,0.6615753258585965,0.6610844219260053,0.7845822866934145,0.7762064472573619,0.7203443153161541,0.85777680291204,0.8328915527270171,0.8724046413881279,0.8855627555560763,0.5354118307862713,0.8209965329709374,0.8042503829998198,0.676414647000746,0.8609724127702432,0.7252934456614393,0.7904955397690668,0.8647455787294586,0.7177314052301351,0.7629221353428807,0.7266610349372876,0.6702934309602677,0.6780712262647974,0.673019514081084,0.9258421482027734,0.504359303382047,0.6296943390402486,0.5761317942422975,0.5943319883880804,0.6120942270657538,0.6325872174699555,0.5583198125149031,0.4893383646152906,0.4668713984565524,0.45429991322132784,0.5796876115638611],[0.30259865481381093,0.36380629492848543,0.48516938972369067,0.23427698122629576,0.28757681593045975,0.2629169105115154,0.1905720746816131,0.3411723969765071,0.19053093744826743,0.2211413003544718,0.13952186548491607,0.17073335314949237,0.1946767839311824,0,0.06605655660158859,0.11428410869929716,0.1566220758611341,0.0582307276003173,0.07869875006962213,0.251016140316633,0.36932178444911795,0.36222001743580434,0.3123136553665381,0.655803531602046,0.873866508449946,0.8313330504921886,0.6146404948678942,0.7553327798591016,0.8381557748932598,0.6350316911026203,0.8529580457671254,0.5743102904133834,0.6090497493034436,0.7193210694109722,0.7908378590708115,0.7763758155210896,0.6005399227514961,0.7314837867258831,0.6904979702647353,0.8531392231077588,0.6833734444729306,0.7638515800321494,0.30178287393131936,0.7158141110428629,0.9445156473140112,1,0.48428884300725084,0.6821492811293791,0.6752761453331422,0.6264719239761414,0.8923585183661161,0.8337171881044082,0.7962295935148448,0.9429204948415355,0.7273378947601323,0.7027107384136275,0.8221191655162099,0.8436607981542971,0.7663884945646361,0.8805080458968497,0.8933423699472679,0.9653064707765598,0.9353769617638509,0.536