"trial_id","rt","stimulus","response","trial_type","trial_index","plugin_version","time_elapsed","language","participant_number","success","raw_payload","placements","dissimilarity_vector","n_words","trial_category","distance_matrix","value"
"consent_form","27299","
    <div style=""max-width:800px; margin:0 auto; text-align:left; font-size: 16px; padding: 10px 0;"">
      <h1>Informed Consent Form</h1>
      <p>You are being invited to participate in a research study titled <strong>""Reproducibility of Psychological Science and Instruction.""</strong> This study is being done by Dr. Bria Long from UC San Diego and associated graduate students in the Experimental Methods course. You were selected to participate in this study because you are an adult in the U.S. and have been a represented population in previous psychology studies.</p>
      
      <p>The purpose of this study is to better understand how well previously published studies in the psychological field replicate online and with different populations. Your participation in this research should last approximately <strong>5-30 minutes</strong>. If you agree to take part in this study, you may be asked to view a set of stimuli, including pictures, sounds, written text, or videos and then giving some responses via key-presses, verbally, or with paper-and-pencil. We may also observe your choices or preferences among an array of stimuli. These stimuli will be taken directly from or closely adapted from studies that already exist in the published psychological literature. Stimuli will include, e.g., pictures of objects and human faces, audio and video clips, short text passages, etc. None of the stimuli will be disturbing, threatening, or offensive. The online and in-person experiments described in this protocol will take no more than 30 minutes. An example game you might play would be to click on an image on the screen that matches a word you hear being said out loud. Your total expected time commitment for this study is between 5-30 minutes, and is specified in the study description.</p>
      
      <p>Your participation in this study is completely voluntary and you can withdraw at any time. Choosing not to participate or withdrawing will result in no penalty or loss of benefits to which you are entitled. You are free to skip any question that you choose.</p>
      
      <p>We will not be asking for any personally identifying information, and we will handle responses as confidentially as possible. Your SONA or Prolific IDs will never be tied to your responses on this survey. However, we cannot guarantee the confidentiality of information transmitted over the Internet. To minimize this risk, data containing anything that might be personally identifying (e.g. Prolific IDs or IP addresses) will be encrypted on transfer and storage and will only be accessible to qualified lab personnel. We will be keeping data collected as part of this experiment indefinitely. This anonymized data (containing neither Prolific IDs nor IP addresses) may be shared with the scientific community or with other participants to be used as stimuli in future studies.</p>
      
      <p>If you have questions about this project or if you have a research-related problem, you may contact the researcher(s), <strong>Dr. Bria Long, <a href=""mailto:brlong@ucsd.edu"">brlong@ucsd.edu</a></strong>. If you have any questions concerning your rights as a research subject, you may contact the UC San Diego Office of IRB Administration at <a href=""mailto:irb@ucsd.edu"">irb@ucsd.edu</a> or 858-246-4777.</p>
      
      <h3 style=""margin-top: 25px;"">Consent Statement</h3>
      <p style=""font-weight: bold;"">By participating in this research you are indicating that you are at least 18 years old, have read this consent form, and agree to participate in this research study. Please keep this consent form for your records.</p>
    </div>
  ","0","html-button-response","0","2.1.0","27302","en","kouccg15nn_4wwb9n","","","","","","","",""
"","4034","
    <div style=""display:flex; align-items:center; justify-content:center; height:100vh; font-family:sans-serif;"">
      <div style=""max-width:900px; margin:0 auto; text-align:center;"">
        <h1 style= ""font-size: 24px;"">Welcome! Thank you for participating in the study.</h1>
        <p style=""font-size:18px; line-height:1.6;"">
          In this task, you will be presented with <strong>90 words</strong> arranged <strong>outside a circle</strong>.<br>
          Your job is to <strong>drag these words into the circle</strong> and <strong>rearrange them</strong> based on their <strong>meaning similarity</strong>.<br><br>
          Words that are <strong>similar in meaning</strong> should be placed <strong>closer together</strong>.<br>
          Words that are <strong>different in meaning</strong> should be placed <strong>farther apart</strong>.<br><br>
          You can place the words <strong>anywhere inside the circle</strong>. There is no single correct answer — 
          we are interested in <strong>your personal judgment</strong> of how these words relate to each other.<br><br>
          <strong>You must move all words into the circle before you can finish.</strong><br>
          After the initial arrangement, you will arrange words from specific categories.
        </p>
        <p style=""font-size:16px; margin-top:30px;""><em>Press any key to continue.</em></p>
      </div>
    </div>
  "," ","html-keyboard-response","1","2.1.0","31340","en","kouccg15nn_4wwb9n","","","","","","","",""
"","3941","<p style='font-size:20px;'>Which is your first language or primary language of use?</p>","1","html-button-response","2","2.1.0","35282","en","kouccg15nn_4wwb9n","","","","","","","",""
"","2148","","","fullscreen","3","2.1.0","38435","en","kouccg15nn_4wwb9n","true","{""placements"":[{""word"":""proud"",""x"":174.1,""y"":466.3,""cx"":197,""cy"":483.7,""angle_rad"":2.423,""angle_deg"":138.8},{""word"":""refrigerator"",""x"":566.8,""y"":151.8,""cx"":606,""cy"":169.2,""angle_rad"":-0.615,""angle_deg"":324.8},{""word"":""rabbit"",""x"":247.5,""y"":630.8,""cx"":270,""cy"":648.2,""angle_rad"":1.833,""angle_deg"":105},{""word"":""agreement"",""x"":220.5,""y"":398.3,""cx"":259,""cy"":415.7,""angle_rad"":2.516,""angle_deg"":144.2},{""word"":""lips"",""x"":575.5,""y"":524.3,""cx"":591,""cy"":541.7,""angle_rad"":0.672,""angle_deg"":38.5},{""word"":""scissors"",""x"":626.7,""y"":237.8,""cx"":657,""cy"":255.2,""angle_rad"":-0.299,""angle_deg"":342.8},{""word"":""giraffe"",""x"":167.7,""y"":616.8,""cx"":192,""cy"":634.2,""angle_rad"":2.078,""angle_deg"":119.1},{""word"":""system"",""x"":339.8,""y"":146.3,""cx"":367,""cy"":163.7,""angle_rad"":-1.48,""angle_deg"":275.2},{""word"":""fault"",""x"":176.8,""y"":225.3,""cx"":195,""cy"":242.7,""angle_rad"":-2.536,""angle_deg"":214.7},{""word"":""friendship"",""x"":58.7,""y"":485.8,""cx"":94,""cy"":503.2,""angle_rad"":2.602,""angle_deg"":149.1},{""word"":""method"",""x"":311.7,""y"":166.3,""cx"":340,""cy"":183.7,""angle_rad"":-1.631,""angle_deg"":266.6},{""word"":""ant"",""x"":148.3,""y"":603.8,""cx"":163,""cy"":621.2,""angle_rad"":2.174,""angle_deg"":124.6},{""word"":""depressed"",""x"":32.3,""y"":261.8,""cx"":70,""cy"":279.2,""angle_rad"":-2.894,""angle_deg"":194.2},{""word"":""sofa"",""x"":531.8,""y"":85.8,""cx"":550,""cy"":103.2,""angle_rad"":-0.89,""angle_deg"":309},{""word"":""violence"",""x"":88.3,""y"":192.8,""cx"":119,""cy"":210.2,""angle_rad"":-2.597,""angle_deg"":211.2},{""word"":""chopsticks"",""x"":523.3,""y"":112.8,""cx"":561,""cy"":130.2,""angle_rad"":-0.806,""angle_deg"":313.8},{""word"":""concept"",""x"":347.5,""y"":85.3,""cx"":377,""cy"":102.7,""angle_rad"":-1.462,""angle_deg"":276.2},{""word"":""sparrow"",""x"":259.1,""y"":655.8,""cx"":289,""cy"":673.2,""angle_rad"":1.757,""angle_deg"":100.7},{""word"":""chair"",""x"":514.8,""y"":135.8,""cx"":535,""cy"":153.2,""angle_rad"":-0.816,""angle_deg"":313.2},{""word"":""business"",""x"":358.4,""y"":192.8,""cx"":391,""cy"":210.2,""angle_rad"":-1.285,""angle_deg"":286.3},{""word"":""magic power"",""x"":204.3,""y"":439.8,""cx"":249,""cy"":457.2,""angle_rad"":2.326,""angle_deg"":133.3},{""word"":""result"",""x"":318.9,""y"":187.3,""cx"":341,""cy"":204.7,""angle_rad"":-1.633,""angle_deg"":266.5},{""word"":""hostility"",""x"":97.7,""y"":237.8,""cx"":126,""cy"":255.2,""angle_rad"":-2.741,""angle_deg"":202.9},{""word"":""dispute"",""x"":104.4,""y"":298.3,""cx"":132,""cy"":315.7,""angle_rad"":-2.986,""angle_deg"":188.9},{""word"":""relationship"",""x"":104.2,""y"":446.3,""cx"":145,""cy"":463.7,""angle_rad"":2.635,""angle_deg"":151},{""word"":""pencil"",""x"":623.7,""y"":290.3,""cx"":647,""cy"":307.7,""angle_rad"":-0.141,""angle_deg"":351.9},{""word"":""anger"",""x"":136.1,""y"":146.3,""cx"":159,""cy"":163.7,""angle_rad"":-2.369,""angle_deg"":224.3},{""word"":""team"",""x"":79.4,""y"":523.8,""cx"":100,""cy"":541.2,""angle_rad"":2.489,""angle_deg"":142.6},{""word"":""washing machine"",""x"":398.9,""y"":32.8,""cx"":458,""cy"":50.2,""angle_rad"":-1.225,""angle_deg"":289.8},{""word"":""thigh"",""x"":477.8,""y"":588.3,""cx"":498,""cy"":605.7,""angle_rad"":1.046,""angle_deg"":59.9},{""word"":""charity"",""x"":630.4,""y"":381.8,""cx"":656,""cy"":399.2,""angle_rad"":0.159,""angle_deg"":9.1},{""word"":""finger"",""x"":387.5,""y"":662.8,""cx"":410,""cy"":680.2,""angle_rad"":1.391,""angle_deg"":79.7},{""word"":""characteristic"",""x"":224.8,""y"":154.3,""cx"":271,""cy"":171.7,""angle_rad"":-1.988,""angle_deg"":246.1},{""word"":""cat"",""x"":130.7,""y"":603.3,""cx"":145,""cy"":620.7,""angle_rad"":2.219,""angle_deg"":127.1},{""word"":""eye"",""x"":531.7,""y"":554.3,""cx"":548,""cy"":571.7,""angle_rad"":0.842,""angle_deg"":48.2},{""word"":""bed"",""x"":375.3,""y"":37.3,""cx"":392,""cy"":54.7,""angle_rad"":-1.429,""angle_deg"":278.1},{""word"":""computer mouse"",""x"":515.9,""y"":257.3,""cx"":573,""cy"":274.7,""angle_rad"":-0.326,""angle_deg"":341.3},{""word"":""microwave"",""x"":554.6,""y"":133.8,""cx"":593,""cy"":151.2,""angle_rad"":-0.686,""angle_deg"":320.7},{""word"":""reason"",""x"":283.6,""y"":109.3,""cx"":310,""cy"":126.7,""angle_rad"":-1.748,""angle_deg"":259.8},{""word"":""hammer"",""x"":637.3,""y"":266.8,""cx"":668,""cy"":284.2,""angle_rad"":-0.204,""angle_deg"":348.3},{""word"":""spoon"",""x"":583.9,""y"":97.8,""cx"":608,""cy"":115.2,""angle_rad"":-0.738,""angle_deg"":317.7},{""word"":""fate"",""x"":77.3,""y"":107.8,""cx"":94,""cy"":125.2,""angle_rad"":-2.421,""angle_deg"":221.3},{""word"":""arm"",""x"":424.9,""y"":645.8,""cx"":442,""cy"":663.2,""angle_rad"":1.285,""angle_deg"":73.6},{""word"":""rat"",""x"":122.8,""y"":587.3,""cx"":136,""cy"":604.7,""angle_rad"":2.27,""angle_deg"":130},{""word"":""excited"",""x"":126.8,""y"":391.3,""cx"":154,""cy"":408.7,""angle_rad"":2.851,""angle_deg"":163.3},{""word"":""ear"",""x"":563.9,""y"":545.8,""cx"":579,""cy"":563.2,""angle_rad"":0.75,""angle_deg"":43},{""word"":""society"",""x"":290.2,""y"":83.3,""cx"":317,""cy"":100.7,""angle_rad"":-1.702,""angle_deg"":262.5},{""word"":""toothbrush"",""x"":600.9,""y"":295.3,""cx"":639,""cy"":312.7,""angle_rad"":-0.128,""angle_deg"":352.6},{""word"":""process"",""x"":24.5,""y"":216.8,""cx"":54,""cy"":234.2,""angle_rad"":-2.769,""angle_deg"":201.4},{""word"":""splendor"",""x"":161.2,""y"":430.3,""cx"":193,""cy"":447.7,""angle_rad"":2.585,""angle_deg"":148.1},{""word"":""air conditioner"",""x"":471,""y"":189.3,""cx"":520,""cy"":206.7,""angle_rad"":-0.7,""angle_deg"":319.9},{""word"":""tortoise"",""x"":296.1,""y"":674.3,""cx"":324,""cy"":691.7,""angle_rad"":1.647,""angle_deg"":94.3},{""word"":""status"",""x"":283.3,""y"":59.3,""cx"":307,""cy"":76.7,""angle_rad"":-1.727,""angle_deg"":261.1},{""word"":""trauma"",""x"":47.2,""y"":175.8,""cx"":74,""cy"":193.2,""angle_rad"":-2.625,""angle_deg"":209.6},{""word"":""death"",""x"":75.5,""y"":149.8,""cx"":98,""cy"":167.2,""angle_rad"":-2.514,""angle_deg"":216},{""word"":""happy"",""x"":-18.1,""y"":368.3,""cx"":6,""cy"":385.7,""angle_rad"":3.038,""angle_deg"":174.1},{""word"":""identity"",""x"":296.8,""y"":17.3,""cx"":324,""cy"":34.7,""angle_rad"":-1.653,""angle_deg"":265.3},{""word"":""marriage"",""x"":36.4,""y"":398.3,""cx"":69,""cy"":415.7,""angle_rad"":2.912,""angle_deg"":166.8},{""word"":""error"",""x"":255.2,""y"":14.3,""cx"":275,""cy"":31.7,""angle_rad"":-1.802,""angle_deg"":256.7},{""word"":""ankle"",""x"":391.3,""y"":646.3,""cx"":413,""cy"":663.7,""angle_rad"":1.373,""angle_deg"":78.6},{""word"":""tiger"",""x"":164.4,""y"":591.3,""cx"":183,""cy"":608.7,""angle_rad"":2.144,""angle_deg"":122.8},{""word"":""apathy"",""x"":129,""y"":334.3,""cx"":155,""cy"":351.7,""angle_rad"":3.133,""angle_deg"":179.5},{""word"":""disease"",""x"":-3.1,""y"":296.3,""cx"":26,""cy"":313.7,""angle_rad"":-3.03,""angle_deg"":186.4},{""word"":""broom"",""x"":500.2,""y"":162.3,""cx"":525,""cy"":179.7,""angle_rad"":-0.772,""angle_deg"":315.8},{""word"":""sad"",""x"":58.7,""y"":310.3,""cx"":75,""cy"":327.7,""angle_rad"":-3.061,""angle_deg"":184.6},{""word"":""key"",""x"":510.1,""y"":281.3,""cx"":526,""cy"":298.7,""angle_rad"":-0.284,""angle_deg"":343.8},{""word"":""heaven"",""x"":115,""y"":485.3,""cx"":143,""cy"":502.7,""angle_rad"":2.506,""angle_deg"":143.6},{""word"":""obligation"",""x"":156,""y"":59.3,""cx"":191,""cy"":76.7,""angle_rad"":-2.098,""angle_deg"":239.8},{""word"":""data"",""x"":207.4,""y"":36.3,""cx"":226,""cy"":53.7,""angle_rad"":-1.967,""angle_deg"":247.3},{""word"":""loving heart"",""x"":18.8,""y"":441.8,""cx"":60,""cy"":459.2,""angle_rad"":2.781,""angle_deg"":159.4},{""word"":""content"",""x"":2,""y"":401.8,""cx"":30,""cy"":419.2,""angle_rad"":2.929,""angle_deg"":167.8},{""word"":""phenomenon"",""x"":102.1,""y"":89.8,""cx"":148,""cy"":107.2,""angle_rad"":-2.265,""angle_deg"":230.2},{""word"":""cabinet"",""x"":463.4,""y"":72.8,""cx"":491,""cy"":90.2,""angle_rad"":-1.074,""angle_deg"":298.5},{""word"":""miracle"",""x"":54.4,""y"":361.3,""cx"":82,""cy"":378.7,""angle_rad"":3.035,""angle_deg"":173.9},{""word"":""fear"",""x"":143.9,""y"":211.3,""cx"":161,""cy"":228.7,""angle_rad"":-2.571,""angle_deg"":212.7},{""word"":""knee"",""x"":444.8,""y"":618.8,""cx"":465,""cy"":636.2,""angle_rad"":1.189,""angle_deg"":68.1},{""word"":""comfortable"",""x"":183.4,""y"":363.3,""cx"":225,""cy"":380.7,""angle_rad"":2.901,""angle_deg"":166.2},{""word"":""debt"",""x"":201.4,""y"":103.3,""cx"":220,""cy"":120.7,""angle_rad"":-2.087,""angle_deg"":240.5},{""word"":""elephant"",""x"":306.1,""y"":646.3,""cx"":338,""cy"":663.7,""angle_rad"":1.609,""angle_deg"":92.2},{""word"":""effect"",""x"":329,""y"":115.3,""cx"":351,""cy"":132.7,""angle_rad"":-1.566,""angle_deg"":270.3},{""word"":""discipline"",""x"":146.2,""y"":313.3,""cx"":180,""cy"":330.7,""angle_rad"":-3.029,""angle_deg"":186.5},{""word"":""television"",""x"":436.8,""y"":50.8,""cx"":471,""cy"":68.2,""angle_rad"":-1.165,""angle_deg"":293.2},{""word"":""shoulder"",""x"":465.2,""y"":615.8,""cx"":497,""cy"":633.2,""angle_rad"":1.092,""angle_deg"":62.6},{""word"":""nose"",""x"":524.8,""y"":582.8,""cx"":545,""cy"":600.2,""angle_rad"":0.909,""angle_deg"":52.1},{""word"":""ax"",""x"":672.6,""y"":295.8,""cx"":685,""cy"":313.2,""angle_rad"":-0.109,""angle_deg"":353.7},{""word"":""scenery"",""x"":209.5,""y"":334.3,""cx"":239,""cy"":351.7,""angle_rad"":3.126,""angle_deg"":179.1},{""word"":""panda"",""x"":210.5,""y"":627.8,""cx"":235,""cy"":645.2,""angle_rad"":1.942,""angle_deg"":111.3},{""word"":""fraud"",""x"":168.1,""y"":172.3,""cx"":189,""cy"":189.7,""angle_rad"":-2.358,""angle_deg"":224.9},{""word"":""table"",""x"":507.8,""y"":80.8,""cx"":528,""cy"":98.2,""angle_rad"":-0.955,""angle_deg"":305.3}],""n_words"":89,""words"":[""proud"",""refrigerator"",""rabbit"",""agreement"",""lips"",""scissors"",""giraffe"",""system"",""fault"",""friendship"",""method"",""ant"",""depressed"",""sofa"",""violence"",""chopsticks"",""concept"",""sparrow"",""chair"",""business"",""magic power"",""result"",""hostility"",""dispute"",""relationship"",""pencil"",""anger"",""team"",""washing machine"",""thigh"",""charity"",""finger"",""characteristic"",""cat"",""eye"",""bed"",""computer mouse"",""microwave"",""reason"",""hammer"",""spoon"",""fate"",""arm"",""rat"",""excited"",""ear"",""society"",""toothbrush"",""process"",""splendor"",""air conditioner"",""tortoise"",""status"",""trauma"",""death"",""happy"",""identity"",""marriage"",""error"",""ankle"",""tiger"",""apathy"",""disease"",""broom"",""sad"",""key"",""heaven"",""obligation"",""data"",""loving heart"",""content"",""phenomenon"",""cabinet"",""miracle"",""fear"",""knee"",""comfortable"",""debt"",""elephant"",""effect"",""discipline"",""television"",""shoulder"",""nose"",""ax"",""scenery"",""panda"",""fraud"",""table""],""distance_matrix"":[[0,0.7492009209136049,0.2522507779208267,0.12216075541253053,0.5751165972476622,0.745783037726223,0.20878246154088528,0.5220253881577885,0.3425361714947419,0.14110570865435096,0.47762870005001234,0.1955561386531232,0.3421193521547365,0.7537714772412817,0.40672708781321926,0.7365780173988854,0.6093351424629475,0.29763420351884334,0.6852912819746586,0.48203579215317494,0.072374125954714,0.4504580445303128,0.33997457923269564,0.25249620549917406,0.06845503238786002,0.7007676338988296,0.4627034550145105,0.15283886425276505,0.7345126988639757,0.4664548972771249,0.6763905813531117,0.4146999326058741,0.4603474841099713,0.202797252027511,0.5213003249084055,0.6830846094941959,0.622355687062157,0.7508919775612292,0.5399284697804617,0.7426505119424026,0.8025559952767477,0.5377778790756147,0.43529556957899607,0.18648174730789585,0.11392264919435392,0.5631926750127708,0.5797209160830012,0.6870580949276973,0.4114155791553944,0.03962316783408444,0.6154429479202785,0.3465276817612479,0.6096650218644236,0.4526723131021972,0.4765688305782341,0.30358370428497067,0.6762459660367275,0.200437517535176,0.6645091674240245,0.40194037940118776,0.1720970335716826,0.19094038721279424,0.3427079771450161,0.6475474253608146,0.2789796438288356,0.5443507898805197,0.0707204209003088,0.5881303751567007,0.6235305538953546,0.1919058315464644,0.2508498726606602,0.5476471123376676,0.7126117087578274,0.21638695921046508,0.36697244868132367,0.4421467924708686,0.14392850391788217,0.524058500200539,0.3242568070801051,0.5530051503386115,0.21375025098786396,0.7222413352987561,0.48184166035173076,0.5288727450528578,0.7506659563765912,0.19094038721279424,0.2314540871958849,0.42108050517578355,0.737616553993824],[0.7492009209136049,0,0.8514975658616689,0.6156397580766653,0.5374803824328455,0.13393971870480598,0.9069609187665004,0.33965916614493274,0.6036262870658579,0.8902728634448107,0.38008711412468477,0.9221968957670301,0.7954005841542433,0.11407654286623,0.7089463439580932,0.07412724784975458,0.3387670655286214,0.866744047847161,0.0936998174463548,0.3097965166763118,0.6645172294277113,0.3815253682020233,0.7073495681335166,0.7198927350951211,0.7952049097012466,0.19969763579926503,0.6472815308773566,0.9150023885077131,0.26695030970093203,0.651169567039342,0.334199234824822,0.7955911438466824,0.4815790202509858,0.9405049979250677,0.5875582163369909,0.34504749357936493,0.1495533460505898,0.018888353165684664,0.42836791193907375,0.17929586330295247,0.06597517300372527,0.7461684787171375,0.7559666617155356,0.9338189611446999,0.7426837665046487,0.5702026523980291,0.4253676098595472,0.20384576917294786,0.8081848602767815,0.7228577530255403,0.12482113428490269,0.8642876819373524,0.44899587071872427,0.7737606841318879,0.7374662517027273,0.929552506669903,0.44818464342804576,0.860043542307494,0.5162120771959213,0.7712279943528945,0.8883220246543728,0.7056964270960697,0.8701846106787666,0.10686026892853139,0.8057251738819836,0.2112005056555562,0.8300649649763441,0.6149617420986393,0.5735177888985935,0.9005177421973293,0.9148327951949589,0.6696814134167878,0.1924193301971879,0.8207789315940933,0.6501309197595596,0.7076134160099079,0.6306166752259433,0.5614918328544332,0.8180064409319213,0.3670765387263553,0.6599310029652616,0.23543266784201095,0.6910603919029568,0.6299183262088576,0.2289933489024341,0.5923134667968264,0.8787263196406303,0.6036014874388236,0.14206049637553345],[0.2522507779208267,0.8514975658616689,0,0.33033569599134766,0.4863073130687363,0.8018921888730387,0.10326402521572892,0.7169216758306806,0.5960192456076459,0.3233499166990148,0.6808748650438095,0.14927712630646567,0.6068730809521592,0.8923574181204033,0.6713388232704512,0.8648788441804183,0.8083049406992489,0.03249226538405263,0.816553171626784,0.6581864688920849,0.27026823496273666,0.6504076120360635,0.6051508801840936,0.51854481188542,0.31568746651336577,0.7374680715228378,0.7212673834799086,0.28316597875415667,0.9132673058526092,0.32910382227634566,0.6654904157272968,0.1984690726728798,0.6908683445905626,0.17536258282901898,0.41253796998701714,0.8822844538245804,0.6974465268705229,0.8628013259124668,0.7596948917081522,0.7838343526991224,0.9195990579343682,0.8022769339768995,0.24142728997749494,0.19443573943105472,0.3796704548498421,0.4600844739461223,0.7988658829281444,0.7237332192533007,0.6767561447172566,0.30373611493562136,0.7365255426549834,0.08861305576799577,0.8331570597057707,0.718852592433003,0.7416431457677887,0.5367279915293316,0.8970206192078282,0.44065006714290184,0.8979796087662314,0.19880483890692965,0.12737535572899022,0.45645026548295864,0.5984731395492882,0.7750335127244113,0.5409688523546851,0.6268600226427617,0.27171656509962777,0.8394255783968426,0.8678132025974117,0.4039477761999551,0.4767199029154964,0.8063678756294396,0.8737960823441449,0.47209022863694994,0.6271587030065527,0.2750280330577405,0.3872813590456653,0.7698013954205616,0.08920861028961419,0.7579097430109625,0.4741834141037946,0.8940167967555498,0.32254788082835034,0.39896529915691387,0.7749402625390557,0.42700802213739364,0.03800614027231096,0.6747437406115725,0.8846465856976214],[0.12216075541253053,0.6156397580766653,0.33033569599134766,0,0.5113047094630193,0.6208189913449577,0.32409584982863304,0.3915845274353156,0.25889004714832153,0.2623018247097888,0.34952565613370223,0.32154590044636605,0.3308944722653962,0.6176625111629837,0.3538496883250766,0.6007695514008199,0.48083172098951116,0.36950631919632065,0.549453835136022,0.34731963205734984,0.04918784981057496,0.3208890440608875,0.29436950235894516,0.22514442833138293,0.16900796736423224,0.5817793216527511,0.38707068308140963,0.28566741189158823,0.6016178344666243,0.4376653530493844,0.5737802934770437,0.43655032095072643,0.3473975963477903,0.3330063045503908,0.4718262573114435,0.5551102113603508,0.49518074182183025,0.6162389333725528,0.42012892576453414,0.6215234666440738,0.6672660283019364,0.4802172400429042,0.4413425838049099,0.3195960494336221,0.14170247842196634,0.5072407228947343,0.4598143906394784,0.5684095816972139,0.3910426321605598,0.09453996932038208,0.4806304809881351,0.4054633206532637,0.49248346652090563,0.4140614361930309,0.42402088441109437,0.3628955917953967,0.5577492945683675,0.26708658143987374,0.5545370517871372,0.41784975337648367,0.2928605316681151,0.16667315496752613,0.36226804068994123,0.512037311988827,0.2877368520335849,0.41723621843922437,0.200524244627296,0.4974703693839107,0.5237228948853226,0.2873495175623385,0.3248135004675268,0.4710064127585698,0.5772932712423882,0.25351656679871015,0.2983312186312826,0.43239086360358336,0.05822209148639556,0.42619541521214604,0.3710402322429776,0.42621281287996476,0.1576922616457237,0.5881580831009781,0.46294724352775796,0.4894746755816165,0.6341524143584363,0.08522676709705146,0.32736467884438963,0.3360044508325675,0.6015751814879381],[0.5751165972476622,0.5374803824328455,0.4863073130687363,0.5113047094630193,0,0.420925197654763,0.5918838627086088,0.6359690394664357,0.7200101200199118,0.7233920594327968,0.6327714789399714,0.6299561286057462,0.8489787867584625,0.6374876303448826,0.8391986490497148,0.596336604982326,0.7084422411553539,0.47326370003136825,0.5666397080657026,0.5587171904957565,0.5071315661484318,0.6067109463506728,0.7939276389583991,0.7428178543133978,0.6557651543782274,0.3419434201159862,0.8351264189316359,0.7123150331329094,0.7392014506019153,0.15303387419832973,0.21771885093989685,0.32316256707791347,0.7096270059974162,0.6560215588795487,0.06359946346476678,0.7642175203103407,0.3818785878387369,0.5636663467052381,0.7273793356280392,0.383594577545653,0.6174095882535213,0.945201860073582,0.27042696025850377,0.6654855854650626,0.6617139394921159,0.0224657699102308,0.7540104733641632,0.3321349868132617,0.9013658081576305,0.5909491437389348,0.4925720233011011,0.43903913393733707,0.7919940246840474,0.9082907113589043,0.9018126919940349,0.8815942360072235,0.8336176422509864,0.780343761099139,0.873489190319016,0.30524336728422063,0.597627202478681,0.689536540974647,0.8872541369071932,0.5303293668950333,0.8123299625440941,0.35811906275293365,0.6512168518783242,0.8933225424557221,0.887448337251131,0.7809044557055491,0.8354088551878036,0.9038889163326211,0.67007215332593,0.7766025533910093,0.7727448321269367,0.21901378263078983,0.5774833548567845,0.8160682929135403,0.40151140609246044,0.687488673156148,0.6694157267367971,0.7085713279950775,0.18008253615419104,0.09612405860297428,0.35151638043337663,0.5777182156675482,0.5344307136155853,0.7764060313506747,0.6486400681673027],[0.745783037726223,0.13393971870480598,0.8018921888730387,0.6208189913449577,0.420925197654763,0,0.8733782393751609,0.4358479941242989,0.6696690116678321,0.8960290624376929,0.46671954249730113,0.8954506312146627,0.8550397276362532,0.2609988975941579,0.7846142083841973,0.2191769030337068,0.4576556947921098,0.8098052990646577,0.22126508513035176,0.3850935278229289,0.6594596565716883,0.459392221407369,0.7714811781751852,0.767745485931836,0.8037649408155405,0.06509783920646153,0.7349992544702557,0.912201308861363,0.4086463932603228,0.5553432529062493,0.19905021750787563,0.7131471500694694,0.5702087387011028,0.9165487935049684,0.4811859035860757,0.47757584431464195,0.1135992969422742,0.16667315496752613,0.5333784030076869,0.03192350930063362,0.20544592401747236,0.8407266929406063,0.6682092342274725,0.9140259195502147,0.7639380654484998,0.45600994420105284,0.538449631282962,0.07516747853612916,0.8785216411492898,0.7290983391387176,0.2010146131681184,0.7981333920882623,0.5671934020047245,0.853260363569901,0.8230806918539827,0.9681377395477769,0.5768027489803605,0.887612464603709,0.6406922346026034,0.6898665223632535,0.8606779114746567,0.7421804541757608,0.9234000455300498,0.21097689410395823,0.8535722048899129,0.1902196707261316,0.8298847832067555,0.724173527139298,0.6897965745693027,0.9192380659158826,0.9446813448107688,0.7701206182938798,0.33224876131490094,0.8559610560700119,0.7207568447810391,0.6171214618523057,0.6514622678703804,0.6623632836524144,0.7526934673831529,0.47359140687605,0.7003898557082758,0.3761774844958962,0.5931947363987857,0.5225741497393882,0.08131105317570153,0.6205983591741624,0.835996935803896,0.6850409190332197,0.2866106600488134],[0.20878246154088528,0.9069609187665004,0.10326402521572892,0.32409584982863304,0.5918838627086088,0.8733782393751609,0,0.7285725587830236,0.5651549356806443,0.22803685800320483,0.6874469529571764,0.03305414059367328,0.5412915711215167,0.9333164432520811,0.6224382046208127,0.909992219841141,0.8184836199183391,0.14068713011794753,0.8598917634958937,0.678851528793641,0.2610983475615323,0.6584895369582245,0.5550852197977969,0.46544563114487,0.2476495025976332,0.8144128941265687,0.6837015192029697,0.17954478060222817,0.9352626863911434,0.44062840899789874,0.755382460414581,0.3156036602784018,0.6800667112800812,0.058377281428564125,0.5206812018383838,0.8928343782458168,0.7608803528460351,0.9146136913227149,0.7567452627922909,0.8599743845098706,0.9699025357114075,0.7527673080495743,0.35831600245973355,0.07966914633637934,0.32429966217609235,0.5680356432470944,0.7965503563666223,0.8004874013898491,0.6119326057900553,0.26191347635495144,0.783066430255008,0.1990155476384888,0.8280405691608389,0.6613041877973701,0.6906692585067772,0.44517802592999434,0.8940448088953801,0.3569330162963881,0.8856579847231633,0.3158400884793544,0.026044590185509895,0.40747794810352667,0.519931774029366,0.8194581605613014,0.4713176096287979,0.6862949631030542,0.19362045901346991,0.8106803253451487,0.8461712805677599,0.31027935685494296,0.38423728326796236,0.7682767522452562,0.9042437308528379,0.39750890945793943,0.5875964074985484,0.3898679499969482,0.36417722444471934,0.7467241629475548,0.20636767101701708,0.764236147066299,0.4353223547105334,0.9194396760746482,0.4371927559229433,0.510606538083639,0.8562285585745405,0.40965282328153924,0.05169778501836084,0.643548549674435,0.9217749456186418],[0.5220253881577885,0.33965916614493274,0.7169216758306806,0.3915845274353156,0.6359690394664357,0.4358479941242989,0.7285725587830236,0,0.266014088107393,0.6304401429575114,0.03574636238655103,0.7269900262608172,0.45740742886915176,0.27114156945877477,0.35927056514568556,0.27725013368236884,0.07747893976585225,0.7484594557812102,0.23502987187482158,0.06344767724402518,0.4539529449254787,0.057857407951967706,0.36735206061343906,0.4000236758442932,0.538080665064076,0.45177295346888086,0.2937115161649049,0.6699809873182585,0.20122824196417238,0.6679461825186579,0.5374803824328453,0.7526763438939621,0.12853745696260468,0.737560876505109,0.6462645215621465,0.15146074452790342,0.33217291580252867,0.32084738614841596,0.08656341215000303,0.4656258704488018,0.3496708445956837,0.39385289273158186,0.7331697426179016,0.7224281717848245,0.46624763236601974,0.6550202897058803,0.10501482596606208,0.44478888993319754,0.4606224506004521,0.4787023884609742,0.2211255193570963,0.7696293449228528,0.14236871575256815,0.42163149383603954,0.3839741400242501,0.6129123872805264,0.18717914602174038,0.56331349821284,0.22403921375010688,0.7287504379129864,0.6983221249949567,0.40516848062437816,0.5370829740799974,0.22094861700533652,0.48142170060371603,0.29457079089149335,0.5870610553479934,0.2764479171178616,0.25056776741134995,0.6163309301186628,0.6115921178159331,0.32058915481093236,0.19926196643886865,0.5141088808194068,0.30556193997108655,0.6998245377402006,0.369639667448692,0.21259428457092228,0.7268700556154717,0.03764698609160602,0.356893932317934,0.19489719196416339,0.7066428447650325,0.6833203781428925,0.5058072688714028,0.32246334477017224,0.7245409905096989,0.2521305488310665,0.24314460765285628],[0.3425361714947419,0.6036262870658579,0.5960192456076459,0.25889004714832153,0.7200101200199118,0.6696690116678321,0.5651549356806443,0.266014088107393,0,0.39931552488067384,0.21759958968024498,0.5479061275873909,0.1786622239791282,0.5502357917924485,0.10830941267792259,0.5524168228654563,0.32568669089918856,0.637828437555799,0.5060934343373004,0.2799201611538941,0.3132258023675522,0.2091983189883309,0.08976911050338415,0.1286755825460713,0.3212025373736801,0.6615050457736052,0.11446047017713853,0.4493974103153749,0.4681376069298695,0.685453578796197,0.7061614361495017,0.7070996576681018,0.13988567117224313,0.5500394344336889,0.6998088280718782,0.38883720802498656,0.5471691786055308,0.590109874553061,0.22765682364227657,0.6883774646816068,0.6253884831970874,0.21523116536824444,0.7073999947986005,0.5285678447096923,0.23896518293036453,0.7258877804797467,0.2629613595842644,0.6509059438462649,0.1949862187478515,0.28928845755962473,0.4697138238822323,0.6770570051250069,0.2822477717719621,0.17942177630161435,0.1678638650160211,0.33661036491625274,0.34807812341761574,0.3026175967742756,0.31982883036577936,0.6873077377021594,0.5277101812640539,0.15778783506272798,0.25718873705311257,0.48298495110905654,0.2035630544812756,0.4826061661651638,0.37824422650763,0.2316579430943145,0.2693429784316025,0.36344166897992497,0.34343187303769956,0.19818692775017865,0.47856969362234997,0.2475899058964187,0.040433767032399405,0.6919369375681697,0.19493778240960025,0.17025337358895506,0.6437161574254482,0.26839144375775537,0.1180893873418434,0.4690466977169158,0.7162403227384746,0.7260799789631981,0.7182989138136935,0.15991491169461655,0.5843414556496009,0.06494200286637554,0.5229822967616506],[0.14110570865435096,0.8902728634448107,0.3233499166990148,0.2623018247097888,0.7233920594327968,0.8960290624376929,0.22803685800320483,0.6304401429575114,0.39931552488067384,0,0.5824918493307789,0.18823696575714147,0.3192744790479636,0.8832723015666858,0.4210151192941855,0.8701075842398137,0.7114227701004937,0.36870310970342596,0.8188301590418288,0.603156253268864,0.22519932627130992,0.5591353885730885,0.35591918771166675,0.2690271221778157,0.08146308557599184,0.8536339922886322,0.4973425453470843,0.04295014212597922,0.8456226148421774,0.6025607767195438,0.8314490726047316,0.5217906159660106,0.5419064346534888,0.17551276336720048,0.6651864448131907,0.7825391915054768,0.7710524242153368,0.8893105361767113,0.6280913965742834,0.8947827530657992,0.9386311953897314,0.5451692330124208,0.5525940128070651,0.14852646270668474,0.15162104256446857,0.7089085106078032,0.6666780206234372,0.8400176183340635,0.3883154077383568,0.15392409259528964,0.7537700523021168,0.42591260666656094,0.6912066231529223,0.4455394540435909,0.48307960224058655,0.20318678848000582,0.7580387063729127,0.12065147225423101,0.7330935987727507,0.5142564651722142,0.1902089544743003,0.22762173082438322,0.2838472659917268,0.7831666210890322,0.24715559004481472,0.693024031508644,0.05852836603734726,0.6330188191328612,0.6790050724900446,0.06829558155431355,0.14224970308821624,0.5772150926072737,0.8334111050071292,0.1710548443175693,0.40399554733010806,0.5690122633367729,0.25133690738190023,0.5817320343670346,0.418042887058899,0.653014062080267,0.27115308073599365,0.8375014963956411,0.6123956169192742,0.6684032500510338,0.9042961519340733,0.29623723799536983,0.2820445709093647,0.47058665726400933,0.8641017524935422],[0.47762870005001234,0.38008711412468477,0.6808748650438095,0.34952565613370223,0.6327714789399714,0.46671954249730113,0.6874469529571764,0.03574636238655103,0.21759958968024498,0.5824918493307789,0,0.6841341677569447,0.4096657355375972,0.3187101607824194,0.3152823438679657,0.32238285320572335,0.11776588228195707,0.7140151342833841,0.277989261230742,0.07105888298378209,0.41240200222849627,0.017143225857919317,0.31978704011648734,0.3504364505625177,0.4907524198403439,0.47579154989840405,0.2554035896388868,0.6229558441584887,0.2495951438243457,0.6525690093498101,0.5518061308986948,0.7277131301166387,0.08963983038830328,0.6938741904503202,0.6372268680088434,0.19177692428332155,0.35604338873153996,0.3633488988660533,0.08132253578279305,0.49347452746585996,0.39520533565548693,0.3600669760623263,0.7111738862753738,0.678029945812489,0.41785228683625164,0.6494320879810102,0.11344268003810498,0.46772159711615624,0.4156304331508406,0.4330001170000791,0.2544596986789199,0.7378330383625075,0.15167223912058428,0.3797538219806724,0.3448341240095796,0.5634120333154482,0.20770794506740142,0.5137254866134676,0.2305732215690775,0.7042078218975484,0.6562125735999275,0.35568545843554705,0.4887347616422861,0.259754722571688,0.43215735129700916,0.30950917223974855,0.5406232613270737,0.2573823300806438,0.24179969460194017,0.5670766805193258,0.5618947179544798,0.29175768835662086,0.24875116448957038,0.46441022412918703,0.2590543859322603,0.6804354594862747,0.3234569269193711,0.18651994901009133,0.6960500262735153,0.06321766623077713,0.3074327084703597,0.24437561664988125,0.6903186837110747,0.6726979570941063,0.5311232051129572,0.2759955180686715,0.6861246575965494,0.20957547739633497,0.29153574668414806],[0.1955561386531232,0.9221968957670301,0.14927712630646567,0.32154590044636605,0.6299561286057462,0.8954506312146627,0.03305414059367328,0.7269900262608172,0.5479061275873909,0.18823696575714147,0.6841341677569447,0,0.510289449195417,0.9424740727030582,0.597455459138955,0.9209480261775775,0.8157469706416922,0.18766806014756882,0.8703426640043795,0.6812601005621264,0.25995848372180075,0.6560203342505438,0.530178602727114,0.44025042854709945,0.22053027173546852,0.8390216791992481,0.6627885593664177,0.13666624212988807,0.9367068082785794,0.4820953400883173,0.7857969288745426,0.36167730319393626,0.6698514147149065,0.012680808496645515,0.5602109895141542,0.8898653612259987,0.7800713595890008,0.9283084519506928,0.7491263767376903,0.884074222896581,0.9827655450933561,0.726775541980248,0.40338196006898747,0.0328500715633974,0.3006495346119589,0.607329297873595,0.7889413107872176,0.8250691391074417,0.58075376868883,0.2464885824193671,0.7952157254141045,0.2460219212327049,0.8191391306057144,0.6326699786712083,0.6644333799062073,0.4047016614269364,0.8856677129639755,0.32030454264223274,0.8736102959311872,0.3611417817107666,0.020931594319848514,0.3848556379274829,0.4839883263187913,0.83055087511446,0.4392739280331386,0.7042782701104382,0.16380537222583233,0.792514064888279,0.830627299524334,0.2700025325011584,0.3437860090683674,0.7466590843651876,0.9092436225199637,0.3642235107488279,0.5666246341840608,0.4333035152549882,0.3534151830952661,0.7311522380101763,0.2524233196609249,0.7602800779270976,0.4164776008299353,0.922337114093404,0.4804048179010788,0.5519390511466237,0.8825550841096563,0.4002277632521048,0.09830618549931058,0.625462055056648,0.9294153901685096],[0.3421193521547365,0.7954005841542433,0.6068730809521592,0.3308944722653962,0.8489787867584625,0.8550397276362532,0.5412915711215167,0.45740742886915176,0.1786622239791282,0.3192744790479636,0.4096657355375972,0.510289449195417,0,0.7422668944087283,0.11122510159954234,0.7450191357358252,0.5098473952023088,0.652813517483142,0.6986599355191431,0.47170238337228526,0.35944272787213716,0.4017700273532829,0.07616536459755609,0.09246570517847738,0.2806377365136485,0.8405631618016111,0.20172588628000185,0.3761185943364178,0.6524655997318721,0.7823056670299691,0.8708225276211347,0.7636986035034606,0.3232079947274536,0.5032183085989853,0.81495813236122,0.5666698546549642,0.7300943868567566,0.7824797866256936,0.40664906704367637,0.8706160202934191,0.8179877031159479,0.21658634378084052,0.7768654290279612,0.47731092363004973,0.21436557120128436,0.8482048107085525,0.4368173550644499,0.8291468031493665,0.05669015804738739,0.29462485925985815,0.6602523525213858,0.7025962883686806,0.4471442847998257,0.11339114747633179,0.15681047645906793,0.1698327276067999,0.5075344928763912,0.18795677689185794,0.4614101515815381,0.748193959359719,0.5012940605982669,0.15129698104197079,0.06874986737563898,0.6749692633997315,0.05816523124199343,0.661160391868878,0.33382590068861756,0.3349752741228393,0.391633754740716,0.25270551311171585,0.20141499333470902,0.26539994553704505,0.6686468942608396,0.1342888113994678,0.13998697002790758,0.773585678619378,0.2600992300912179,0.30883629504120136,0.679304956909736,0.45478686344874936,0.16570303196168568,0.6562909228654908,0.8064745547295661,0.8340408863377394,0.8971199856977364,0.25805580434505093,0.5798904196887048,0.20629317916301243,0.7144864718513994],[0.7537714772412817,0.11407654286623,0.8923574181204033,0.6176625111629837,0.6374876303448826,0.2609988975941579,0.9333164432520811,0.27114156945877477,0.5502357917924485,0.8832723015666858,0.3187101607824194,0.9424740727030582,0.7422668944087283,0,0.6429172456922,0.02917024644928224,0.2419418785123125,0.9133534292593861,0.06326018137261787,0.26952827133285046,0.6733663695923464,0.3297187195088019,0.6522932147010594,0.6796457206590314,0.7880538196122844,0.32083758353335196,0.5712808114116067,0.9149128847845955,0.1430948296933095,0.7332941918112887,0.45110537846611176,0.8642861249027848,0.4109884477991726,0.9580608574870686,0.6790398025923003,0.2305161742778185,0.24199317360919878,0.08136845237919153,0.34274248169104726,0.30564410072917225,0.07365402196361309,0.6613284883096169,0.8296406987008055,0.9479546091451653,0.7258434198925015,0.6678114094104508,0.33071043016103835,0.3227339479020333,0.744867776797517,0.719879318479546,0.14544043537574058,0.9185147827302285,0.3476132351684043,0.7026020134902758,0.661296087432285,0.8927402731587484,0.3353544264066764,0.8344938976077477,0.40633944198932564,0.8395229984705821,0.9100422428919871,0.6763208528185491,0.8213291821828586,0.10509066329437212