"trial_id","rt","stimulus","response","trial_type","trial_index","plugin_version","time_elapsed","language","participant_number","success","raw_payload","placements","dissimilarity_vector","n_words","trial_category","distance_matrix","value"
"consent_form","20805","
    <div style=""max-width:800px; margin:0 auto; text-align:left; font-size: 16px; padding: 10px 0;"">
      <h1>Informed Consent Form</h1>
      <p>You are being invited to participate in a research study titled <strong>""Reproducibility of Psychological Science and Instruction.""</strong> This study is being done by Dr. Bria Long from UC San Diego and associated graduate students in the Experimental Methods course. You were selected to participate in this study because you are an adult in the U.S. and have been a represented population in previous psychology studies.</p>
      
      <p>The purpose of this study is to better understand how well previously published studies in the psychological field replicate online and with different populations. Your participation in this research should last approximately <strong>5-30 minutes</strong>. If you agree to take part in this study, you may be asked to view a set of stimuli, including pictures, sounds, written text, or videos and then giving some responses via key-presses, verbally, or with paper-and-pencil. We may also observe your choices or preferences among an array of stimuli. These stimuli will be taken directly from or closely adapted from studies that already exist in the published psychological literature. Stimuli will include, e.g., pictures of objects and human faces, audio and video clips, short text passages, etc. None of the stimuli will be disturbing, threatening, or offensive. The online and in-person experiments described in this protocol will take no more than 30 minutes. An example game you might play would be to click on an image on the screen that matches a word you hear being said out loud. Your total expected time commitment for this study is between 5-30 minutes, and is specified in the study description.</p>
      
      <p>Your participation in this study is completely voluntary and you can withdraw at any time. Choosing not to participate or withdrawing will result in no penalty or loss of benefits to which you are entitled. You are free to skip any question that you choose.</p>
      
      <p>We will not be asking for any personally identifying information, and we will handle responses as confidentially as possible. Your SONA or Prolific IDs will never be tied to your responses on this survey. However, we cannot guarantee the confidentiality of information transmitted over the Internet. To minimize this risk, data containing anything that might be personally identifying (e.g. Prolific IDs or IP addresses) will be encrypted on transfer and storage and will only be accessible to qualified lab personnel. We will be keeping data collected as part of this experiment indefinitely. This anonymized data (containing neither Prolific IDs nor IP addresses) may be shared with the scientific community or with other participants to be used as stimuli in future studies.</p>
      
      <p>If you have questions about this project or if you have a research-related problem, you may contact the researcher(s), <strong>Dr. Bria Long, <a href=""mailto:brlong@ucsd.edu"">brlong@ucsd.edu</a></strong>. If you have any questions concerning your rights as a research subject, you may contact the UC San Diego Office of IRB Administration at <a href=""mailto:irb@ucsd.edu"">irb@ucsd.edu</a> or 858-246-4777.</p>
      
      <h3 style=""margin-top: 25px;"">Consent Statement</h3>
      <p style=""font-weight: bold;"">By participating in this research you are indicating that you are at least 18 years old, have read this consent form, and agree to participate in this research study. Please keep this consent form for your records.</p>
    </div>
  ","0","html-button-response","0","2.1.0","20808","en","rotd3lab9j_84fbgk","","","","","","","",""
"","33422","
    <div style=""display:flex; align-items:center; justify-content:center; height:100vh; font-family:sans-serif;"">
      <div style=""max-width:900px; margin:0 auto; text-align:center;"">
        <h1 style= ""font-size: 24px;"">Welcome! Thank you for participating in the study.</h1>
        <p style=""font-size:18px; line-height:1.6;"">
          In this task, you will be presented with <strong>90 words</strong> arranged <strong>outside a circle</strong>.<br>
          Your job is to <strong>drag these words into the circle</strong> and <strong>rearrange them</strong> based on their <strong>meaning similarity</strong>.<br><br>
          Words that are <strong>similar in meaning</strong> should be placed <strong>closer together</strong>.<br>
          Words that are <strong>different in meaning</strong> should be placed <strong>farther apart</strong>.<br><br>
          You can place the words <strong>anywhere inside the circle</strong>. There is no single correct answer — 
          we are interested in <strong>your personal judgment</strong> of how these words relate to each other.<br><br>
          <strong>You must move all words into the circle before you can finish.</strong><br>
          After the initial arrangement, you will arrange words from specific categories.
        </p>
        <p style=""font-size:16px; margin-top:30px;""><em>Press any key to continue.</em></p>
      </div>
    </div>
  "," ","html-keyboard-response","1","2.1.0","54232","en","rotd3lab9j_84fbgk","","","","","","","",""
"","4073","<p style='font-size:20px;'>Which is your first language or primary language of use?</p>","1","html-button-response","2","2.1.0","58307","en","rotd3lab9j_84fbgk","","","","","","","",""
"","7682","","","fullscreen","3","2.1.0","66992","en","rotd3lab9j_84fbgk","true","{""placements"":[{""word"":""proud"",""x"":510.1,""y"":463.7,""cx"":533,""cy"":481.1,""angle_rad"":0.622,""angle_deg"":35.6},{""word"":""refrigerator"",""x"":554.8,""y"":343.7,""cx"":594,""cy"":361.1,""angle_rad"":0.045,""angle_deg"":2.6},{""word"":""rabbit"",""x"":465.5,""y"":93.7,""cx"":488,""cy"":111.1,""angle_rad"":-1.047,""angle_deg"":300},{""word"":""agreement"",""x"":475.5,""y"":447.7,""cx"":514,""cy"":465.1,""angle_rad"":0.612,""angle_deg"":35.1},{""word"":""lips"",""x"":206.5,""y"":118.7,""cx"":222,""cy"":136.1,""angle_rad"":-2.11,""angle_deg"":239.1},{""word"":""scissors"",""x"":578.7,""y"":331.7,""cx"":609,""cy"":349.1,""angle_rad"":-0.003,""angle_deg"":359.8},{""word"":""giraffe"",""x"":426.7,""y"":64.7,""cx"":451,""cy"":82.1,""angle_rad"":-1.21,""angle_deg"":290.7},{""word"":""system"",""x"":112.8,""y"":486.7,""cx"":140,""cy"":504.1,""angle_rad"":2.509,""angle_deg"":143.7},{""word"":""fault"",""x"":66.8,""y"":305.7,""cx"":85,""cy"":323.1,""angle_rad"":-3.04,""angle_deg"":185.8},{""word"":""friendship"",""x"":487.7,""y"":439.7,""cx"":523,""cy"":457.1,""angle_rad"":0.554,""angle_deg"":31.8},{""word"":""method"",""x"":155.7,""y"":478.7,""cx"":184,""cy"":496.1,""angle_rad"":2.42,""angle_deg"":138.6},{""word"":""ant"",""x"":440.3,""y"":92.7,""cx"":455,""cy"":110.1,""angle_rad"":-1.158,""angle_deg"":293.6},{""word"":""depressed"",""x"":438.3,""y"":417.7,""cx"":476,""cy"":435.1,""angle_rad"":0.594,""angle_deg"":34},{""word"":""sofa"",""x"":573.8,""y"":347.7,""cx"":592,""cy"":365.1,""angle_rad"":0.062,""angle_deg"":3.6},{""word"":""violence"",""x"":275.3,""y"":400.7,""cx"":306,""cy"":418.1,""angle_rad"":2.144,""angle_deg"":122.9},{""word"":""chopsticks"",""x"":527.3,""y"":324.7,""cx"":565,""cy"":342.1,""angle_rad"":-0.037,""angle_deg"":357.9},{""word"":""concept"",""x"":351.5,""y"":198.7,""cx"":381,""cy"":216.1,""angle_rad"":-1.343,""angle_deg"":283},{""word"":""sparrow"",""x"":552.1,""y"":284.7,""cx"":582,""cy"":302.1,""angle_rad"":-0.204,""angle_deg"":348.3},{""word"":""chair"",""x"":572.8,""y"":293.7,""cx"":593,""cy"":311.1,""angle_rad"":-0.159,""angle_deg"":350.9},{""word"":""business"",""x"":80.4,""y"":331.7,""cx"":113,""cy"":349.1,""angle_rad"":-3.138,""angle_deg"":180.2},{""word"":""magic power"",""x"":270.3,""y"":566.7,""cx"":315,""cy"":584.1,""angle_rad"":1.719,""angle_deg"":98.5},{""word"":""result"",""x"":160.9,""y"":499.7,""cx"":183,""cy"":517.1,""angle_rad"":2.356,""angle_deg"":135},{""word"":""hostility"",""x"":479.7,""y"":431.7,""cx"":508,""cy"":449.1,""angle_rad"":0.56,""angle_deg"":32.1},{""word"":""dispute"",""x"":89.4,""y"":304.7,""cx"":117,""cy"":322.1,""angle_rad"":-3.022,""angle_deg"":186.8},{""word"":""relationship"",""x"":246.2,""y"":306.7,""cx"":287,""cy"":324.1,""angle_rad"":-2.752,""angle_deg"":202.3},{""word"":""pencil"",""x"":597.7,""y"":299.7,""cx"":621,""cy"":317.1,""angle_rad"":-0.121,""angle_deg"":353.1},{""word"":""anger"",""x"":483.1,""y"":471.7,""cx"":506,""cy"":489.1,""angle_rad"":0.728,""angle_deg"":41.7},{""word"":""team"",""x"":260.4,""y"":329.7,""cx"":281,""cy"":347.1,""angle_rad"":-3.1,""angle_deg"":182.4},{""word"":""washing machine"",""x"":548.9,""y"":311.7,""cx"":608,""cy"":329.1,""angle_rad"":-0.081,""angle_deg"":355.4},{""word"":""thigh"",""x"":201.8,""y"":148.7,""cx"":222,""cy"":166.1,""angle_rad"":-2.179,""angle_deg"":235.2},{""word"":""charity"",""x"":264.4,""y"":319.7,""cx"":290,""cy"":337.1,""angle_rad"":-2.93,""angle_deg"":192.1},{""word"":""finger"",""x"":195.5,""y"":145.7,""cx"":218,""cy"":163.1,""angle_rad"":-2.186,""angle_deg"":234.8},{""word"":""characteristic"",""x"":337.8,""y"":195.7,""cx"":384,""cy"":213.1,""angle_rad"":-1.327,""angle_deg"":284},{""word"":""cat"",""x"":408.7,""y"":79.7,""cx"":423,""cy"":97.1,""angle_rad"":-1.29,""angle_deg"":286.1},{""word"":""eye"",""x"":221.7,""y"":108.7,""cx"":238,""cy"":126.1,""angle_rad"":-2.035,""angle_deg"":243.4},{""word"":""bed"",""x"":545.3,""y"":336.7,""cx"":562,""cy"":354.1,""angle_rad"":0.019,""angle_deg"":1.1},{""word"":""computer mouse"",""x"":547.9,""y"":319.7,""cx"":605,""cy"":337.1,""angle_rad"":-0.051,""angle_deg"":357.1},{""word"":""microwave"",""x"":563.6,""y"":303.7,""cx"":602,""cy"":321.1,""angle_rad"":-0.114,""angle_deg"":353.5},{""word"":""reason"",""x"":334.6,""y"":180.7,""cx"":361,""cy"":198.1,""angle_rad"":-1.498,""angle_deg"":274.1},{""word"":""hammer"",""x"":514.3,""y"":301.7,""cx"":545,""cy"":319.1,""angle_rad"":-0.157,""angle_deg"":351},{""word"":""spoon"",""x"":536.9,""y"":319.7,""cx"":561,""cy"":337.1,""angle_rad"":-0.061,""angle_deg"":356.5},{""word"":""fate"",""x"":327.3,""y"":160.7,""cx"":344,""cy"":178.1,""angle_rad"":-1.606,""angle_deg"":268},{""word"":""arm"",""x"":226.9,""y"":129.7,""cx"":244,""cy"":147.1,""angle_rad"":-2.052,""angle_deg"":242.4},{""word"":""rat"",""x"":461.8,""y"":87.7,""cx"":475,""cy"":105.1,""angle_rad"":-1.099,""angle_deg"":297},{""word"":""excited"",""x"":495.8,""y"":447.7,""cx"":523,""cy"":465.1,""angle_rad"":0.587,""angle_deg"":33.6},{""word"":""ear"",""x"":182.9,""y"":125.7,""cx"":198,""cy"":143.1,""angle_rad"":-2.204,""angle_deg"":233.7},{""word"":""society"",""x"":283.2,""y"":329.7,""cx"":310,""cy"":347.1,""angle_rad"":-3.069,""angle_deg"":184.1},{""word"":""toothbrush"",""x"":558.9,""y"":316.7,""cx"":597,""cy"":334.1,""angle_rad"":-0.064,""angle_deg"":356.3},{""word"":""process"",""x"":124.5,""y"":498.7,""cx"":154,""cy"":516.1,""angle_rad"":2.439,""angle_deg"":139.7},{""word"":""splendor"",""x"":455.2,""y"":443.7,""cx"":487,""cy"":461.1,""angle_rad"":0.681,""angle_deg"":39},{""word"":""air conditioner"",""x"":523,""y"":299.7,""cx"":572,""cy"":317.1,""angle_rad"":-0.147,""angle_deg"":351.6},{""word"":""tortoise"",""x"":426.1,""y"":99.7,""cx"":454,""cy"":117.1,""angle_rad"":-1.151,""angle_deg"":294.1},{""word"":""status"",""x"":134.3,""y"":469.7,""cx"":158,""cy"":487.1,""angle_rad"":2.521,""angle_deg"":144.5},{""word"":""trauma"",""x"":295.2,""y"":417.7,""cx"":322,""cy"":435.1,""angle_rad"":1.889,""angle_deg"":108.2},{""word"":""death"",""x"":296.5,""y"":432.7,""cx"":319,""cy"":450.1,""angle_rad"":1.871,""angle_deg"":107.2},{""word"":""happy"",""x"":461.9,""y"":431.7,""cx"":486,""cy"":449.1,""angle_rad"":0.63,""angle_deg"":36.1},{""word"":""identity"",""x"":124.8,""y"":307.7,""cx"":152,""cy"":325.1,""angle_rad"":-3.016,""angle_deg"":187.2},{""word"":""marriage"",""x"":357.4,""y"":579.7,""cx"":390,""cy"":597.1,""angle_rad"":1.41,""angle_deg"":80.8},{""word"":""error"",""x"":114.2,""y"":480.7,""cx"":134,""cy"":498.1,""angle_rad"":2.541,""angle_deg"":145.6},{""word"":""ankle"",""x"":192.3,""y"":129.7,""cx"":214,""cy"":147.1,""angle_rad"":-2.161,""angle_deg"":236.2},{""word"":""tiger"",""x"":463.4,""y"":84.7,""cx"":482,""cy"":102.1,""angle_rad"":-1.081,""angle_deg"":298},{""word"":""apathy"",""x"":443,""y"":425.7,""cx"":469,""cy"":443.1,""angle_rad"":0.664,""angle_deg"":38},{""word"":""disease"",""x"":266.9,""y"":414.7,""cx"":296,""cy"":432.1,""angle_rad"":2.153,""angle_deg"":123.3},{""word"":""broom"",""x"":556.2,""y"":308.7,""cx"":581,""cy"":326.1,""angle_rad"":-0.103,""angle_deg"":354.1},{""word"":""sad"",""x"":483.7,""y"":425.7,""cx"":500,""cy"":443.1,""angle_rad"":0.555,""angle_deg"":31.8},{""word"":""key"",""x"":583.1,""y"":298.7,""cx"":599,""cy"":316.1,""angle_rad"":-0.135,""angle_deg"":352.2},{""word"":""heaven"",""x"":317,""y"":557.7,""cx"":345,""cy"":575.1,""angle_rad"":1.593,""angle_deg"":91.3},{""word"":""obligation"",""x"":461,""y"":438.7,""cx"":496,""cy"":456.1,""angle_rad"":0.628,""angle_deg"":36},{""word"":""data"",""x"":110.4,""y"":464.7,""cx"":129,""cy"":482.1,""angle_rad"":2.603,""angle_deg"":149.1},{""word"":""loving heart"",""x"":469.8,""y"":435.7,""cx"":511,""cy"":453.1,""angle_rad"":0.57,""angle_deg"":32.6},{""word"":""content"",""x"":86,""y"":464.7,""cx"":114,""cy"":482.1,""angle_rad"":2.631,""angle_deg"":150.8},{""word"":""phenomenon"",""x"":320.1,""y"":190.7,""cx"":366,""cy"":208.1,""angle_rad"":-1.458,""angle_deg"":276.4},{""word"":""cabinet"",""x"":547.4,""y"":281.7,""cx"":575,""cy"":299.1,""angle_rad"":-0.222,""angle_deg"":347.3},{""word"":""miracle"",""x"":308.4,""y"":596.7,""cx"":336,""cy"":614.1,""angle_rad"":1.624,""angle_deg"":93},{""word"":""fear"",""x"":498.9,""y"":429.7,""cx"":516,""cy"":447.1,""angle_rad"":0.529,""angle_deg"":30.3},{""word"":""knee"",""x"":164.8,""y"":119.7,""cx"":185,""cy"":137.1,""angle_rad"":-2.23,""angle_deg"":232.2},{""word"":""comfortable"",""x"":489.4,""y"":454.7,""cx"":531,""cy"":472.1,""angle_rad"":0.593,""angle_deg"":34},{""word"":""debt"",""x"":73.4,""y"":302.7,""cx"":92,""cy"":320.1,""angle_rad"":-3.026,""angle_deg"":186.6},{""word"":""elephant"",""x"":417.1,""y"":66.7,""cx"":449,""cy"":84.1,""angle_rad"":-1.214,""angle_deg"":290.4},{""word"":""effect"",""x"":315,""y"":201.7,""cx"":337,""cy"":219.1,""angle_rad"":-1.67,""angle_deg"":264.3},{""word"":""discipline"",""x"":433.2,""y"":456.7,""cx"":467,""cy"":474.1,""angle_rad"":0.815,""angle_deg"":46.7},{""word"":""television"",""x"":534.8,""y"":303.7,""cx"":569,""cy"":321.1,""angle_rad"":-0.131,""angle_deg"":352.5},{""word"":""shoulder"",""x"":216.2,""y"":102.7,""cx"":248,""cy"":120.1,""angle_rad"":-1.988,""angle_deg"":246.1},{""word"":""nose"",""x"":166.8,""y"":123.7,""cx"":187,""cy"":141.1,""angle_rad"":-2.233,""angle_deg"":232},{""word"":""ax"",""x"":585.6,""y"":277.7,""cx"":598,""cy"":295.1,""angle_rad"":-0.218,""angle_deg"":347.5},{""word"":""scenery"",""x"":334.5,""y"":585.7,""cx"":364,""cy"":603.1,""angle_rad"":1.516,""angle_deg"":86.8},{""word"":""panda"",""x"":417.5,""y"":108.7,""cx"":442,""cy"":126.1,""angle_rad"":-1.181,""angle_deg"":292.3},{""word"":""fraud"",""x"":77.1,""y"":293.7,""cx"":98,""cy"":311.1,""angle_rad"":-2.988,""angle_deg"":188.8},{""word"":""table"",""x"":528.8,""y"":301.7,""cx"":549,""cy"":319.1,""angle_rad"":-0.154,""angle_deg"":351.2}],""n_words"":89,""words"":[""proud"",""refrigerator"",""rabbit"",""agreement"",""lips"",""scissors"",""giraffe"",""system"",""fault"",""friendship"",""method"",""ant"",""depressed"",""sofa"",""violence"",""chopsticks"",""concept"",""sparrow"",""chair"",""business"",""magic power"",""result"",""hostility"",""dispute"",""relationship"",""pencil"",""anger"",""team"",""washing machine"",""thigh"",""charity"",""finger"",""characteristic"",""cat"",""eye"",""bed"",""computer mouse"",""microwave"",""reason"",""hammer"",""spoon"",""fate"",""arm"",""rat"",""excited"",""ear"",""society"",""toothbrush"",""process"",""splendor"",""air conditioner"",""tortoise"",""status"",""trauma"",""death"",""happy"",""identity"",""marriage"",""error"",""ankle"",""tiger"",""apathy"",""disease"",""broom"",""sad"",""key"",""heaven"",""obligation"",""data"",""loving heart"",""content"",""phenomenon"",""cabinet"",""miracle"",""fear"",""knee"",""comfortable"",""debt"",""elephant"",""effect"",""discipline"",""television"",""shoulder"",""nose"",""ax"",""scenery"",""panda"",""fraud"",""table""],""distance_matrix"":[[0,0.24339015998129315,0.6831503229063873,0.04065137014525413,0.8526150262622024,0.2760818180371144,0.7470747796624906,0.7218347005808881,0.8721189901916382,0.04279468093336087,0.639925937327908,0.6949413511731497,0.1300517854308259,0.2351309337938184,0.42986011904494326,0.2582050096765123,0.55898863265522,0.3375270734755303,0.32772394112619047,0.8078652285504653,0.440069059797032,0.6445880738558817,0.0697734108726918,0.8172767449443376,0.5337466117630923,0.33851086361529137,0.04678437352289351,0.5218926299393629,0.3078124657762272,0.8123039926465699,0.5164451351721114,0.8214380844229056,0.5610885286458915,0.7324950826715159,0.8472383244486504,0.2353649729850068,0.2921152192104928,0.316580936611656,0.6063997539811499,0.29478752050270224,0.2657052361068244,0.6543152519735457,0.8104891533548121,0.6974093186448311,0.029622796531939038,0.8736746582786682,0.4752620183540182,0.29087947481472876,0.697715082438543,0.08741437837019933,0.30610802241481133,0.6826843947770381,0.6874379142346174,0.3936170897518796,0.3941298816181248,0.09978785235780033,0.7551293265744855,0.3348445891735195,0.732342488984666,0.847772321392118,0.7010456009889312,0.1322403455238049,0.4417396136040534,0.29445194054401963,0.08772681801246197,0.3229828170869238,0.3829687816970203,0.07724645087179942,0.7409105336435158,0.060541148206520956,0.7686133711413826,0.5858238403979434,0.33973912778625814,0.4337624343084362,0.06498131299417387,0.8984936582478026,0.011803507190748373,0.8618220973481066,0.7442129369715581,0.5990697525378977,0.11735279254235248,0.2976615387249087,0.8442240704301656,0.8906772577741106,0.3586642064751512,0.37972615895965206,0.6716100049984847,0.8573316913875797,0.2954235232248275],[0.24339015998129315,0,0.49627989964003083,0.23710250595624835,0.7977022858599563,0.030253334272128906,0.5737901289126918,0.8738609206456025,0.9374447559368249,0.2152964749211877,0.7919809740889043,0.5246742317792229,0.2520142986180364,0.003035702207905087,0.5369897253264254,0.058806731252602995,0.4706576487872118,0.10597206182395799,0.08713781862002148,0.883392977376097,0.6544186766197103,0.806675079022745,0.22202279412541495,0.878668741551292,0.5658656962480201,0.09011798601576429,0.28165276539932294,0.5734218322596831,0.05928437897870865,0.7704778160882424,0.5579690593510659,0.7795945538829014,0.46925792080057094,0.5756927002990664,0.7825898184055515,0.05527332927753597,0.04353482456596406,0.07011374142174633,0.5199412889068262,0.11396682571682314,0.07013637547783319,0.5669725435428401,0.752430731947776,0.5161573647641899,0.22734152060280233,0.8296311341019362,0.5199218038313536,0.044948408224432246,0.8563425220209443,0.2652579348133635,0.08562984992293014,0.514319081431825,0.8329583668691097,0.5153815556549703,0.5285990753348312,0.2520673319164417,0.8137921169364981,0.5709022907797234,0.8812100656064883,0.8002195773274318,0.5159217980559996,0.2708743289439471,0.5605461992843243,0.06373127192650055,0.22515326411176687,0.07839648874978536,0.6011461603457697,0.24685086589267416,0.8821657502430276,0.2236157416003983,0.9090024729429477,0.5018835036638511,0.11453780162318891,0.6621375120760085,0.2092031663854725,0.856009906116199,0.23049541248463212,0.9249877196576871,0.5722092169041241,0.5370526285770478,0.3087318423770815,0.08189256017524374,0.7735234775174458,0.8492346013808796,0.1168927892516046,0.611373547138181,0.5116632395076777,0.9154621100788162,0.1084595636341942],[0.6831503229063873,0.49627989964003083,0,0.6503261991469067,0.4882063346740924,0.4878744170633804,0.08159841322604433,0.964251813628803,0.8357635920445803,0.6370513437200664,0.9007572878690555,0.055750686277558865,0.5935696178307078,0.5016783135284579,0.6539091533850216,0.4444784783406582,0.27164537310975834,0.38793223875265104,0.4119585017662202,0.8150592660555658,0.9249382165791068,0.9326127406165677,0.6201072653338747,0.7830248204501811,0.5356576080224814,0.44763405669783374,0.6936809182164381,0.5745407286181792,0.45435910064520335,0.49643290645095767,0.5496958732394809,0.5025926203131934,0.26381016307689575,0.11757520416567642,0.45732195046681345,0.463911773518341,0.46478343577539244,0.4360795316159003,0.27908497190190407,0.39308651127075717,0.4334009832300217,0.2881018185426788,0.4502888153537347,0.021219316891611877,0.6517528996435217,0.5336168610233063,0.5407104835759571,0.4531924091628776,0.9643010684458138,0.6411803767248795,0.4056437787728973,0.05853982536456134,0.9187165247153602,0.6671251184965095,0.6943492061512535,0.6190263309745093,0.7304949878680702,0.910417258996327,0.9634281837689432,0.5051653513272267,0.014753146657789854,0.6089375061275386,0.6855740084772655,0.4274072399089417,0.6083346285727543,0.425320811989658,0.8914935356820992,0.6321147119699727,0.948232625464207,0.6278295840742052,0.9677006405310002,0.2826320005123177,0.3773619727211308,0.9652364349913279,0.6174726240067129,0.5564316744411035,0.666206258507129,0.8217433601161288,0.08238061033982898,0.3376414970343768,0.6663078517852216,0.4104677999598572,0.43833454499126423,0.5534358004484956,0.3906944165925865,0.931846842644073,0.08413460536842779,0.8042410738180529,0.39510237653734],[0.04065137014525413,0.23710250595624835,0.6503261991469067,0,0.8071958527723949,0.2716884881028389,0.7116297332206515,0.6892477045227224,0.829355309433391,0.017015442313913665,0.6069237479330302,0.659405189501801,0.08419184354100921,0.22900024268034305,0.38860836069587246,0.24069334061486408,0.5161344671163186,0.32096043514641137,0.31443271236319814,0.7657319359856788,0.4230012563460301,0.6135850695840619,0.026335466965798162,0.7740948552098895,0.48830655755052843,0.3320649396514125,0.041498592984896665,0.477132474325244,0.30010664356516625,0.7666339542703444,0.4712521828600341,0.7757606235787665,0.5184648701882925,0.694892633871133,0.8021251036761058,0.2181243634162299,0.2848276020213964,0.3064529399011396,0.5631116531914186,0.2704292285920848,0.24660718471798143,0.6108339599242608,0.7652163390419452,0.6635364653023921,0.011398039031503528,0.8279952848831862,0.43002472015631626,0.28118868883022463,0.6662849946377363,0.04518579031728148,0.2883517219559986,0.64696679020317,0.6535131603917788,0.35367613404645226,0.3559781640279461,0.05433577436435652,0.7115964253929848,0.32925709268993375,0.6992249641420342,0.802182136617808,0.6677868331526572,0.08728542004248475,0.401978838152362,0.2797560208978599,0.04293653764860838,0.31158702572129293,0.36718797817687937,0.03194365390816386,0.7065107185151106,0.017620699939529257,0.7341876804135623,0.5424975580447992,0.3213993324489204,0.4234908361535098,0.028224367961755696,0.8527720698637357,0.0287304190997858,0.8188759263091278,0.7085971348723433,0.5544849615836179,0.08315588494681914,0.27946263159337537,0.7993403750850214,0.8449445342670046,0.3449793696768019,0.37120993247124145,0.6348276434627868,0.8140253029335155,0.27205777018458727],[0.8526150262622024,0.7977022858599563,0.4882063346740924,0.8071958527723949,0,0.8106166788847217,0.42930707357701264,0.6910895305319859,0.42290566330170126,0.8074833951802943,0.6633400738171294,0.4277658169051525,0.7193416570284568,0.7984071583104405,0.5382056105501198,0.7337170057313637,0.32350203295548574,0.726925772827891,0.7523632001990811,0.43667427498848543,0.839809683077604,0.7021072833485354,0.7778215164009263,0.38924873847370073,0.3621531624474781,0.8039502716070218,0.8315185980511691,0.39941175236224163,0.7918098128863943,0.05018212608673907,0.3866635419405721,0.04518579031728148,0.32604472375855326,0.3729185993190652,0.029622796531939038,0.7406979320999336,0.7936158510120798,0.7753346827273274,0.27586954627571464,0.6804022424240175,0.7226411681394779,0.2330714970040415,0.04020306867966636,0.46552670251483697,0.8183231928358747,0.040947819645016315,0.4169972151033387,0.7779608940188354,0.707731726196995,0.7692478300660355,0.7224982260002887,0.42468259498169625,0.6537124807287752,0.5770533132275254,0.6017308897492496,0.7510090436177496,0.3670047542890133,0.9009530397277328,0.6828108213607638,0.01989631678354612,0.47904853307280737,0.7224911953346298,0.5582717958468606,0.7449316946673905,0.7596823794774795,0.7663333986797868,0.8367708611311891,0.7728201732453064,0.6564708880030681,0.7870130492375391,0.6641966320058755,0.2921152192104928,0.7128657867150869,0.9023352747247089,0.7851746628988447,0.0631351081341618,0.8378376165515238,0.41085737179711235,0.42487296994501145,0.25670523692883607,0.7657584809982615,0.7210273374786402,0.051158515561366406,0.060072694481370315,0.7487323854489485,0.8962508306267499,0.40150529548931485,0.39088821018344655,0.6868393491298307],[0.2760818180371144,0.030253334272128906,0.4878744170633804,0.2716884881028389,0.8106166788847217,0,0.5677588632705005,0.9070322944505799,0.9637221662159646,0.24975018717210348,0.8253178377050279,0.5198730879793538,0.28728670036593407,0.037891698335757354,0.5687016191978661,0.07706012416935756,0.48226721052398797,0.09488230256445147,0.0709243291134915,0.9108194864552991,0.6898957202370797,0.84050970931086,0.25727109231453593,0.9047992666340251,0.591255302463078,0.05789464649519374,0.3157743808027235,0.600558051258061,0.0317596559143098,0.7853925612963103,0.5843417374897394,0.7944416332687038,0.48033224215165177,0.5732302253291583,0.7942134015278904,0.08206857257932704,0.018137440210649627,0.04807991661036482,0.5310184336847235,0.1253168539490959,0.08615393744890928,0.5772436625265024,0.7652274069767944,0.5088941734819513,0.26146715020934874,0.8438445276692734,0.5470001661004572,0.030253334272128906,0.8899116784312262,0.3006423895940014,0.08512160058432938,0.5100770645022901,0.8658313363723493,0.5481108471282687,0.5619190930950734,0.28754312490850087,0.8399549811488168,0.6058194923995127,0.9141830882313781,0.8141439524685521,0.5077185291644897,0.30621208537943845,0.5928229391373269,0.06169793759493057,0.26060244349162665,0.05845953546334122,0.6366024371028652,0.2821873072391663,0.9146708091934828,0.2586901160764262,0.9413967468617088,0.5136424263288749,0.10644650744522177,0.6974432989701745,0.2442940142122651,0.8702742532156682,0.2637657853091181,0.9511045314445751,0.5664835276011644,0.5515490671817533,0.34416515256436486,0.08495154755929595,0.7843219085181773,0.8636808533620487,0.0965549346569141,0.6465404132905125,0.5093119749507483,0.9411282677304358,0.11866750900894017],[0.7470747796624906,0.5737901289126918,0.08159841322604433,0.7116297332206515,0.42930707357701264,0.5677588632705005,0,0.9629350787591274,0.8041083292492376,0.6999992486551925,0.9045968443776771,0.04701341307237677,0.6483512464938265,0.5787174958983652,0.6706392069924542,0.5190897660495439,0.27398848829772476,0.4676629474279742,0.4924188790399479,0.7902848557742628,0.955321723776261,0.9383922852517034,0.6807006693815885,0.7543640890628173,0.5346792648381216,0.5304456612311867,0.7532811168274802,0.5762443667816761,0.5353043464099227,0.4452628200920341,0.5517389467374593,0.450356202740808,0.26652233025588906,0.05344139365765782,0.39646331054361605,0.5373418895987373,0.5449456948121348,0.5168928257059934,0.2659317548456398,0.4656534844614463,0.5076753044884889,0.2602686199413928,0.39548135031168985,0.056168801339289684,0.7145145052101218,0.47542171596273597,0.5491608567529204,0.5326538303506557,0.9660304371129114,0.6978873193360355,0.48294193876813496,0.059653451578247904,0.9179741977581849,0.6888866153720835,0.7168211103712504,0.6756496993062394,0.7063573460652531,0.9525586227967691,0.9607129910957641,0.448645971785099,0.06291020188158122,0.6623214834411363,0.7017286387366604,0.5053791604433301,0.6676068909209538,0.5061267883312848,0.9260871091313966,0.6904843016532489,0.943142706033356,0.6888645017704402,0.9607553643294555,0.27548097706827857,0.45636231112804576,1,0.6794862553769262,0.49643290645095767,0.7300497835003718,0.7902677048168825,0,0.3239375413576705,0.7193487182546924,0.48704364391376576,0.37620121250555016,0.49437530849590144,0.47274598700556647,0.9703142239082709,0.07772071750427353,0.7718858333082741,0.4684269005269822],[0.7218347005808881,0.8738609206456025,0.964251813628803,0.6892477045227224,0.6910895305319859,0.9070322944505799,0.9629350787591274,0,0.34415050855975665,0.707430260051719,0.07737043515142764,0.9264093506168807,0.6282712467134318,0.8681386156178394,0.3400553899112217,0.8347815091754279,0.6883335638078943,0.8922976702295433,0.9041712359051949,0.2853504344135887,0.3501471462525556,0.07774127629255997,0.681970019886634,0.3335784478464767,0.4239838310122264,0.9478891329980709,0.671294963565606,0.38450340532366833,0.9175584556014409,0.6371230334644961,0.40935036972307487,0.6408214597802294,0.696138731265361,0.9103017721766486,0.7159702998521997,0.8219227601377465,0.9072715570683082,0.9125251281699844,0.6918948695282429,0.8170963313335236,0.8312433957732794,0.7050187268092525,0.6815132246555223,0.9569644320016711,0.7057819047214863,0.6700434304464048,0.4221521208874007,0.8952968369657174,0.028830726945094167,0.640538936379958,0.8641615957766919,0.9151823601159355,0.04050242467836112,0.3542506514563447,0.3400800856907927,0.6418132738887057,0.3261064968389613,0.48740381762683294,0.010447425127194836,0.6681212458335957,0.9695412073993978,0.6127494318267543,0.3120926408989141,0.8730845668561058,0.669123488854039,0.9108362421000366,0.39544729991539496,0.6582083484920086,0.04020306867966636,0.6864054970246368,0.057678116323386465,0.6825728226102489,0.8829034421849165,0.4098724854126927,0.6971301323280144,0.6776505952603102,0.7193134114353384,0.34597142083210686,0.9577705675353654,0.6346384325046257,0.601236155411119,0.8561544514256222,0.7314864542710479,0.6707830234517161,0.9245475998819743,0.44707634987384964,0.8883365638613728,0.3595629508070375,0.8238216022319369],[0.8721189901916382,0.9374447559368249,0.8357635920445803,0.829355309433391,0.42290566330170126,0.9637221662159646,0.8041083292492376,0.34415050855975665,0,0.8407113384523287,0.3628998029151933,0.7832562908204714,0.745940432677942,0.9343423503049245,0.4390452867144372,0.8819639308102832,0.5760683598925632,0.9134853644676131,0.9332435452776828,0.06534475817825092,0.637263734515063,0.39618724425315416,0.8099202721069785,0.05390469882927979,0.36784683909282595,0.9847559575074586,0.8305641760514112,0.3594647585238429,0.9607483022529194,0.37960652192567695,0.3742647143019161,0.37903440864309634,0.583171917657061,0.7457020021056514,0.45544880213933214,0.8775875743686359,0.9554921566447206,0.9496107180149014,0.5543508762665466,0.8443645987945015,0.8742624146405555,0.5429737495424302,0.4328251557839008,0.8199410143537768,0.8451511284745845,0.38728971313782146,0.41267737352970973,0.9405874745244613,0.3733152774207671,0.7797423072857576,0.8942659940835533,0.7752735029047404,0.3263123239806655,0.47889707746626264,0.4864890153520724,0.7710668141379259,0.11857111166749434,0.7519916679241821,0.33040744170966996,0.39778579635358857,0.8339303894139389,0.7377931668310999,0.43338931855858626,0.9108362421000366,0.7926225015693201,0.9441510168901238,0.6634931111045658,0.7925904374468881,0.29946362432883616,0.8173576071664821,0.2932715829863844,0.5555230356770885,0.9008231706199353,0.7045142914889088,0.8230621759629683,0.38479211479925235,0.8632273381972317,0.008841563966438171,0.7989926663347928,0.49826197410328726,0.7533957783125106,0.8886647826208027,0.4755920016148654,0.38009369945549665,0.9436263256999619,0.7247912862913566,0.747829306804606,0.0274505990826289,0.8517517670726985],[0.04279468093336087,0.2152964749211877,0.6370513437200664,0.017015442313913665,0.8074833951802943,0.24975018717210348,0.6999992486551925,0.707430260051719,0.8407113384523287,0,0.6249918251995288,0.6478265434555069,0.09061753426318724,0.2071653355960258,0.40196627333945545,0.22088672375676152,0.5113860104436145,0.30107699325556453,0.29380816825782813,0.7778193384288018,0.44486892551858814,0.6324116667179902,0.026172929338259925,0.784967495852633,0.4950848405715991,0.3103896978665294,0.06169793759493057,0.48572190422262695,0.27855059611051025,0.7679960369668193,0.47881252349760345,0.7771591336390236,0.5134024289256649,0.6848206105973443,0.8014678779685787,0.1981827179665567,0.26320091403906604,0.2852506402612377,0.5589765416997664,0.25286152367403736,0.22724616940329923,0.6069822513255633,0.7650325880913373,0.6508878941110757,0.009551177743158978,0.8293880045260584,0.43751867050132576,0.2598829165912337,0.6849244060200979,0.06167244848710881,0.2687163109837177,0.635509404955327,0.671153777408519,0.36821237064569684,0.37175772942664137,0.06468919650294545,0.7220387463396357,0.3514118493241425,0.7171847621972176,0.8031468615216725,0.6547701991867784,0.09780400349580218,0.4165486220380064,0.2593677708450079,0.044504549504663364,0.2906028828228242,0.38919253072683113,0.04467573163592802,0.7239029964782616,0.018137440210649627,0.7515523491658072,0.5384252476884388,0.30197766705162377,0.4457206682583816,0.01732010246712592,0.8543984643220093,0.026172929338259925,0.8300191774740401,0.6970815668567288,0.5526384634812661,0.1028610732203925,0.25992794422580645,0.7980951374697265,0.8466419325676006,0.3244759452028818,0.39344601255597816,0.6241252662392469,0.8247159683852198,0.25412717198196527],[0.639925937327908,0.7919809740889043,0.9007572878690555,0.6069237479330302,0.6633400738171294,0.8253178377050279,0.9045968443776771,0.07737043515142764,0.3628998029151933,0.6249918251995288,0,0.8658156729430843,0.5457015415199765,0.7861838256561697,0.2622079241107331,0.7537374117524771,0.6270640239491142,0.812500062967193,0.8238216022319369,0.29627321093642545,0.2862353416462446,0.03360432247973789,0.599422426960728,0.33913049597490513,0.36503858336021927,0.8669368545719459,0.5896061277394953,0.3231334742119803,0.8363960627845488,0.6082679144853383,0.3477008003475777,0.6129784482276962,0.6347850092561282,0.8537593945359712,0.6853542494336079,0.740524148200716,0.8259090114635019,0.8316897893521518,0.6349022464917498,0.7373201840257197,0.7504337514265018,0.6522277784745688,0.6487868736215069,0.894942617875917,0.6234745631869969,0.647230847124375,0.3551604027054748,0.8141106490704931,0.06136581817436015,0.5580962284955615,0.7839394892317924,0.85419409307104,0.045590151097001805,0.27343209935775875,0.25817911224013035,0.5592424828930148,0.31607176850553137,0.41849714519769754,0.08719319677899943,0.6417078340257945,0.9071332410191785,0.5301558597301379,0.23301423514821837,0.7923745054625566,0.5865361215976667,0.8302131315707582,0.32598808831390835,0.5757132504621285,0.09959278426691254,0.6038990274114904,0.12661683191075418,0.6239789167242896,0.8033767900199421,0.350161543159801,0.6145764420392296,0.657802062177313,0.6371681673472499,0.3615538257741961,0.8994914086858462,0.5792079477457206,0.5190149480035056,0.7758261323235778,0.699183806469102,0.650435455298503,0.8447278572827285,0.3815118635340692,0.8278397121306007,0.3715586226829356,0.7439602983054537],[0.6949413511731497,0.5246742317792229,0.055750686277558865,0.659405189501801,0.4277658169051525,0.5198730879793538,0.04701341307237677,0.9264093506168807,0.7832562908204714,0.6478265434555069,0.8658156729430843,0,0.5962579253321046,0.5293907945730968,0.6266754982535396,0.4689702864183153,0.2335290974438696,0.41992760696641757,0.4450659158756298,0.7653513569861984,0.9075742839026429,0.8988578044212472,0.6284677414442242,0.7316438541589319,0.49724476176380633,0.4848213633400836,0.7010456009889312,0.5377817737589174,0.4881683137746751,0.4373491495854483,0.5130636134287971,0.44329369039770483,0.22581856079289472,0.058566566207812,0.39663310322713974,0.4868357314633496,0.49727530809462656,0.4697105917078941,0.2325843317343925,0.4150376796634657,0.4574694106325204,0.23518769148900887,0.3904100142819779,0.032850308274947046,0.6623317025859404,0.47331654401381773,0.5079046861434562,0.4845950989751688,0.9281943071417141,0.6457130220112476,0.43391780564014765,0.00783556884539613,0.88115042135826,0.6433218182972766,0.6710806515647493,0.6234745631869969,0.6809393174972258,0.9021736525960083,0.9248043617295042,0.44508485271473397,0.04678437352289351,0.6103243772339213,0.6580155220946896,0.4566097935193783,0.6153711478472842,0.4589671546200007,0.8772687635476226,0.638261032230067,0.9082914578929433,0.6366369795275412,0.9267827183805197,0.23926752089316522,0.4082464186552237,0.9511883442554385,0.6272824647741875,0.4959158958441994,0.6779152742667034,0.7692896684563,0.04405669320066766,0.2914548799189791,0.6673990104116807,0.43770352841361965,0.37752241591198493,0.49303536700164474,0.4266181123140066,0.9206599988704439,0.032850308274947046,0.751426138686,0.418013877576694],[0.1300517854308259,0.2520142986180364,0.5935696178307078,0.08419184354100921,0.7193416570284568,0.28728670036593407,0.6483512464938265,0.6282712467134318,0.745940432677942,0.09061753426318724,0.5457015415199765,0.5962579253321046,0,0.24499702663898693,0.3103086334709413,0.23251260558457884,0.4356542237127907,0.30887847572360005,0.3096377017338361,0.6837446668977857,0.3999172099188842,0.5566988200454966,0.05928437897870865,0.6898687316438855,0.3995803083409451,0.34004057159559775,0.10886389191541596,0.38988807836005324,0.30743632179150504,0.6780575592672482,0.38305663786975563,0.6871596335105784,0.43859208021369533,0.6266431103286162,0.7151113817306642,0.21296401418291108,0.29397351628308227,0.3085905751385906,0.4812901720648442,0.2440478335405099,0.23436338890643743,0.5283658051618809,0.6777854445517182,0.6042433108583593,0.097754331633023,0.739379821893067,0.34177002027464104,0.2858664689849002,0.6079926421546458,0.04691537646616406,0.2757178253930473,0.5834819724785406,0.589878441771059,0.2791929258414632,0.2860538912540076,0.026550890487301016,0.6267051857264894,0.3335130026629847,0.6370301007775431,0.7138388692662805,0.6098809186939087,0.014408692227400117,0.32725748766471896,0.2742937250690887,0.041498592984896665,0.31085406576401114,0.34887792621893676,0.04833526479839451,0.6414889914659557,0.06746383012343687,0.6689514924756774,0.4606431578310069,0.30544997735954343,0.41446916594407446,0.07190347915543668,0.764022281797531,0.11719965016258617,0.7350912741405966,0.6449396653011809,0.46916086369413956,0.0686968960828002,0.2664909489932612,0.7129394073259452,0.7561603932404156,0.337735992049659,0.367677659568965,0.5689006785842947,0.7294928986721355,0.24790410688020684],[0.2351309337938184,0.003035702207905087,0.5016783135284579,0.22900024268034305,0.7984071583104405,0.037891698335757354,0.5787174958983652,0.8681386156178394,0.9343423503049245,0.2071653355960258,0.7861838256561697,0.5293907945730968,0.24499702663898693,0,0.5319716973186177,0.06028130973186628,0.4718316764342945,0.11258519346736176,0.09452389610864623,0.8799162314866853,0.6469301798164999,0.8006196671891678,0.21417221510749415,0.8756226403099705,0.5631356589090959,0.09834882175329082,0.2734749379424266,0.5701113744346138,0.06753418427059225,0.7706800598474488,0.5549205171951878,0.7798118286763686,0.4705644616999307,0.5799282822519782,0.7836195838954838,0.05378921354053496,0.05179018466612686,0.07811046718897027,0.5212127510707496,0.11623462545614541,0.0719255881401875,0.5684133063477718,0.7531776817950508,0.5213390806642894,0.21916043345387676,0.8299987586332934,0.516651055158373,0.052768908223260365,0.8504233552473057,0.2575308467740946,0.09081307443031915,0.5189336119275619,0.8273810128137616,0.5099148677334006,0.5228429897946403,0.24456043613986023,0.8107462745737277,0.5629015598936318,0.8755819802777239,0.8006683418168775,0.5212743000438449,0.2637657853091181,0.5552766291280147,0.06961406030137567