"trial_id","rt","stimulus","response","trial_type","trial_index","plugin_version","time_elapsed","language","participant_number","success","raw_payload","placements","dissimilarity_vector","n_words","trial_category","distance_matrix","value"
"consent_form","5804","
    <div style=""max-width:800px; margin:0 auto; text-align:left; font-size: 16px; padding: 10px 0;"">
      <h1>Informed Consent Form</h1>
      <p>You are being invited to participate in a research study titled <strong>""Reproducibility of Psychological Science and Instruction.""</strong> This study is being done by Dr. Bria Long from UC San Diego and associated graduate students in the Experimental Methods course. You were selected to participate in this study because you are an adult in the U.S. and have been a represented population in previous psychology studies.</p>
      
      <p>The purpose of this study is to better understand how well previously published studies in the psychological field replicate online and with different populations. Your participation in this research should last approximately <strong>5-30 minutes</strong>. If you agree to take part in this study, you may be asked to view a set of stimuli, including pictures, sounds, written text, or videos and then giving some responses via key-presses, verbally, or with paper-and-pencil. We may also observe your choices or preferences among an array of stimuli. These stimuli will be taken directly from or closely adapted from studies that already exist in the published psychological literature. Stimuli will include, e.g., pictures of objects and human faces, audio and video clips, short text passages, etc. None of the stimuli will be disturbing, threatening, or offensive. The online and in-person experiments described in this protocol will take no more than 30 minutes. An example game you might play would be to click on an image on the screen that matches a word you hear being said out loud. Your total expected time commitment for this study is between 5-30 minutes, and is specified in the study description.</p>
      
      <p>Your participation in this study is completely voluntary and you can withdraw at any time. Choosing not to participate or withdrawing will result in no penalty or loss of benefits to which you are entitled. You are free to skip any question that you choose.</p>
      
      <p>We will not be asking for any personally identifying information, and we will handle responses as confidentially as possible. Your SONA or Prolific IDs will never be tied to your responses on this survey. However, we cannot guarantee the confidentiality of information transmitted over the Internet. To minimize this risk, data containing anything that might be personally identifying (e.g. Prolific IDs or IP addresses) will be encrypted on transfer and storage and will only be accessible to qualified lab personnel. We will be keeping data collected as part of this experiment indefinitely. This anonymized data (containing neither Prolific IDs nor IP addresses) may be shared with the scientific community or with other participants to be used as stimuli in future studies.</p>
      
      <p>If you have questions about this project or if you have a research-related problem, you may contact the researcher(s), <strong>Dr. Bria Long, <a href=""mailto:brlong@ucsd.edu"">brlong@ucsd.edu</a></strong>. If you have any questions concerning your rights as a research subject, you may contact the UC San Diego Office of IRB Administration at <a href=""mailto:irb@ucsd.edu"">irb@ucsd.edu</a> or 858-246-4777.</p>
      
      <h3 style=""margin-top: 25px;"">Consent Statement</h3>
      <p style=""font-weight: bold;"">By participating in this research you are indicating that you are at least 18 years old, have read this consent form, and agree to participate in this research study. Please keep this consent form for your records.</p>
    </div>
  ","0","html-button-response","0","2.1.0","5806","en","s486oxbbve_50759l","","","","","","","",""
"","1700","
    <div style=""display:flex; align-items:center; justify-content:center; height:100vh; font-family:sans-serif;"">
      <div style=""max-width:900px; margin:0 auto; text-align:center;"">
        <h1 style= ""font-size: 24px;"">Welcome! Thank you for participating in the study.</h1>
        <p style=""font-size:18px; line-height:1.6;"">
          In this task, you will be presented with <strong>90 words</strong> arranged <strong>outside a circle</strong>.<br>
          Your job is to <strong>drag these words into the circle</strong> and <strong>rearrange them</strong> based on their <strong>meaning similarity</strong>.<br><br>
          Words that are <strong>similar in meaning</strong> should be placed <strong>closer together</strong>.<br>
          Words that are <strong>different in meaning</strong> should be placed <strong>farther apart</strong>.<br><br>
          You can place the words <strong>anywhere inside the circle</strong>. There is no single correct answer — 
          we are interested in <strong>your personal judgment</strong> of how these words relate to each other.<br><br>
          <strong>You must move all words into the circle before you can finish.</strong><br>
          After the initial arrangement, you will arrange words from specific categories.
        </p>
        <p style=""font-size:16px; margin-top:30px;""><em>Press any key to continue.</em></p>
      </div>
    </div>
  "," ","html-keyboard-response","1","2.1.0","7508","en","s486oxbbve_50759l","","","","","","","",""
"","3478","<p style='font-size:20px;'>Which is your first language or primary language of use?</p>","1","html-button-response","2","2.1.0","10988","en","s486oxbbve_50759l","","","","","","","",""
"","1481","","","fullscreen","3","2.1.0","13473","en","s486oxbbve_50759l","true","{""placements"":[{""word"":""proud"",""x"":90.1,""y"":459.8,""cx"":113,""cy"":477.2,""angle_rad"":2.649,""angle_deg"":151.8},{""word"":""refrigerator"",""x"":612.8,""y"":191.8,""cx"":652,""cy"":209.2,""angle_rad"":-0.436,""angle_deg"":335},{""word"":""rabbit"",""x"":257.5,""y"":609.8,""cx"":280,""cy"":627.2,""angle_rad"":1.818,""angle_deg"":104.2},{""word"":""agreement"",""x"":634.5,""y"":305.8,""cx"":673,""cy"":323.2,""angle_rad"":-0.083,""angle_deg"":355.3},{""word"":""lips"",""x"":617.5,""y"":462.8,""cx"":633,""cy"":480.2,""angle_rad"":0.431,""angle_deg"":24.7},{""word"":""scissors"",""x"":469.7,""y"":617.8,""cx"":500,""cy"":635.2,""angle_rad"":1.087,""angle_deg"":62.3},{""word"":""giraffe"",""x"":251.7,""y"":638.8,""cx"":276,""cy"":656.2,""angle_rad"":1.808,""angle_deg"":103.6},{""word"":""system"",""x"":14.8,""y"":276.8,""cx"":42,""cy"":294.2,""angle_rad"":-2.962,""angle_deg"":190.3},{""word"":""fault"",""x"":242.8,""y"":18.8,""cx"":261,""cy"":36.2,""angle_rad"":-1.847,""angle_deg"":254.2},{""word"":""friendship"",""x"":99.7,""y"":112.8,""cx"":135,""cy"":130.2,""angle_rad"":-2.345,""angle_deg"":225.6},{""word"":""method"",""x"":27.7,""y"":288.8,""cx"":56,""cy"":306.2,""angle_rad"":-2.994,""angle_deg"":188.5},{""word"":""ant"",""x"":249.3,""y"":603.8,""cx"":264,""cy"":621.2,""angle_rad"":1.878,""angle_deg"":107.6},{""word"":""depressed"",""x"":341.3,""y"":19.8,""cx"":379,""cy"":37.2,""angle_rad"":-1.478,""angle_deg"":275.3},{""word"":""sofa"",""x"":568.8,""y"":87.8,""cx"":587,""cy"":105.2,""angle_rad"":-0.802,""angle_deg"":314.1},{""word"":""violence"",""x"":329.3,""y"":32.8,""cx"":360,""cy"":50.2,""angle_rad"":-1.537,""angle_deg"":271.9},{""word"":""chopsticks"",""x"":630.3,""y"":211.8,""cx"":668,""cy"":229.2,""angle_rad"":-0.363,""angle_deg"":339.2},{""word"":""concept"",""x"":-15.5,""y"":355.8,""cx"":14,""cy"":373.2,""angle_rad"":3.073,""angle_deg"":176},{""word"":""sparrow"",""x"":218.1,""y"":606.8,""cx"":248,""cy"":624.2,""angle_rad"":1.927,""angle_deg"":110.4},{""word"":""chair"",""x"":575.8,""y"":88.8,""cx"":596,""cy"":106.2,""angle_rad"":-0.781,""angle_deg"":315.3},{""word"":""business"",""x"":205.4,""y"":331.8,""cx"":238,""cy"":349.2,""angle_rad"":-3.134,""angle_deg"":180.4},{""word"":""magic power"",""x"":193.3,""y"":459.8,""cx"":238,""cy"":477.2,""angle_rad"":2.293,""angle_deg"":131.4},{""word"":""result"",""x"":156.9,""y"":293.8,""cx"":179,""cy"":311.2,""angle_rad"":-2.918,""angle_deg"":192.8},{""word"":""hostility"",""x"":361.7,""y"":56.8,""cx"":390,""cy"":74.2,""angle_rad"":-1.427,""angle_deg"":278.3},{""word"":""dispute"",""x"":263.4,""y"":341.3,""cx"":291,""cy"":358.7,""angle_rad"":2.995,""angle_deg"":171.6},{""word"":""relationship"",""x"":226.2,""y"":288.3,""cx"":267,""cy"":305.7,""angle_rad"":-2.651,""angle_deg"":208.1},{""word"":""pencil"",""x"":569.7,""y"":227.8,""cx"":593,""cy"":245.2,""angle_rad"":-0.407,""angle_deg"":336.7},{""word"":""anger"",""x"":393.1,""y"":106.8,""cx"":416,""cy"":124.2,""angle_rad"":-1.286,""angle_deg"":286.3},{""word"":""team"",""x"":229.4,""y"":361.8,""cx"":250,""cy"":379.2,""angle_rad"":2.857,""angle_deg"":163.7},{""word"":""washing machine"",""x"":543.9,""y"":264.8,""cx"":603,""cy"":282.2,""angle_rad"":-0.262,""angle_deg"":345},{""word"":""thigh"",""x"":522.8,""y"":478.8,""cx"":543,""cy"":496.2,""angle_rad"":0.648,""angle_deg"":37.1},{""word"":""charity"",""x"":249.4,""y"":379.8,""cx"":275,""cy"":397.2,""angle_rad"":2.58,""angle_deg"":147.8},{""word"":""finger"",""x"":534.5,""y"":433.8,""cx"":557,""cy"":451.2,""angle_rad"":0.455,""angle_deg"":26.1},{""word"":""characteristic"",""x"":121.8,""y"":479.8,""cx"":168,""cy"":497.2,""angle_rad"":2.461,""angle_deg"":141},{""word"":""cat"",""x"":259.7,""y"":598.8,""cx"":274,""cy"":616.2,""angle_rad"":1.849,""angle_deg"":105.9},{""word"":""eye"",""x"":536.7,""y"":429.8,""cx"":553,""cy"":447.2,""angle_rad"":0.447,""angle_deg"":25.6},{""word"":""bed"",""x"":561.3,""y"":260.8,""cx"":578,""cy"":278.2,""angle_rad"":-0.305,""angle_deg"":342.5},{""word"":""computer mouse"",""x"":482.9,""y"":231.8,""cx"":540,""cy"":249.2,""angle_rad"":-0.488,""angle_deg"":332.1},{""word"":""microwave"",""x"":526.6,""y"":180.8,""cx"":565,""cy"":198.2,""angle_rad"":-0.615,""angle_deg"":324.8},{""word"":""reason"",""x"":157.6,""y"":329.8,""cx"":184,""cy"":347.2,""angle_rad"":-3.125,""angle_deg"":181},{""word"":""hammer"",""x"":506.3,""y"":248.8,""cx"":537,""cy"":266.2,""angle_rad"":-0.421,""angle_deg"":335.9},{""word"":""spoon"",""x"":541.9,""y"":176.8,""cx"":566,""cy"":194.2,""angle_rad"":-0.625,""angle_deg"":324.2},{""word"":""fate"",""x"":272.3,""y"":14.8,""cx"":289,""cy"":32.2,""angle_rad"":-1.76,""angle_deg"":259.1},{""word"":""arm"",""x"":629.9,""y"":482.8,""cx"":647,""cy"":500.2,""angle_rad"":0.468,""angle_deg"":26.8},{""word"":""rat"",""x"":196.8,""y"":623.8,""cx"":210,""cy"":641.2,""angle_rad"":2.019,""angle_deg"":115.7},{""word"":""excited"",""x"":229.8,""y"":242.8,""cx"":257,""cy"":260.2,""angle_rad"":-2.374,""angle_deg"":224},{""word"":""ear"",""x"":561.9,""y"":410.8,""cx"":577,""cy"":428.2,""angle_rad"":0.332,""angle_deg"":19},{""word"":""society"",""x"":183.2,""y"":260.8,""cx"":210,""cy"":278.2,""angle_rad"":-2.668,""angle_deg"":207.2},{""word"":""toothbrush"",""x"":518.9,""y"":168.8,""cx"":557,""cy"":186.2,""angle_rad"":-0.669,""angle_deg"":321.6},{""word"":""process"",""x"":118.5,""y"":291.8,""cx"":148,""cy"":309.2,""angle_rad"":-2.942,""angle_deg"":191.4},{""word"":""splendor"",""x"":187.2,""y"":204.8,""cx"":219,""cy"":222.2,""angle_rad"":-2.369,""angle_deg"":224.3},{""word"":""air conditioner"",""x"":549,""y"":128.8,""cx"":598,""cy"":146.2,""angle_rad"":-0.688,""angle_deg"":320.6},{""word"":""tortoise"",""x"":190.1,""y"":642.8,""cx"":218,""cy"":660.2,""angle_rad"":1.973,""angle_deg"":113},{""word"":""status"",""x"":-9.7,""y"":409.8,""cx"":14,""cy"":427.2,""angle_rad"":2.916,""angle_deg"":167.1},{""word"":""trauma"",""x"":265.2,""y"":31.8,""cx"":292,""cy"":49.2,""angle_rad"":-1.761,""angle_deg"":259.1},{""word"":""death"",""x"":300.5,""y"":25.8,""cx"":323,""cy"":43.2,""angle_rad"":-1.659,""angle_deg"":265},{""word"":""happy"",""x"":71.9,""y"":139.8,""cx"":96,""cy"":157.2,""angle_rad"":-2.492,""angle_deg"":217.2},{""word"":""identity"",""x"":71.8,""y"":163.8,""cx"":99,""cy"":181.2,""angle_rad"":-2.55,""angle_deg"":213.9},{""word"":""marriage"",""x"":86.4,""y"":90.8,""cx"":119,""cy"":108.2,""angle_rad"":-2.333,""angle_deg"":226.3},{""word"":""error"",""x"":77.2,""y"":295.8,""cx"":97,""cy"":313.2,""angle_rad"":-2.997,""angle_deg"":188.3},{""word"":""ankle"",""x"":564.3,""y"":467.8,""cx"":586,""cy"":485.2,""angle_rad"":0.52,""angle_deg"":29.8},{""word"":""tiger"",""x"":300.4,""y"":655.8,""cx"":319,""cy"":673.2,""angle_rad"":1.666,""angle_deg"":95.5},{""word"":""apathy"",""x"":79,""y"":196.8,""cx"":105,""cy"":214.2,""angle_rad"":-2.635,""angle_deg"":209},{""word"":""disease"",""x"":351.9,""y"":124.8,""cx"":381,""cy"":142.2,""angle_rad"":-1.423,""angle_deg"":278.5},{""word"":""broom"",""x"":612.2,""y"":239.8,""cx"":637,""cy"":257.2,""angle_rad"":-0.313,""angle_deg"":342.1},{""word"":""sad"",""x"":314.7,""y"":102.8,""cx"":331,""cy"":120.2,""angle_rad"":-1.653,""angle_deg"":265.3},{""word"":""key"",""x"":541.1,""y"":139.8,""cx"":557,""cy"":157.2,""angle_rad"":-0.75,""angle_deg"":317},{""word"":""heaven"",""x"":141,""y"":234.8,""cx"":169,""cy"":252.2,""angle_rad"":-2.646,""angle_deg"":208.4},{""word"":""obligation"",""x"":357,""y"":95.8,""cx"":392,""cy"":113.2,""angle_rad"":-1.395,""angle_deg"":280.1},{""word"":""data"",""x"":67.4,""y"":283.8,""cx"":86,""cy"":301.2,""angle_rad"":-2.959,""angle_deg"":190.5},{""word"":""loving heart"",""x"":125.8,""y"":182.8,""cx"":167,""cy"":200.2,""angle_rad"":-2.456,""angle_deg"":219.3},{""word"":""content"",""x"":115,""y"":202.8,""cx"":143,""cy"":220.2,""angle_rad"":-2.582,""angle_deg"":212.1},{""word"":""phenomenon"",""x"":31.1,""y"":387.8,""cx"":77,""cy"":405.2,""angle_rad"":2.942,""angle_deg"":168.6},{""word"":""cabinet"",""x"":560.4,""y"":144.8,""cx"":588,""cy"":162.2,""angle_rad"":-0.668,""angle_deg"":321.7},{""word"":""miracle"",""x"":121.4,""y"":138.8,""cx"":149,""cy"":156.2,""angle_rad"":-2.374,""angle_deg"":224},{""word"":""fear"",""x"":276.9,""y"":87.8,""cx"":294,""cy"":105.2,""angle_rad"":-1.796,""angle_deg"":257.1},{""word"":""knee"",""x"":601.8,""y"":418.8,""cx"":622,""cy"":436.2,""angle_rad"":0.307,""angle_deg"":17.6},{""word"":""comfortable"",""x"":81.4,""y"":428.8,""cx"":123,""cy"":446.2,""angle_rad"":2.741,""angle_deg"":157},{""word"":""debt"",""x"":381.4,""y"":29.8,""cx"":400,""cy"":47.2,""angle_rad"":-1.407,""angle_deg"":279.4},{""word"":""elephant"",""x"":252.1,""y"":639.8,""cx"":284,""cy"":657.2,""angle_rad"":1.782,""angle_deg"":102.1},{""word"":""effect"",""x"":119,""y"":463.8,""cx"":141,""cy"":481.2,""angle_rad"":2.581,""angle_deg"":147.9},{""word"":""discipline"",""x"":91.2,""y"":444.8,""cx"":125,""cy"":462.2,""angle_rad"":2.679,""angle_deg"":153.5},{""word"":""television"",""x"":499.8,""y"":81.8,""cx"":534,""cy"":99.2,""angle_rad"":-0.938,""angle_deg"":306.3},{""word"":""shoulder"",""x"":612.2,""y"":481.8,""cx"":644,""cy"":499.2,""angle_rad"":0.47,""angle_deg"":26.9},{""word"":""nose"",""x"":604.8,""y"":480.8,""cx"":625,""cy"":498.2,""angle_rad"":0.494,""angle_deg"":28.3},{""word"":""ax"",""x"":475.6,""y"":234.8,""cx"":488,""cy"":252.2,""angle_rad"":-0.616,""angle_deg"":324.7},{""word"":""scenery"",""x"":111.5,""y"":116.8,""cx"":141,""cy"":134.2,""angle_rad"":-2.34,""angle_deg"":225.9},{""word"":""panda"",""x"":285.5,""y"":602.8,""cx"":310,""cy"":620.2,""angle_rad"":1.718,""angle_deg"":98.4},{""word"":""fraud"",""x"":315.1,""y"":74.8,""cx"":336,""cy"":92.2,""angle_rad"":-1.625,""angle_deg"":266.9},{""word"":""table"",""x"":562.8,""y"":86.8,""cx"":583,""cy"":104.2,""angle_rad"":-0.812,""angle_deg"":313.5}],""n_words"":89,""words"":[""proud"",""refrigerator"",""rabbit"",""agreement"",""lips"",""scissors"",""giraffe"",""system"",""fault"",""friendship"",""method"",""ant"",""depressed"",""sofa"",""violence"",""chopsticks"",""concept"",""sparrow"",""chair"",""business"",""magic power"",""result"",""hostility"",""dispute"",""relationship"",""pencil"",""anger"",""team"",""washing machine"",""thigh"",""charity"",""finger"",""characteristic"",""cat"",""eye"",""bed"",""computer mouse"",""microwave"",""reason"",""hammer"",""spoon"",""fate"",""arm"",""rat"",""excited"",""ear"",""society"",""toothbrush"",""process"",""splendor"",""air conditioner"",""tortoise"",""status"",""trauma"",""death"",""happy"",""identity"",""marriage"",""error"",""ankle"",""tiger"",""apathy"",""disease"",""broom"",""sad"",""key"",""heaven"",""obligation"",""data"",""loving heart"",""content"",""phenomenon"",""cabinet"",""miracle"",""fear"",""knee"",""comfortable"",""debt"",""elephant"",""effect"",""discipline"",""television"",""shoulder"",""nose"",""ax"",""scenery"",""panda"",""fraud"",""table""],""distance_matrix"":[[0,0.8803733395438601,0.3253865088990406,0.849259941438583,0.7598970341873731,0.6099339185652299,0.35129255556720285,0.2839482810108872,0.6792730732082126,0.5065541775395123,0.26036421937435567,0.3021274466259278,0.7512915676941959,0.8812460980661636,0.7206181796425807,0.8891036898686822,0.2064592796497593,0.28879126020280776,0.8907963357065664,0.25839520049168213,0.1791327716260615,0.25799633326357196,0.7143318981699949,0.3097459549880038,0.33423851299770385,0.7791838263809583,0.679325222340322,0.2430049560343148,0.7707283061743745,0.6281780404801875,0.2609915484625606,0.6492630661219967,0.08139522742155993,0.30807676979376597,0.643765674487822,0.7389955566007226,0.7070416264896104,0.7763118308502037,0.21313238862781284,0.6916644453502202,0.7806633690621484,0.6989281726966207,0.7811958176469116,0.2754915227718866,0.378253115370714,0.6813433419188295,0.3208391211853465,0.7758577562416907,0.24765720335153768,0.4013679230698462,0.858663250871667,0.30555048980523164,0.15841666337843344,0.6774374188560145,0.7042158354963388,0.46649634379622923,0.43103323150969786,0.5379472097464836,0.2376175970891762,0.6908816896205222,0.41341067878272075,0.38220709534339814,0.6261046268607654,0.8309120982812104,0.6103558462296216,0.8000205959750349,0.33625059333688245,0.6696474590826551,0.2571431101658759,0.41027843787648416,0.37577237327236296,0.11370404935985355,0.8333326765493708,0.4702618769699513,0.6035912052360364,0.7461353595650364,0.04324131477858974,0.7554451009573243,0.36038026352335234,0.036935788470438435,0.02359335481680433,0.8272160556836156,0.7767269119467152,0.7487551752260403,0.6383255038353409,0.5013263147808286,0.3532548174404091,0.6494977306177544,0.8775404063308584],[0.8803733395438601,0,0.8180484769321379,0.16578000655446995,0.3947683693100025,0.6603555630264701,0.8541431303415878,0.9008726411709063,0.6239779543729735,0.7642964876974981,0.8831534075037141,0.827427811727361,0.4697518121066818,0.17566554484561558,0.48418623848272785,0.03300759344249122,0.9638695750008028,0.8468833700891027,0.16772221240888982,0.6378983930463846,0.7204423091508775,0.7067682123176222,0.4286875517728706,0.5698266585932433,0.5789098170960318,0.0969686977921131,0.364150783031411,0.6370702674697364,0.12461625517874778,0.44672195136646337,0.6147338358064512,0.37758637207026896,0.8234069342970594,0.8120159052695063,0.3743377382134513,0.1441083973915116,0.17020617935853485,0.12428136959995116,0.7127215885812624,0.184059722165056,0.12370163837691765,0.5891197372007343,0.42325859454496584,0.9040456295673301,0.5809228524129748,0.33569530121354857,0.653075028293612,0.1390602759507919,0.7508052866751391,0.6322588027729766,0.1173465420182914,0.9155918039417732,0.9866223302057516,0.5745647481680215,0.5371498418927273,0.8163809386540096,0.8094443343614366,0.7929430745153672,0.825546101160999,0.4125825493312134,0.8350527920185865,0.7996148490693906,0.4057867954701089,0.06928863719595854,0.4851073682047438,0.1545802253653632,0.7082934331503776,0.4028426683050961,0.838437626734614,0.7085480772384095,0.7438862183442854,0.888513349760833,0.11209497494098179,0.7389839291550144,0.5434627869691343,0.33200098179801263,0.8476052806895974,0.43580981655928547,0.8477549149565533,0.8464567873494827,0.8548388232450554,0.2325318591876327,0.42188739118048685,0.42210525627058326,0.24462317401565478,0.7547010489563223,0.7814708435285033,0.4907749125286921,0.18007719058529417],[0.3253865088990406,0.8180484769321379,0,0.7258553724620437,0.5575543312899681,0.3190209773908891,0.038391770937187965,0.5971385464634879,0.8647214842157773,0.756532127086523,0.570852524970049,0.020474402619653137,0.8749293915764959,0.8857160281777111,0.8518040878051967,0.8125649586855558,0.5361015122736528,0.04260516749679602,0.8912392054181194,0.40872041263135156,0.22437119911502393,0.48310606467793044,0.8243318463637285,0.3904458080309394,0.4684245547551159,0.7214447957686293,0.7614448663506975,0.3626325064741301,0.6901991659966232,0.4273410873677917,0.3335896589192754,0.47786606960725975,0.24763578350071158,0.01377290711761633,0.4761246980471512,0.6700768985565169,0.6698830436923922,0.7525915481414251,0.4305467291409444,0.6468752775537022,0.7583063973797406,0.8702536611239631,0.566329279955145,0.10030681119127376,0.5359935687896908,0.5209752495044843,0.5186898739674114,0.7610285586967794,0.5015719096928916,0.5975209789042161,0.8431230952005495,0.09861461229886932,0.4846525424308469,0.8453423469585348,0.8563051042341577,0.7374387683612168,0.7030270741840537,0.7942862157340826,0.5296935156501699,0.491330913846909,0.08401823303307644,0.6548293591649192,0.7237231692864275,0.7512815591800497,0.744532816680864,0.7974550349464917,0.5703433450633594,0.7687952934083184,0.5531034635453033,0.6447617017568777,0.626736609862748,0.4376341687487293,0.8153917046937237,0.714127423436756,0.7631008006909151,0.5712805638029714,0.34762987622203617,0.8661599544982488,0.03984869212644307,0.2917341874646641,0.32819423753632,0.8568008379425655,0.5626489022046108,0.536888448706679,0.62583039939679,0.7484466748435282,0.04064314803002041,0.7862355178676748,0.8840210032899924],[0.849259941438583,0.16578000655446995,0.7258553724620437,0,0.2335549709728152,0.5198698683797232,0.757190691838651,0.9240621109427083,0.7335792860930918,0.8357064130290817,0.9028435114222432,0.7393718969842713,0.5983926632338914,0.339905624408399,0.6059907185465282,0.13375017752940557,0.9670348436652106,0.7610511439001959,0.3338867058936389,0.636053848840454,0.6738085620477229,0.721871884192324,0.5495614981250686,0.5594088731983456,0.5928292636400204,0.1596251389163233,0.47324072892702873,0.6226957338578252,0.11462283602097513,0.3135144029295455,0.5905414964856879,0.2493266414942884,0.7806674979589459,0.723165011134145,0.24905413497530662,0.14990256188745077,0.21912453649993027,0.23822802746996297,0.7151717394442606,0.2121574791342627,0.24176677513333023,0.7037292796965433,0.25837876431561313,0.8211758515510004,0.6139515787631391,0.20452538787357183,0.6792872960931309,0.25928123402234093,0.7675099954336775,0.6791656018496536,0.2779843761791046,0.8278251960027535,0.9762413176441314,0.6853336781086667,0.6543473427378261,0.8780989047248646,0.8647189977522275,0.8690607169142158,0.8423463232238613,0.265706087328919,0.7272610845475606,0.8456945001892637,0.5004540233725572,0.10588424800697974,0.5800861236696945,0.29309856717988675,0.7436768201866634,0.5111175705179166,0.8589974579731329,0.76096503424018,0.7891655597071412,0.879878597782608,0.26302627107161064,0.8039452404997953,0.6381826046525793,0.17762694035844515,0.8239667011969305,0.566115337731951,0.7491739596178809,0.8112942980264615,0.8265661607275796,0.38294397608511355,0.25760510209202997,0.26214862379488707,0.2866916379385027,0.825421109763387,0.6849278467139176,0.5960545653279504,0.3434664060485544],[0.7598970341873731,0.3947683693100025,0.5575543312899681,0.2335549709728152,0,0.29563602180370374,0.5805517363163122,0.9062896895071311,0.8469836367909359,0.8902819941150873,0.8814229862092572,0.5761338158098437,0.7461396783455407,0.5508296343862176,0.7442139171869754,0.36795566726879153,0.918936588290605,0.5996978323332155,0.5479111127932731,0.6072072610588982,0.5761189277509622,0.7075942099747391,0.6910246393143294,0.5289673701835144,0.591496366329585,0.3458304420118736,0.6083349977160726,0.5777097915908422,0.2897840699228879,0.1297485410411738,0.5356636078617403,0.11494861804621176,0.6794769063037249,0.5597780929101894,0.1225852273478316,0.3031544940740969,0.36147121719745723,0.42184684586174115,0.6838486463970962,0.3401940966816249,0.4272284839617558,0.8258051379957182,0.031244188120762684,0.6607942474693063,0.6358429466208865,0.10770752581757942,0.6845437322046463,0.4418152031625642,0.751448826946499,0.7125588517763461,0.489105341002837,0.6604286971944132,0.9087696553250154,0.8033796292967084,0.7830970299576137,0.9166963503300828,0.8951635759117857,0.9282168687811012,0.8207726472420142,0.06484264651767672,0.537245587984462,0.8645946655062914,0.6152135269345081,0.3232707040581964,0.686221287610401,0.48321241733269094,0.7554607424141618,0.6408755367898135,0.8415471247799441,0.7946568065402843,0.8109127137848687,0.8202172643520971,0.46755042386670814,0.8516816669063376,0.7385884877684228,0.06203291571443688,0.7468461843043647,0.7182896560824314,0.5706891104219672,0.718718607355228,0.7427099406089117,0.5741204638635332,0.02762939524397372,0.024311344401157543,0.39261670880152605,0.8796830679744511,0.5129333327841965,0.713752903434348,0.5530336974467356],[0.6099339185652299,0.6603555630264701,0.3190209773908891,0.5198698683797232,0.29563602180370374,0,0.32613233883911025,0.8348725707970858,0.9435490437161027,0.9114635548946954,0.8078283133652526,0.342941299739219,0.8923821730958986,0.7850155645374853,0.8797380651024153,0.6413609128008746,0.8071136353006629,0.3662082288366555,0.785819960511101,0.56561329999449,0.4451820280634613,0.665918428306725,0.8358710247669578,0.5049453208806625,0.5886849854266182,0.584828384501329,0.7567351506554647,0.5214397620436206,0.5359935687896908,0.20927177827544752,0.47688844523510227,0.2785612310011008,0.5239647944699386,0.32880092124033217,0.2825329064325272,0.53261443590402,0.565908892672201,0.6449214568408087,0.6239607606769941,0.5405960202759286,0.6509550620837,0.9346251422759712,0.28879126020280776,0.42181643434299637,0.6523334892280932,0.3200678203803228,0.6715873789332165,0.6607942474693064,0.7007370140755842,0.7297878237806774,0.7286021957307616,0.4115892158006913,0.7725869848314421,0.9095857520341667,0.9038136613602665,0.9155248547174741,0.8859393605307035,0.9514587042869679,0.7537710262826768,0.24956484507285984,0.26726871034700095,0.84411821065491,0.7410043757555543,0.5864835760865864,0.7922598048744293,0.7031125973172752,0.7396115512773418,0.7790790229423983,0.7774278982450407,0.8007965879786001,0.8002059354119012,0.7032591843647706,0.7027154381850936,0.8684432079704013,0.8313776411558874,0.3385383685085906,0.6153913543831329,0.8722748605640993,0.3145691466712232,0.5696869465259727,0.6025401051648742,0.7849922960033955,0.2865654761295435,0.26801891818967655,0.5587354186647079,0.9015372305533564,0.2755686753164041,0.8293182366400221,0.7855368736903381],[0.35129255556720285,0.8541431303415878,0.038391770937187965,0.757190691838651,0.5805517363163122,0.32613233883911025,0,0.6290979487021673,0.9071767585519792,0.7960092222615944,0.6031556905894101,0.049750150214893735,0.9179530532785352,0.9255970492641115,0.8948452096560617,0.8475837210452876,0.5623687657194664,0.057866826723132626,0.9309009819447313,0.450164151315951,0.26439161232948794,0.5222568018068121,0.8673010890366435,0.4333077413907947,0.5108455980480053,0.758483455895684,0.8041577438470446,0.40440194290822573,0.7257665932759526,0.45299752400388393,0.3761500561893119,0.5067507678689642,0.27794995692095603,0.05423438836424906,0.5055319577985887,0.7066998423543961,0.7086071780426298,0.7915800212043385,0.46936890327483693,0.6853086143611123,0.7973404900900353,0.9129901210214988,0.5870756813942242,0.09486217265749172,0.5782422050983349,0.5505260130993268,0.5595156892107432,0.8004570156993046,0.5391331189113255,0.6389219750836462,0.8821289671139606,0.08082810202093414,0.5069599584362545,0.8881066591622068,0.8992634367946859,0.7752814764728038,0.7406332104089184,0.833465515258348,0.5641900369450976,0.5158735519750979,0.06333313784815889,0.6921423631963687,0.7666696898680921,0.7864555108151312,0.7875463731561283,0.8373369620410038,0.6098143197207904,0.811714099477351,0.5873459522067767,0.6846754527202294,0.6655443840498335,0.4662967198744698,0.854388511314661,0.7538223282908834,0.8058944361396718,0.598184721410922,0.37736009329353476,0.9091091927801698,0.007204230325736433,0.3203073855111114,0.35679772110822294,0.897869346273644,0.5835876091935776,0.5586049486698332,0.6661488775478677,0.7880755620823553,0.0681543482371936,0.8292547298749406,0.9240050833346418],[0.2839482810108872,0.9008726411709063,0.5971385464634879,0.9240621109427083,0.9062896895071311,0.8348725707970858,0.6290979487021673,0,0.49290830752848397,0.2725438141187845,0.022460839623865372,0.5764519568540292,0.618465633390562,0.8434557796889854,0.5846651773178311,0.9206797883110278,0.11858063603343512,0.5673089820156269,0.855495000836085,0.2946517901587484,0.38960165318139406,0.19832067798085767,0.6006681665866416,0.37352764984208126,0.326590288163734,0.8086593173218647,0.5993668836174816,0.32571383459337,0.8203535249499426,0.7895684796847757,0.3698998878399949,0.7869362762248254,0.34663132852638073,0.578855639755938,0.7796056564036259,0.7837594518826569,0.7305218059033838,0.7771417726617398,0.2181952469304223,0.7242912792838798,0.7796690491439858,0.5247513972696154,0.9350059484528697,0.5621781175556798,0.31538409771020814,0.8062357301030694,0.24347149245482552,0.7690034811397937,0.15275056724873182,0.27629287358281335,0.8412788539347652,0.5924488040986531,0.19518123742164936,0.5099931169634346,0.5493118149197013,0.2118581598380255,0.1814296625686536,0.2913254729773949,0.08090393595252662,0.8430363973421444,0.6855419852820146,0.14506439672018423,0.5415763665494369,0.8718433718999663,0.4913243762782309,0.7788666150972665,0.1920191613576847,0.5746785645005145,0.060855499952669014,0.22529903136919965,0.17943833108054974,0.1664698658859976,0.8212373621701694,0.2520905289617804,0.4584816133092646,0.8732849464192437,0.2485808111228489,0.6348245772164474,0.6367821929611205,0.30644119065844794,0.2708542161372706,0.7734611830722444,0.9303566840551203,0.9034709537809517,0.6539864194245484,0.27198176142376607,0.6158269904345173,0.5198018639454856,0.8383876276963345],[0.6792730732082126,0.6239779543729735,0.8647214842157773,0.7335792860930918,0.8469836367909359,0.9435490437161027,0.9071767585519792,0.49290830752848397,0,0.22647579722726902,0.4937764567925189,0.8554623295070591,0.16884720198657915,0.4852728552632794,0.14235428957858823,0.6576161777976925,0.6096612695998803,0.8600730522248359,0.4985245042401049,0.4567818641882444,0.6446152250650888,0.4172631840084168,0.19307151701996525,0.47155564372951503,0.391683103833511,0.5721431839967338,0.2574072052829751,0.499908075441905,0.6147460507338663,0.7886411852968824,0.5265124161363457,0.7448083173365015,0.6867936367546371,0.8483139089528128,0.7366066583764308,0.5817104638169345,0.5114297166281986,0.5018109833059541,0.4664068676720119,0.5235720768880188,0.5003769841492937,0.036935788470438435,0.8827479143916718,0.888011011552491,0.32474072570906026,0.7356363845989846,0.358968128411941,0.4832367865508689,0.42975624476622143,0.27570364117929813,0.5165541751000635,0.9149667549709936,0.6753187005482911,0.04477402494631923,0.08708572565130077,0.296182623355361,0.3150056236967125,0.22943107789037107,0.46863869610858694,0.8102843006961792,0.9357785912103365,0.3433390861917385,0.23075711458868342,0.6365867003230398,0.15611368527182737,0.46550427328442245,0.34053243043036946,0.2187619928192235,0.4622585422130915,0.2732720055265208,0.31672878911100977,0.6015834644414098,0.5105808242141381,0.23668786068349257,0.10780368063781161,0.7875463731561283,0.6313859509015977,0.20035530373024707,0.9090062801195099,0.6729860416610975,0.6528235577808233,0.40727983078838714,0.8788002014702997,0.8601067992213106,0.45604812901378844,0.2231408636378522,0.856997797193526,0.13296701405239164,0.4792148960365628],[0.5065541775395123,0.7642964876974981,0.756532127086523,0.8357064130290817,0.8902819941150873,0.9114635548946954,0.7960092222615944,0.2725438141187845,0.22647579722726902,0,0.278988339022707,0.7417461527330248,0.3792679510717188,0.6609225486107934,0.34644667071289187,0.7924008449849527,0.39446518124748786,0.7404170954505055,0.674057034767117,0.3511710736808565,0.5275308932933894,0.269217344153537,0.3792003788312742,0.4021318708674848,0.31821939092511103,0.6896311810668511,0.4085870426539869,0.3986033155974211,0.7188127333487302,0.8012071047611232,0.4386008351582378,0.7748989019272295,0.537111937723422,0.7385463143257779,0.7666584796093387,0.6820614249316354,0.615976778548265,0.6354175564806726,0.3224291415525572,0.6193011292977457,0.6359796191776749,0.26372793334273276,0.9241109889626339,0.7547010489563223,0.2574690640857212,0.7791066041533743,0.23929371274530628,0.6212382238494282,0.2592198000466282,0.17851422274643472,0.6764860012873681,0.7840842877445986,0.46686553986318163,0.25509142964537806,0.2999210519777858,0.0650910548435889,0.08713284177495759,0.035345955063990936,0.2701471509259739,0.839214154219381,0.8382901851522455,0.12649229425383704,0.35746393952051186,0.7566726876314945,0.2838958448043496,0.6170677477350693,0.18155740429180975,0.37403246348698116,0.2568828810698353,0.10851268698737868,0.12819550399108068,0.4085661179674128,0.6630367674023597,0.038766809671676776,0.23199352569256337,0.8409785451759029,0.46028674496537875,0.4036323155218533,0.8005496405231791,0.5114862598138425,0.48369735741219555,0.5837511152668797,0.91967589139199,0.896324358160692,0.5444734451102516,0.005952813386377976,0.7603436282719553,0.2961071651782845,0.6551341264670019],[0.26036421937435567,0.8831534075037141,0.570852524970049,0.9028435114222432,0.8814229862092572,0.8078283133652526,0.6031556905894101,0.022460839623865372,0.4937764567925189,0.278988339022707,0,0.5503390866698332,0.6133659850666737,0.8301174900180239,0.5796774834066344,0.9022418548052257,0.11161255826577716,0.5415031489927002,0.8419940539544157,0.27030443366328066,0.36251772031047175,0.17634161219608857,0.5932591943615328,0.34937819000221265,0.30557574991839365,0.7899562332243277,0.5884385605588095,0.3001055283199806,0.8003549818199956,0.763929539346834,0.3440279209849293,0.7621795559467783,0.3208889268752015,0.5525450901660132,0.7549059849359483,0.7639281330775471,0.7118728417772068,0.7603718849479643,0.19296215811885575,0.7049854063249007,0.7630501187228049,0.5241630877740225,0.9098895323512138,0.5374370294344293,0.29851251119733135,0.7820755620396114,0.22548227031217957,0.7527842123342794,0.13068618423737988,0.26495345268296455,0.8262267136285105,0.5677321176052634,0.18366411121319606,0.5083523822519982,0.5463695625072523,0.22217561625741394,0.1897028293534374,0.30084231969905323,0.05650343593605981,0.8178290496681185,0.6591810642387035,0.14860334057617283,0.530574696537761,0.8526025495307514,0.4834693405817165,0.7638353136148944,0.17948529522243015,0.5650539074263444,0.040066761757448846,0.22100995364535717,0.1752094153422364,0.14414472141189325,0.8056743853324098,0.2548374735787086,0.4533658021362267,0.8491839936082307,0.22354381853391586,0.6284444222368322,0.6107283083663817,0.28139027438692643,0.24614477681825758,0.7612021653273104,0.9052402202064304,0.8782703026478296,0.6354445737833541,0.27742933244741186,0.5891452206186657,0.5134905882517543,0.8251450203970359],[0.3021274466259278,0.827427811727361,0.020474402619653137,0.7393718969842713,0.5761338158098437,0.342941299739219,0.049750150214893735,0.5764519568540292,0.8554623295070591,0.7417461527330248,0.5503390866698332,0,0.870469823963579,0.890379814217261,0.8466497917330162,0.8229891460286092,0.513089925795875,0.019284689873896928,0.8962343820164037,0.39708341583699547,0.21049099908815103,0.467953102232731,0.8206416943905265,0.383329303195329,0.45923771175199846,0.7299158453945641,0.7594784687963674,0.35174774384725904,0.7002189234850204,0.44484070947919285,0.3250850822781953,0.4933946575532394,0.2259139493215348,0.011788612609203358,0.4913243762782309,0.6790517902331633,0.6763828512554928,0.7586533934312575,0.4150208310543064,0.6537796196966991,0.7643007044766835,0.8621117571279449,0.5858927073377337,0.08001498044121086,0.5262132107491565,0.5359935687896908,0.5058602223617538,0.7664636753478047,0.48474972518367904,0.5857023327137032,0.8490890493193095,0.08401823303307644,0.46060279409728183,0.8373446639924995,0.849575052776613,0.7208893539354567,0.6862541401372547,0.7791424582766441,0.5104717292815099,0.5092680534394837,0.10663462804912548,0.6377873650248232,0.7203081419598545,0.7616141471218896,0.7385070472450064,0.8021789007034227,0.5555668140711865,0.7655857448462737,0.5337217561897987,0.6305459318095371,0.6111795287918392,0.4154043936755829,0.8213904644566693,0.699617583694125,0.7552844018963317,0.5878277507916904,0.32576944771359795,0.8626428050435915,0.055899530608867695,0.26934360456316697,0.30585695641128063,0.8594115951836786,0.5821361080219416,0.5560759192840448,0.6300131175928736,0.7338500917532391,0.06299844293564998,0.7802875485392168,0.8885242407125001],[0.7512915676941959,0.4697518121066818,0.8749293915764959,0.5983926632338914,0.7461396783455407,0.8923821730958986,0.9179530532785352,0.618465633390562,0.16884720198657915,0.3792679510717188,0.6133659850666737,0.870469823963579,0,0.3170917992484708,0.029198498373351665,0.5054789921185088,0.7247537468048668,0.8796219560427485,0.3301369209508746,0.4987392604877405,0.6746682727271337,0.4941037902401281,0.05210332329938941,0.4854256053615918,0.4230823807783838,0.4341183086014924,0.13435020649482549,0.5327592607053468,0.48342505311867606,0.7119814409421309,0.5462871730203651,0.6579131381194804,0.7394241917770479,0.8605141590586148,0.650194617540552,0.454866541253921,0.38674013825038267,0.3570368643814329,0.533804061046033,0.4044019429082257,0.3543403283263704,0.12787781952267271,0.781894195303501,0.9174925391936092,0.3690765651759181,0.6397275934492466,0.42812099854290225,0.3366435105771429,0.5200182110955268,0.3549630133681932,0.35501410384982324,0.94141279076305,0.7807005283518642,0.12447403493207658,0.07815626847547522,0.4472938847399654,0.45827386373179396,0.3916142392352301,0.5754970103345313,0.7209385120467278,0.9345860174894465,0.4749452471843911,0.149755632752994,0.493861020455972,0.13631908227494463,0.31097343140750183,0.43722342896124167,0.10871308373827196,0.5752081693637048,0.388525527693387,0.43442611641344553,0.6952733037608394,0.3533997423709987,0.37609044695204835,0.15539269557642083,0.6822140782148352,0.7047660494311693,0.029547945885361138,0.9175487975171177,0.7360158910889468,0.7233001365376024,0.2407955130741194,0.7784181626887148,0.7636032158954869,0.3497588407010604,0.3732181452587826,0.8584929682969975,0.09799522233375092,0.3110453362305117],[0.8812460980661636,0.17566554484561558,0.8857160281777111,0.339905624408399,0.5508296343862176,0.7850155645374853,0.9255970492641115,0.8434557796889854,0.4852728552632794,0.6609225486107934,0.8301174900180239,0.890379814217261,0.3170917992484708,0,0.33875560684014183,0.2131125361437526,0.9254006720490557,0.9067700947659252,0.0086643828836067,0.6214402353042101,0.7453042517134265,0.6673401494468945,0.2885554346616653,0.5683327539191083,0.5505557013487538,0.20137557387791577,0.24831177387314163,0.6339315370713225,0.2566472123796985,0.5738496191872623,0.6236305504694402,0.5059681858502314,0.8389566723456857,0.8763892254205885,0.5006572649293843,0.2500490711378096,0.21805940155892548,0.1358582994666274,0.6864856279464895,0.24321435200655747,0.12979678438180076,0.44644170286151597,0.5827638762463057,0.9588178430782968,0.5313899106220883,0.47047120926211555,0.6052114249051643,0.12234715119194443,0.7070780737766686,0.5630926448816975,0.05776300790621353,0.9752369869979672,0.9617167283336551,0.43682210008505645,0.39405876465013184,0.7212840144996149,0.7214849855233325,0.6834450806592222,0.7779970736234724,0.5540502568515657,0.9187469880739495,0.7219090751298628,0.30307020850873484,0.23061014627365625,0.37238200213162054,0.08361505759195904,0.6468138945846459,0.282291937447604