"trial_id","rt","stimulus","response","trial_type","trial_index","plugin_version","time_elapsed","participant_number","success","raw_payload","placements","dissimilarity_vector","n_words","trial_category","distance_matrix","value"
"consent_form","64234","
    <div style=""max-width:800px; margin:0 auto; text-align:left; font-size: 16px; padding: 10px 0;"">
      <h1>Informed Consent Form</h1>
      <p>You are being invited to participate in a research study titled <strong>""Reproducibility of Psychological Science and Instruction.""</strong> This study is being done by Dr. Bria Long from UC San Diego and associated graduate students in the Experimental Methods course. You were selected to participate in this study because you are an adult in the U.S. and have been a represented population in previous psychology studies.</p>
      
      <p>The purpose of this study is to better understand how well previously published studies in the psychological field replicate online and with different populations. Your participation in this research should last approximately <strong>5-30 minutes</strong>. If you agree to take part in this study, you may be asked to view a set of stimuli, including pictures, sounds, written text, or videos and then giving some responses via key-presses, verbally, or with paper-and-pencil. We may also observe your choices or preferences among an array of stimuli. These stimuli will be taken directly from or closely adapted from studies that already exist in the published psychological literature. Stimuli will include, e.g., pictures of objects and human faces, audio and video clips, short text passages, etc. None of the stimuli will be disturbing, threatening, or offensive. The online and in-person experiments described in this protocol will take no more than 30 minutes. An example game you might play would be to click on an image on the screen that matches a word you hear being said out loud. Your total expected time commitment for this study is between 5-30 minutes, and is specified in the study description.</p>
      
      <p>Your participation in this study is completely voluntary and you can withdraw at any time. Choosing not to participate or withdrawing will result in no penalty or loss of benefits to which you are entitled. You are free to skip any question that you choose.</p>
      
      <p>We will not be asking for any personally identifying information, and we will handle responses as confidentially as possible. Your SONA or Prolific IDs will never be tied to your responses on this survey. However, we cannot guarantee the confidentiality of information transmitted over the Internet. To minimize this risk, data containing anything that might be personally identifying (e.g. Prolific IDs or IP addresses) will be encrypted on transfer and storage and will only be accessible to qualified lab personnel. We will be keeping data collected as part of this experiment indefinitely. This anonymized data (containing neither Prolific IDs nor IP addresses) may be shared with the scientific community or with other participants to be used as stimuli in future studies.</p>
      
      <p>If you have questions about this project or if you have a research-related problem, you may contact the researcher(s), <strong>Dr. Bria Long, <a href=""mailto:brlong@ucsd.edu"">brlong@ucsd.edu</a></strong>. If you have any questions concerning your rights as a research subject, you may contact the UC San Diego Office of IRB Administration at <a href=""mailto:irb@ucsd.edu"">irb@ucsd.edu</a> or 858-246-4777.</p>
      
      <h3 style=""margin-top: 25px;"">Consent Statement</h3>
      <p style=""font-weight: bold;"">By participating in this research you are indicating that you are at least 18 years old, have read this consent form, and agree to participate in this research study. Please keep this consent form for your records.</p>
    </div>
  ","0","html-button-response","0","2.1.0","64237","4k1vhb427r_evtz0w","","","","","","","",""
"","35132","","{""participant_date"":""11/25/2025"",""participant_time"":""12:20 PM""}","survey-html-form","1","2.1.0","99371","4k1vhb427r_evtz0w","","","","","","","",""
"","8587","
    <div style=""display:flex; align-items:center; justify-content:center; height:100vh; font-family:sans-serif;"">
      <div style=""max-width:900px; margin:0 auto; text-align:center;"">
        <h1 style= ""font-size: 24px;"">Welcome! Thank you for participating in the study.</h1>
        <h2 style= ""font-size: 22px;"">The study will be in Madarin Chinese.</h2>
        <h2 style= ""font-size: 22px;"">Please use desktop computers or laptops for the study. Tablets and phones are not allowed.</h2>
        <p style=""font-size:16px; margin-top:30px;""><em>Press any key to continue.</em></p>
      </div>
    </div>
  "," ","html-keyboard-response","2","2.1.0","107960","4k1vhb427r_evtz0w","","","","","","","",""
"","29262","
    <div style=""display:flex; align-items:center; justify-content:center; height:100vh; font-family:sans-serif;"">
      <div style=""max-width:900px; margin:0 auto; text-align:center;"">
        <p style=""font-size:18px; line-height:1.6;"">
          In this task, you will be presented with <strong>90 words</strong> arranged <strong>outside a circle</strong>.<br>
          Your job is to <strong>drag these words into the circle</strong> and <strong>rearrange them</strong> based on their <strong>meaning similarity</strong>.<br><br>
          Words that are <strong>similar in meaning</strong> should be placed <strong>closer together</strong>.<br>
          Words that are <strong>different in meaning</strong> should be placed <strong>farther apart</strong>.<br><br>
          You can place the words <strong>anywhere inside the circle</strong>. There is no single correct answer — 
          we are interested in <strong>your personal judgment</strong> of how these words relate to each other.<br><br>
          <strong>You must move all words into the circle before you can finish.</strong><br>
          After the initial arrangement, you will arrange words from specific categories.
        </p>
        <p style=""font-size:16px; margin-top:30px;""><em>Press any key to continue.</em></p>
      </div>
    </div>
  "," ","html-keyboard-response","3","2.1.0","137224","4k1vhb427r_evtz0w","","","","","","","",""
"","7110","","","fullscreen","4","2.1.0","145338","4k1vhb427r_evtz0w","true","{""placements"":[{""word"":""骄傲"",""x"":376.7,""y"":426.8,""cx"":396,""cy"":444.2,""angle_rad"":1.116,""angle_deg"":64},{""word"":""冰箱"",""x"":418.7,""y"":373.8,""cx"":438,""cy"":391.2,""angle_rad"":0.438,""angle_deg"":25.1},{""word"":""兔子"",""x"":451.7,""y"":165.8,""cx"":471,""cy"":183.2,""angle_rad"":-0.943,""angle_deg"":306},{""word"":""反感"",""x"":370.7,""y"":502.8,""cx"":390,""cy"":520.2,""angle_rad"":1.34,""angle_deg"":76.8},{""word"":""协议"",""x"":106.7,""y"":366.8,""cx"":126,""cy"":384.2,""angle_rad"":2.99,""angle_deg"":171.3},{""word"":""嘴唇"",""x"":306.7,""y"":376.8,""cx"":326,""cy"":394.2,""angle_rad"":2.068,""angle_deg"":118.5},{""word"":""剪刀"",""x"":537.7,""y"":156.8,""cx"":557,""cy"":174.2,""angle_rad"":-0.704,""angle_deg"":319.7},{""word"":""长颈鹿"",""x"":101.6,""y"":344.8,""cx"":128,""cy"":362.2,""angle_rad"":3.087,""angle_deg"":176.9},{""word"":""制度"",""x"":344.7,""y"":380.8,""cx"":364,""cy"":398.2,""angle_rad"":1.288,""angle_deg"":73.8},{""word"":""过失"",""x"":78.7,""y"":355.8,""cx"":98,""cy"":373.2,""angle_rad"":3.05,""angle_deg"":174.7},{""word"":""友情"",""x"":423.7,""y"":302.8,""cx"":443,""cy"":320.2,""angle_rad"":-0.31,""angle_deg"":342.2},{""word"":""方法"",""x"":93.7,""y"":395.8,""cx"":113,""cy"":413.2,""angle_rad"":2.881,""angle_deg"":165.1},{""word"":""蚂蚁"",""x"":392.7,""y"":410.8,""cx"":412,""cy"":428.2,""angle_rad"":0.9,""angle_deg"":51.6},{""word"":""沮丧"",""x"":563.7,""y"":182.8,""cx"":583,""cy"":200.2,""angle_rad"":-0.571,""angle_deg"":327.3},{""word"":""沙发"",""x"":153.7,""y"":380.8,""cx"":173,""cy"":398.2,""angle_rad"":2.876,""angle_deg"":164.8},{""word"":""暴力"",""x"":524.7,""y"":194.8,""cx"":544,""cy"":212.2,""angle_rad"":-0.618,""angle_deg"":324.6},{""word"":""筷子"",""x"":366.7,""y"":411.8,""cx"":386,""cy"":429.2,""angle_rad"":1.144,""angle_deg"":65.6},{""word"":""概念"",""x"":155.7,""y"":559.8,""cx"":175,""cy"":577.2,""angle_rad"":2.227,""angle_deg"":127.6},{""word"":""麻雀"",""x"":155.7,""y"":597.8,""cx"":175,""cy"":615.2,""angle_rad"":2.154,""angle_deg"":123.4},{""word"":""椅子"",""x"":128.7,""y"":568.3,""cx"":148,""cy"":585.7,""angle_rad"":2.279,""angle_deg"":130.6},{""word"":""买卖"",""x"":398.7,""y"":528.8,""cx"":418,""cy"":546.2,""angle_rad"":1.237,""angle_deg"":70.9},{""word"":""魔力"",""x"":365.7,""y"":592.8,""cx"":385,""cy"":610.2,""angle_rad"":1.437,""angle_deg"":82.3},{""word"":""结果"",""x"":344.7,""y"":526.8,""cx"":364,""cy"":544.2,""angle_rad"":1.499,""angle_deg"":85.9},{""word"":""敌意"",""x"":379.7,""y"":376.8,""cx"":399,""cy"":394.2,""angle_rad"":0.734,""angle_deg"":42},{""word"":""纠纷"",""x"":219.7,""y"":353.8,""cx"":239,""cy"":371.2,""angle_rad"":2.953,""angle_deg"":169.2},{""word"":""关系"",""x"":431.7,""y"":274.8,""cx"":451,""cy"":292.2,""angle_rad"":-0.52,""angle_deg"":330.2},{""word"":""铅笔"",""x"":580.7,""y"":468.8,""cx"":600,""cy"":486.2,""angle_rad"":0.499,""angle_deg"":28.6},{""word"":""愤怒"",""x"":121.7,""y"":542.3,""cx"":141,""cy"":559.7,""angle_rad"":2.354,""angle_deg"":134.9},{""word"":""团队"",""x"":592.7,""y"":315.8,""cx"":612,""cy"":333.2,""angle_rad"":-0.064,""angle_deg"":356.3},{""word"":""洗衣机"",""x"":328.6,""y"":431.8,""cx"":355,""cy"":449.2,""angle_rad"":1.52,""angle_deg"":87.1},{""word"":""大腿"",""x"":404.7,""y"":226.8,""cx"":424,""cy"":244.2,""angle_rad"":-0.96,""angle_deg"":305},{""word"":""慈善"",""x"":519.7,""y"":510.8,""cx"":539,""cy"":528.2,""angle_rad"":0.756,""angle_deg"":43.3},{""word"":""手指"",""x"":57.7,""y"":269.8,""cx"":77,""cy"":287.2,""angle_rad"":-2.915,""angle_deg"":193},{""word"":""性质"",""x"":95.7,""y"":510.8,""cx"":115,""cy"":528.2,""angle_rad"":2.493,""angle_deg"":142.8},{""word"":""猫"",""x"":567.9,""y"":485.8,""cx"":580,""cy"":503.2,""angle_rad"":0.588,""angle_deg"":33.7},{""word"":""眼睛"",""x"":453.7,""y"":158.8,""cx"":473,""cy"":176.2,""angle_rad"":-0.955,""angle_deg"":305.3},{""word"":""床"",""x"":419.9,""y"":264.8,""cx"":432,""cy"":282.2,""angle_rad"":-0.691,""angle_deg"":320.4},{""word"":""鼠标"",""x"":218.7,""y"":206.8,""cx"":238,""cy"":224.2,""angle_rad"":-2.298,""angle_deg"":228.3},{""word"":""微波炉"",""x"":321.6,""y"":406.8,""cx"":348,""cy"":424.2,""angle_rad"":1.598,""angle_deg"":91.5},{""word"":""原因"",""x"":388.7,""y"":626.8,""cx"":408,""cy"":644.2,""angle_rad"":1.376,""angle_deg"":78.8},{""word"":""锤子"",""x"":415.7,""y"":421.8,""cx"":435,""cy"":439.2,""angle_rad"":0.809,""angle_deg"":46.4},{""word"":""勺子"",""x"":124.7,""y"":388.8,""cx"":144,""cy"":406.2,""angle_rad"":2.875,""angle_deg"":164.7},{""word"":""缘分"",""x"":117.7,""y"":157.8,""cx"":137,""cy"":175.2,""angle_rad"":-2.454,""angle_deg"":219.4},{""word"":""胳膊"",""x"":380.7,""y"":141.8,""cx"":400,""cy"":159.2,""angle_rad"":-1.314,""angle_deg"":284.7},{""word"":""老鼠"",""x"":39.7,""y"":242.8,""cx"":59,""cy"":260.2,""angle_rad"":-2.842,""angle_deg"":197.1},{""word"":""兴奋"",""x"":61.7,""y"":332.8,""cx"":81,""cy"":350.2,""angle_rad"":3.141,""angle_deg"":180},{""word"":""耳朵"",""x"":428.7,""y"":148.8,""cx"":448,""cy"":166.2,""angle_rad"":-1.081,""angle_deg"":298.1},{""word"":""社会"",""x"":99.7,""y"":548.3,""cx"":119,""cy"":565.7,""angle_rad"":2.39,""angle_deg"":137},{""word"":""牙刷"",""x"":19.7,""y"":277.8,""cx"":39,""cy"":295.2,""angle_rad"":-2.967,""angle_deg"":190},{""word"":""过程"",""x"":178.7,""y"":333.8,""cx"":198,""cy"":351.2,""angle_rad"":3.134,""angle_deg"":179.5},{""word"":""光彩"",""x"":345.7,""y"":240.8,""cx"":365,""cy"":258.2,""angle_rad"":-1.409,""angle_deg"":279.3},{""word"":""空调"",""x"":166.7,""y"":404.8,""cx"":186,""cy"":422.2,""angle_rad"":2.727,""angle_deg"":156.2},{""word"":""乌龟"",""x"":577.7,""y"":485.8,""cx"":597,""cy"":503.2,""angle_rad"":0.555,""angle_deg"":31.8},{""word"":""地位"",""x"":125.7,""y"":93.8,""cx"":145,""cy"":111.2,""angle_rad"":-2.28,""angle_deg"":229.4},{""word"":""创伤"",""x"":561.7,""y"":461.8,""cx"":581,""cy"":479.2,""angle_rad"":0.51,""angle_deg"":29.2},{""word"":""死亡"",""x"":324.7,""y"":75.8,""cx"":344,""cy"":93.2,""angle_rad"":-1.594,""angle_deg"":268.7},{""word"":""快乐"",""x"":288.7,""y"":74.8,""cx"":308,""cy"":92.2,""angle_rad"":-1.732,""angle_deg"":260.7},{""word"":""身份"",""x"":98.7,""y"":151.8,""cx"":118,""cy"":169.2,""angle_rad"":-2.48,""angle_deg"":217.9},{""word"":""婚姻"",""x"":97.7,""y"":115.8,""cx"":117,""cy"":133.2,""angle_rad"":-2.392,""angle_deg"":222.9},{""word"":""错误"",""x"":511.7,""y"":121.8,""cx"":531,""cy"":139.2,""angle_rad"":-0.861,""angle_deg"":310.7},{""word"":""脚踝"",""x"":296.7,""y"":434.8,""cx"":316,""cy"":452.2,""angle_rad"":1.892,""angle_deg"":108.4},{""word"":""老虎"",""x"":75.7,""y"":246.8,""cx"":95,""cy"":264.2,""angle_rad"":-2.817,""angle_deg"":198.6},{""word"":""冷漠"",""x"":142.7,""y"":326.8,""cx"":162,""cy"":344.2,""angle_rad"":-3.111,""angle_deg"":181.8},{""word"":""疾病"",""x"":294.7,""y"":59.8,""cx"":314,""cy"":77.2,""angle_rad"":-1.702,""angle_deg"":262.5},{""word"":""扫帚"",""x"":187.7,""y"":388.8,""cx"":207,""cy"":406.2,""angle_rad"":2.767,""angle_deg"":158.5},{""word"":""难过"",""x"":124.7,""y"":108.8,""cx"":144,""cy"":126.2,""angle_rad"":-2.315,""angle_deg"":227.4},{""word"":""钥匙"",""x"":479.7,""y"":89.8,""cx"":499,""cy"":107.2,""angle_rad"":-1.02,""angle_deg"":301.5},{""word"":""天堂"",""x"":375.7,""y"":256.8,""cx"":395,""cy"":274.2,""angle_rad"":-1.035,""angle_deg"":300.7},{""word"":""义务"",""x"":197.7,""y"":306.8,""cx"":217,""cy"":324.2,""angle_rad"":-2.95,""angle_deg"":191},{""word"":""数据"",""x"":169.7,""y"":112.8,""cx"":189,""cy"":130.2,""angle_rad"":-2.203,""angle_deg"":233.8},{""word"":""爱心"",""x"":402.7,""y"":633.8,""cx"":422,""cy"":651.2,""angle_rad"":1.336,""angle_deg"":76.6},{""word"":""内容"",""x"":424.7,""y"":27.8,""cx"":444,""cy"":45.2,""angle_rad"":-1.272,""angle_deg"":287.1},{""word"":""现象"",""x"":442.7,""y"":101.8,""cx"":462,""cy"":119.2,""angle_rad"":-1.119,""angle_deg"":295.9},{""word"":""柜子"",""x"":119.7,""y"":519.8,""cx"":139,""cy"":537.2,""angle_rad"":2.416,""angle_deg"":138.4},{""word"":""奇迹"",""x"":532.7,""y"":479.8,""cx"":552,""cy"":497.2,""angle_rad"":0.63,""angle_deg"":36.1},{""word"":""恐惧"",""x"":524.7,""y"":435.8,""cx"":544,""cy"":453.2,""angle_rad"":0.489,""angle_deg"":28},{""word"":""膝盖"",""x"":532.7,""y"":124.8,""cx"":552,""cy"":142.2,""angle_rad"":-0.8,""angle_deg"":314.2},{""word"":""舒心"",""x"":521.7,""y"":459.8,""cx"":541,""cy"":477.2,""angle_rad"":0.588,""angle_deg"":33.7},{""word"":""债务"",""x"":167.7,""y"":518.8,""cx"":187,""cy"":536.2,""angle_rad"":2.29,""angle_deg"":131.2},{""word"":""大象"",""x"":387.7,""y"":278.8,""cx"":407,""cy"":296.2,""angle_rad"":-0.756,""angle_deg"":316.7},{""word"":""作用"",""x"":126.7,""y"":129.8,""cx"":146,""cy"":147.2,""angle_rad"":-2.359,""angle_deg"":224.8},{""word"":""纪律"",""x"":138.7,""y"":355.8,""cx"":158,""cy"":373.2,""angle_rad"":3.021,""angle_deg"":173.1},{""word"":""电视"",""x"":458.7,""y"":130.8,""cx"":478,""cy"":148.2,""angle_rad"":-1.006,""angle_deg"":302.4},{""word"":""肩膀"",""x"":465.7,""y"":139.8,""cx"":485,""cy"":157.2,""angle_rad"":-0.96,""angle_deg"":305},{""word"":""鼻子"",""x"":497.7,""y"":154.8,""cx"":517,""cy"":172.2,""angle_rad"":-0.817,""angle_deg"":313.2},{""word"":""斧头"",""x"":98.7,""y"":319.8,""cx"":118,""cy"":337.2,""angle_rad"":-3.086,""angle_deg"":183.2},{""word"":""风景"",""x"":177.7,""y"":361.8,""cx"":197,""cy"":379.2,""angle_rad"":2.953,""angle_deg"":169.2},{""word"":""熊猫"",""x"":383.7,""y"":387.8,""cx"":403,""cy"":405.2,""angle_rad"":0.806,""angle_deg"":46.2},{""word"":""骗局"",""x"":553.7,""y"":216.8,""cx"":573,""cy"":234.2,""angle_rad"":-0.479,""angle_deg"":332.6},{""word"":""桌子"",""x"":384.7,""y"":247.8,""cx"":404,""cy"":265.2,""angle_rad"":-1.004,""angle_deg"":302.5}],""n_words"":90,""words"":[""骄傲"",""冰箱"",""兔子"",""反感"",""协议"",""嘴唇"",""剪刀"",""长颈鹿"",""制度"",""过失"",""友情"",""方法"",""蚂蚁"",""沮丧"",""沙发"",""暴力"",""筷子"",""概念"",""麻雀"",""椅子"",""买卖"",""魔力"",""结果"",""敌意"",""纠纷"",""关系"",""铅笔"",""愤怒"",""团队"",""洗衣机"",""大腿"",""慈善"",""手指"",""性质"",""猫"",""眼睛"",""床"",""鼠标"",""微波炉"",""原因"",""锤子"",""勺子"",""缘分"",""胳膊"",""老鼠"",""兴奋"",""耳朵"",""社会"",""牙刷"",""过程"",""光彩"",""空调"",""乌龟"",""地位"",""创伤"",""死亡"",""快乐"",""身份"",""婚姻"",""错误"",""脚踝"",""老虎"",""冷漠"",""疾病"",""扫帚"",""难过"",""钥匙"",""天堂"",""义务"",""数据"",""爱心"",""内容"",""现象"",""柜子"",""奇迹"",""恐惧"",""膝盖"",""舒心"",""债务"",""大象"",""作用"",""纪律"",""电视"",""肩膀"",""鼻子"",""斧头"",""风景"",""熊猫"",""骗局"",""桌子""],""distance_matrix"":[[0,0.09685912834600899,0.42420441611179266,0.11068324778779981,0.43226883836568647,0.12639220280634275,0.4928970220133181,0.4381721931022623,0.0782585833213285,0.4800291541538333,0.2011670342227382,0.4452807176395972,0.024634271431151298,0.48175520796343074,0.3537923290004913,0.430023075137021,0.01725126362282325,0.4023297629148066,0.43683577772516147,0.4466213183476893,0.15580173854799415,0.2553488469071401,0.1568445181586523,0.06871488617933431,0.2662275516700199,0.24777366456041663,0.32262681610056265,0.43764856832180493,0.3781208702444871,0.05461203388882132,0.3124693422897573,0.254517805244692,0.5590019101200363,0.4590746904060605,0.29846845058695687,0.43588985386988266,0.2546871226751713,0.4230740082428199,0.07178079539015797,0.3099158972991418,0.05142659860741264,0.3973777663416217,0.5876974375555293,0.44581883718313686,0.6046158818884064,0.5159597953780694,0.44227702676969866,0.47382358750435194,0.6092492045854087,0.33943984936116195,0.2909850493778924,0.32723443672858304,0.3245556084436717,0.6576515638673747,0.2905293002360132,0.5578608392949019,0.5707055713121136,0.6159739858407123,0.6589436472318955,0.5236888847986662,0.11736460965970318,0.551254226410992,0.39677268020374273,0.591918684495711,0.297753234438912,0.6395820243790612,0.5539412065055368,0.2611896904752658,0.33422072816517095,0.5919869746803129,0.32318507841564764,0.63337516179555,0.5206266889885948,0.42700888352347793,0.25276996266870205,0.22631116055948322,0.5339137433817098,0.2270083781649529,0.3548482184690814,0.22652757034406423,0.6114423571848795,0.38696964803953426,0.48132426104337983,0.4706257693079322,0.46615802712248433,0.46644909275218066,0.3243409929923241,0.05191458563671584,0.42915020465004877,0.27591785635683735],[0.09685912834600899,0,0.3263552853751336,0.20924462591155724,0.4892380538727473,0.16815248247238224,0.3855615117054445,0.48807431142824953,0.10762367941289903,0.5348196474032408,0.10256031974419864,0.5111724192977194,0.06090077150700279,0.37322891361603416,0.4138197530147378,0.32222969037872967,0.0916922603252029,0.5053650746583352,0.542824894482003,0.548798615457418,0.23917074083527412,0.3499834117428557,0.2611141462605543,0.05109916682915093,0.30934258595600184,0.14858561229467224,0.2897567914707209,0.5364137158122009,0.28271300802439053,0.15084435528216322,0.22533487134698904,0.2615152356145423,0.5913293606436937,0.5514761530106801,0.27860619199944575,0.3379582005673994,0.1635375074630506,0.40653690536069753,0.14218019509746435,0.39725493067981554,0.06551064825378275,0.46083366942131504,0.5829828514428117,0.3656646002285649,0.6319697187359175,0.5651090539813239,0.3498230935748864,0.5719501083525045,0.6470340221091561,0.3788571300922938,0.2318383040331368,0.3958538838641483,0.3004887488357936,0.6388319314494593,0.25782659720787,0.48987285184469087,0.5116452507246885,0.6134547458111942,0.6493532165883634,0.4194708479950973,0.20725316889035125,0.5753980672916321,0.43770518645171613,0.530198917742701,0.3598781889473102,0.6236279057222032,0.4545653370432121,0.18839520264531212,0.3589895783949832,0.5673203350615538,0.4064352466580522,0.5437696078131797,0.4266034656748843,0.5224048527703912,0.2381776750029426,0.18542434557889373,0.42788600611787214,0.20369391876025247,0.45359454774263114,0.1487141633986804,0.5991044106486036,0.43867590194120176,0.38360776498957394,0.3714140529836267,0.36200774864546936,0.509214979913326,0.37562773920922177,0.04882140381733092,0.32067132743189003,0.1977934868495924],[0.42420441611179266,0.3263552853751336,0,0.5446455705764605,0.6292098887716354,0.3992566487188995,0.12710872069710896,0.609332183959753,0.37379075458054056,0.6602236598669964,0.212761773376033,0.6713190944620935,0.39281118890567723,0.17014710187284268,0.5781366807578812,0.11439568731560686,0.40608078817081156,0.7793180049487702,0.828882715931579,0.816679783400048,0.5771508470747742,0.687463675678651,0.5926801097097758,0.34616995134476725,0.46761965072598805,0.16619343653809737,0.5169086558051669,0.791920866864256,0.3187549486837337,0.4541092351029447,0.11191922081380491,0.5527351319636217,0.6423926278118626,0.7840414153055606,0.5309329968649531,0,0.1591071743212779,0.36805354015612596,0.4226174619173978,0.7351526379226656,0.40326836974933744,0.6236218226856007,0.5245784312018683,0.10861292128900858,0.6610743720965082,0.669288533617621,0.03422210702521638,0.8226841029989793,0.7046514436514478,0.5028375499973894,0.19673925768313422,0.5853372462859499,0.5403358713365227,0.5241939436944268,0.49517681782668405,0.23816220759250548,0.2879608563420953,0.5553673905656402,0.5621668796975804,0.10774238962570365,0.48664166271023984,0.6056851468969799,0.5475831784194407,0.29237785569169567,0.5430107145669214,0.5211032193634264,0.11831937034969987,0.1786211538811138,0.4546205918119472,0.44888334308220135,0.7436169502807489,0.2140209221101114,0.09205300429188322,0.7673188833975757,0.5088216187311732,0.4372577803505676,0.13403611984056596,0.4734114864502481,0.7155331695481127,0.1967639789154052,0.5131691935829182,0.5760362458383458,0.045606320841566635,0.03571317826994978,0.06423181010721507,0.6064942174304764,0.5290566242995058,0.36099288583285044,0.17136159188199832,0.1582830522836164],[0.11068324778779981,0.20924462591155724,0.5446455705764605,0,0.46498928484609087,0.215153859024288,0.6049920066942018,0.47940786356368603,0.1885367980044034,0.5130513689692248,0.3204192937425815,0.4649514485845011,0.1401490710750317,0.5881421609749364,0.38789920116192234,0.5410448350680332,0.13452152144452317,0.3453374308135267,0.3656031464574081,0.3907301998955162,0.04964610281634248,0.13299812155652213,0.04510949672777915,0.1910749593502587,0.3288195121493201,0.36715350237589534,0.32977909799749366,0.39298710598984377,0.4542226112144077,0.11537275950549919,0.434676492568565,0.2278219227535001,0.6146364513425865,0.42990932031041323,0.2945056746379406,0.5563207264136405,0.3762359204788966,0.5224120886061583,0.15650785575775877,0.18943552374075862,0.13704605694496128,0.42351231573378595,0.6750246319356531,0.567985185708839,0.6639175970591941,0.5544033468337622,0.564103152748145,0.4293904892465175,0.6575283782004396,0.39887716741360657,0.41076618645626295,0.35158270208844283,0.32169301346401824,0.7535815534654787,0.3018763155082968,0.6776664572175966,0.6878007779391178,0.7010764478256188,0.7485012004458599,0.6404004010742232,0.1496271247897794,0.6152593454263671,0.4506337282789966,0.7097709591353207,0.3343845518189469,0.7338785905432386,0.6739282260912719,0.3832556512702629,0.40793912239152447,0.6925599729562758,0.20476783917290475,0.755657663398968,0.6422606581496461,0.39212270518945574,0.25095163905939805,0.2578839483323811,0.6484230038696523,0.24032351980755504,0.3151644620063771,0.34889541516502254,0.7037463152130189,0.4291618932528749,0.6018988776547407,0.5905961726824551,0.5829308589644963,0.514522280406524,0.37196847860545024,0.17407903331311023,0.53331133450128,0.3982365853386169],[0.43226883836568647,0.4892380538727473,0.6292098887716354,0.46498928484609087,0,0.309739602723825,0.757870471080073,0.023772811546671248,0.3709934988095589,0.036601727492095976,0.5074040429953703,0.039326064567740626,0.45277984642622265,0.779078568771125,0.06703092287259836,0.7138359457395766,0.41185036586025603,0.3079310072600961,0.3673472758181661,0.3136682797562312,0.5243093189063038,0.540058101252902,0.4486343438587891,0.42680622145401637,0.17088946621891282,0.530476986953781,0.7665578298151079,0.2710401811163066,0.7726863500847029,0.37040731677077643,0.5167965400474787,0.6903688418326791,0.1627490904133703,0.2201252389065278,0.7416564355367719,0.6376902895099216,0.506049769937143,0.30180235741522005,0.3503892334040012,0.6039864042355326,0.4920921812276717,0.033940635592619416,0.3242489729694614,0.5573992430711867,0.21454539711292647,0.07884389310881101,0.6124730979466002,0.2798604395527574,0.1880859189563455,0.11544371060771909,0.421985212880436,0.1023119836187681,0.7680824982693696,0.4275723206767348,0.7343933051654056,0.571936313137061,0.5405971743843848,0.33365419394862855,0.3914586096037521,0.7480808256979588,0.3122308119085505,0.18725233647780637,0.07469327973002877,0.5661421868686591,0.12303950109360988,0.40344218280451816,0.7340617176610482,0.4547973630900858,0.16327264224195198,0.40836868846083146,0.6281618171960557,0.7343846719430882,0.6751878165885431,0.23478282120237554,0.6957429038537993,0.6683344434024991,0.7747251292401144,0.6709606440651702,0.25120656946877484,0.4609536092036395,0.3700801463950676,0.0426283608021381,0.6685522603938043,0.670084478366898,0.7022322103601959,0.06484023956076035,0.10256031974419864,0.4342087137397159,0.7451231538345012,0.4737008564697539],[0.12639220280634275,0.16815248247238224,0.3992566487188995,0.215153859024288,0.309739602723825,0,0.5003478674854036,0.3102521915930094,0.04964610281634248,0.3558309783236777,0.2105237054642817,0.33156264709683997,0.136751281297265,0.5051657202625616,0.2339818410442526,0.4441460553919108,0.09980975597096588,0.3691375430492937,0.41794137351864397,0.40797365734066476,0.273502434278391,0.3477216974640985,0.23668841131780272,0.10548831791450312,0.13275752418897696,0.24727669215460432,0.4522470243429368,0.3867441956765339,0.4577044779888158,0.08811636966754793,0.275913377217345,0.3922343447220831,0.4233287541850783,0.38952073687147865,0.4319698665093004,0.41035127032614505,0.2358363543909133,0.2955766360247457,0.04802846938255109,0.4106289431572753,0.17759625931678252,0.28108071496214054,0.45264114955523,0.3837771894082217,0.46782655526974926,0.3878605129592798,0.40338011506892235,0.419794155251236,0.4756211928751583,0.20505331926404244,0.2154092672331183,0.21748163594807096,0.4571690097539946,0.5275250240404996,0.41976056647085225,0.47231881960779615,0.47392108680505074,0.480144412863547,0.5250154508844617,0.5134857162472009,0.08278510708956169,0.41378039405199574,0.26351659492796925,0.49750206660157154,0.18029255214284712,0.5083041064187301,0.5262046472000612,0.21050051519534727,0.19624421581425694,0.46572649259591165,0.42867070480326197,0.5796548308087387,0.48075169447896615,0.3661763263106817,0.38696964803953426,0.35081947692376286,0.5316423752090541,0.35823815290639965,0.307265286013561,0.19239217494325092,0.4788855814708783,0.2600732837872482,0.45246910787657724,0.44640694527130237,0.4583846025720052,0.3344887628691776,0.19677015876538734,0.11316359451729867,0.46069188314345616,0.23028341261496976],[0.4928970220133181,0.3855615117054445,0.12710872069710896,0.6049920066942018,0.757870471080073,0.5003478674854036,0,0.7401295792799854,0.462911954031819,0.791327125543122,0.28563895196778266,0.7976787625802393,0.45777033956025176,0.04733409786349678,0.7018838728614295,0.052779658293674335,0.4811308654756425,0.8796014892547342,0.9248096374301791,0.9195792513047365,0.6257412772573964,0.7406348802965314,0.6581498495158679,0.4230740082428199,0.5887517769416125,0.24291716244761505,0.4938458505193119,0.8986685112093812,0.2583661709673282,0.5360087245525755,0.2295582828404416,0.5572611440152438,0.7798340935997116,0.8972718370809036,0.5176879343731816,0.1231828509677709,0.25347048226441293,0.5065993604132328,0.5113497811742173,0.7797234152394957,0.4565834139813197,0.7486621695286249,0.6624669104808796,0.24146596089072458,0.7994959513638613,0.8029062891703642,0.16374323727363876,0.9312679757906767,0.8421494427294437,0.630783803090862,0.3247011623761189,0.704610081022266,0.5202877784910166,0.6573108231265614,0.4793895012577386,0.3540918071437997,0.40910406719461345,0.6930079843039989,0.6976269192809517,0.05829852267017979,0.5788700680439882,0.7438198833570492,0.6785628597198684,0.4082858777737016,0.6623197588270331,0.6556913765049139,0.13055572617369243,0.2938950226599123,0.5848062120320752,0.5832059342310417,0.7840300828978009,0.2635821203398919,0.1645125846946546,0.8769380994213043,0.5068304618971279,0.4366289376312928,0.04030161214268245,0.4753435440832108,0.8191778121886936,0.29866360082371657,0.6494409049441845,0.7039929546816222,0.12180998772149781,0.10706089735863379,0.052599559856283826,0.7399667829139437,0.6532780588715456,0.4339399521841392,0.08798720975769453,0.27405298184190857],[0.4381721931022623,0.48807431142824953,0.609332183959753,0.47940786356368603,0.023772811546671248,0.3102521915930094,0.7401295792799854,0,0.3715048320693049,0.03960309779208714,0.49840192411842615,0.07364295212708,0.4563164913918992,0.7635543341864252,0.0808146010505906,0.6981261800323477,0.416171654237143,0.3415649858193746,0.40135783637477473,0.34849238111772274,0.5395886087215337,0.5615761833860834,0.46668343349333413,0.4263241555989169,0.1670675750294081,0.5188037134579639,0.7716394808030048,0.3060117782257261,0.7665859689519828,0.37852053788908296,0.499791559721259,0.6997956982317538,0.1338946082066027,0.2555803043216234,0.7483096875624664,0.6174335941758837,0.49288425678994535,0.27158073444136294,0.35519599511576605,0.6261837109905419,0.49634964745068394,0.06346434645011902,0.28881944350930977,0.5330938313074686,0.18597907998255245,0.06617528470290032,0.5906432261014593,0.31527578405970186,0.16712521870258984,0.10205177973726133,0.40374307976847096,0.12226276084989812,0.7744007220209004,0.39212270518945574,0.7392946604492445,0.5420623802097136,0.5091754098410436,0.2985182878504999,0.3563108724533733,0.7276078548881844,0.3228733363788483,0.154295146044379,0.0500647530939906,0.5345768049621321,0.13346037056942212,0.367992473053335,0.7109145980731029,0.43955889422636013,0.14364672633312886,0.3733594140497928,0.6500388243432077,0.7067649522402053,0.651299111903115,0.26976493609349433,0.7025497171818472,0.6718338019957767,0.7550446614556343,0.6764488455309251,0.2832245229179953,0.44850279552590505,0.3346227024263827,0.03960309779208714,0.6467973495122857,0.6490978797963279,0.6832055126131829,0.03153373105220737,0.10237976527245074,0.4350861181174435,0.731554497203436,0.45789106178252564],[0.0782585833213285,0.10762367941289903,0.37379075458054056,0.1885367980044034,0.3709934988095589,0.04964610281634248,0.462911954031819,0.3715048320693049,0,0.4171580696215417,0.16651180121869372,0.39191848446972777,0.07917058671169716,0.46220570750231205,0.2948924920989188,0.40377718834686493,0.049330230053598455,0.4061455378143148,0.45021557945895496,0.44742450125743466,0.24119102313267776,0.330265415630917,0.22266208668960785,0.044859447715341505,0.19358173832752132,0.2084267962736979,0.39260094327428813,0.43026579998214337,0.39982991014875635,0.07144055728357666,0.25360162375406015,0.33823441679330496,0.4822379437480657,0.43918190521402295,0.37381414685060704,0.3852857752590313,0.2041420350009041,0.33314277017811367,0.03731673969730242,0.3894404580626465,0.11991482290495686,0.3416743704725582,0.49908082109211266,0.3762658064351048,0.5256559299805191,0.44905113178716866,0.3843598462278011,0.46468989084702983,0.5355498821675782,0.2652384764510751,0.2130370984671065,0.2766112816312079,0.39852873946871964,0.5677829206112103,0.3601000097288658,0.4789275945554152,0.4876384987067704,0.5277805927207369,0.569789113259669,0.48296767478385577,0.10428378356616248,0.4706978782322142,0.32393438086096454,0.5097711160416949,0.24064535416534502,0.5498405368784033,0.5032204718415528,0.1934750228593322,0.25247753123366806,0.5020758649168936,0.40494449450283965,0.5692904318865162,0.4629662371619168,0.41282558061926233,0.3293600835629266,0.29042271770718386,0.498126574652296,0.29943469675605483,0.348566587535522,0.16599054381901407,0.5219415552001766,0.3213953454324589,0.4293459478852523,0.4211675630765911,0.4263829725196144,0.3951325523435646,0.25809890646628053,0.05191458563671584,0.4147360905006233,0.21124140725445992],[0.4800291541538333,0.5348196474032408,0.6602236598669964,0.5130513689692248,0.036601727492095976,0.3558309783236777,0.791327125543122,0.03960309779208714,0.4171580696215417,0,0.5485773527200966,0.056885310733060454,0.49999552554205934,0.8148407594377195,0.1152104365898261,0.7494140368137033,0.4592470543598664,0.3383080376373037,0.39594238043247887,0.33871727126098233,0.572209949297834,0.585751384079628,0.49589048513075784,0.4726301217487047,0.21465925260477095,0.5696473096479043,0.8142467278752755,0.29552317662564764,0.8158407613620038,0.41848973597151756,0.551061971840046,0.7386219359000741,0.13041074850622414,0.2386000807538435,0.7896280679617356,0.6682378239675101,0.5439667039154946,0.3164860584189975,0.3978593043123565,0.6492284842204229,0.5395161638318432,0.07918476413825959,0.312234788854262,0.5824258621440813,0.18019187317271865,0.03422210702521638,0.6410066023680678,0.2991333265352289,0.14529660987183715,0.15266505486868542,0.45494370111467647,0.14998608510034936,0.8160041981193306,0.41556906375868685,0.782037927928671,0.586565880061704,0.5513915109151964,0.3173289375510802,0.3747486765189374,0.7783288438632285,0.3604982617394477,0.1633388961242806,0.10109637007542883,0.5764810256769081,0.1711151111894122,0.3915959882653506,0.7607042884368975,0.4908222634430917,0.19488296967374238,0.4048115187775116,0.6735711405045688,0.7535714533530169,0.7007637088588378,0.2596558208335045,0.7437312134248172,0.7156235060550744,0.8059448404888816,0.7187147551564019,0.28640916768208113,0.49946403703478753,0.3591633024656612,0.08462175635181328,0.697161836869381,0.6997015409817873,0.734241345856401,0.05441744149742639,0.14751301356378538,0.48056330794632673,0.7827209129730364,0.5091754098410436],[0.2011670342227382,0.10256031974419864,0.212761773376033,0.3204192937425815,0.5074040429953703,0.2105237054642817,0.28563895196778266,0.49840192411842615,0.16651180121869372,0.5485773527200966,0,0.5386367181039498,0.16866749152931296,0.28428407529025723,0.43941898810397634,0.22566074728760485,0.18575084869556904,0.5843157728748907,0.6280490623915376,0.6253576872452966,0.3532844169994059,0.46301780038593426,0.3695669023606387,0.12650411231032727,0.32583661880767656,0.03505635258180444,0.3550590315631957,0.6069925821457332,0.2603812257949923,0.2389652472994996,0.11405806529032562,0.35602371179839387,0.5781716246386888,0.6117296485980229,0.3552451490491286,0.22441456978306662,0.05181323093247694,0.35165716371910394,0.21440869484072902,0.5113990376895013,0.1797549858009583,0.48770299201384737,0.5318343885566932,0.2557971137490158,0.6121593051788057,0.5713599335178932,0.2356332990585209,0.6408037752256811,0.6380234756308036,0.3847044794724888,0.14824767403761788,0.43213243929729284,0.37222022556235024,0.572554019202681,0.3262485661574987,0.38582085363779633,0.413622921777388,0.563534600731166,0.5915600341936941,0.3113586813641924,0.2823320739089823,0.5540823928530625,0.44099541897543276,0.42991223746688645,0.3914905623069595,0.5604154785473383,0.3418238080948247,0.09502787939056863,0.3511285102684773,0.4974590560910947,0.5206775069543056,0.4297255005868705,0.31238190153569506,0.5878328230843071,0.32197111214792506,0.25637441491973734,0.3233389181064438,0.28538321509364883,0.5259507254408805,0.05776266389961787,0.5400137384603731,0.45361669655011744,0.2700531410724681,0.25849493617388164,0.25391221900121,0.5106917618118488,0.3943718716776758,0.13910189458849842,0.23850741863155656,0.09653821840325327],[0.4452807176395972,0.5111724192977194,0.6713190944620935,0.4649514485845011,0.039326064567740626,0.33156264709683997,0.7976787625802393,0.07364295212708,0.39191848446972777,0.056885310733060454,0.5386367181039498,0,0.46884901872702883,0.8165767504557636,0.08758574610065677,0.7516533822819798,0.4272642805926891,0.26973747260692366,0.3274776079796624,0.2708396292833199,0.5223976168365921,0.5273888305133613,0.4427705167981935,0.44839080987046076,0.20149964005611684,0.5645616143976696,0.7787412805635482,0.22772105347202812,0.7994975394230003,0.3810281070076521,0.5564499844239037,0.6965727790863987,0.1986526646302251,0.17293127598525296,0.7516989459341492,0.6801362174946475,0.5418413338644472,0.3520292432096919,0.3659307843356879,0.5897228784238712,0.5068453681333933,0.039326064567740626,0.37227055514629576,0.6034861276636709,0.24874497949022106,0.10173420408184321,0.6563878339900702,0.23328475101031163,0.21188191179702182,0.15718813776309007,0.4631941585490368,0.10637547132614673,0.7785098208568539,0.4757744929746102,0.7469439711192359,0.6218003749573455,0.5911776660581065,0.3800460793537209,0.43779404103261055,0.7905535209883138,0.32011271813754444,0.22921629004552196,0.12415361833268639,0.6167698107078925,0.1396136178199551,0.4516635486229628,0.7789596381460299,0.4929582905906988,0.20802846635378652,0.4586585681235491,0.6143628400639731,0.782784152656609,0.7207788924170933,0.19167763073461855,0.7057457866073145,0.6830942742908358,0.8164103154582462,0.6829440742985894,0.21872058295587307,0.4962152395842353,0.4185496239276524,0.0849555778283685,0.7123109142059793,0.7131467018559839,0.743398608442104,0.11056739324660118,0.13377067259113412,0.4539764670187378,0.7806019055108098,0.5123438649531563],[0.024634271431151298,0.06090077150700279,0.39281118890567723,0.1401490710750317,0.45277984642622265,0.136751281297265,0.45777033956025176,0.4563164913918992,0.07917058671169716,0.49999552554205934,0.16866749152931296,0.46884901872702883,0,0.44577378339836854,0.3749486389964664,0.394635101495268,0.030078528552265747,0.4376621859919434,0.47288539977891886,0.4817480285989344,0.1779634140980137,0.28364356574921423,0.18981946486260998,0.046741803442405916,0.2806844362627528,0.2154092672331183,0.3041114799606836,0.4718081965630639,0.3437136623619373,0.08581816504712457,0.28428407529025723,0.24777366456041666,0.5717177534178066,0.4913321518574152,0.2836261175029145,0.40448663206267743,0.22485066180713464,0.4186903278215499,0.09124268129191082,0.3350799389015221,0.02923724321237574,0.41993370729388785,0.5881099457216998,0.4205212711767215,0.6158179844085516,0.5341616008589165,0.412807372853176,0.507826374352597,0.6239461700620489,0.3533691180741787,0.2714215207323224,0.35119951521291687,0.30873608777511224,0.6535743931831677,0.271662580941866,0.53699569719685,0.5528789017011363,0.6172206042264748,0.6579594288935903,0.4899807132942337,0.1471484642774117,0.5611985376731422,0.4116404468990131,0.573259170254867,0.31925357404860655,0.6364095015534532,0.5221467104957696,0.23700459007396177,0.3430460957051262,0.5857406028819495,0.3466160476040332,0.6052175715027905,0.49074791489779795,0.46014888444292723,0.23884187027172346,0.20395692652540612,0.4994287528427533,0.20980949411733774,0.3889166458409186,0.2003423505346719,0.6093881887700586,0.4054636212400004,0.45006495318670614,0.4388074602768367,0.432445804478444,0.4823083576309191,0.34226446346323336,0.027958091692742094,0.39297357662158083,0.2502640548033812],[0.48175520796343074,0.37322891361603416,0.17014710187284268,0.5881421609749364,0.779078568771125,0.5051657202625616,0.04733409786349678,0.7635543341864252,0.46220570750231205,0.8148407594377195,0.28428407529025723,0.8165767504557636,0.44577378339836854,0,0.7191361573880539,0.053810531073315154,0.4731830542794427,0.8799771963195046,0.9224461939318518,0.9212680952780333,0.6036033837672192,0.719136157388054,0.6428749769051886,0.4174913735791053,0.6049335134597055,0.2465743362150998,0.4481891669702321,0.9028165068191929,0.20681143338132607,0.5302298213678195,0.25312045411165557,0.5195098888630215,0.8124229863551877,0.9056347295238233,0.47468978339553075,0.16903140161673316,0.2641197756555986,0.5434192997997126,0.5094251455404774,0.7543470907023182,0.43953605537348583,0.7666852754216203,0.7053219044664385,0.2893334203290744,0.834893308114085,0.8292872094695927,0.21177240611533854,0.936404330118232,0.8747144324178033,0.65211662756769,0.3504034645009612,0.7184113360974228,0.47518481654126227,0.705724239