"trial_id","rt","stimulus","response","trial_type","trial_index","plugin_version","time_elapsed","participant_number","success","raw_payload","placements","dissimilarity_vector","n_words","trial_category","distance_matrix","value"
"consent_form","3561","
    <div style=""max-width:800px; margin:0 auto; text-align:left; font-size: 16px; padding: 10px 0;"">
      <h1>Informed Consent Form</h1>
      <p>You are being invited to participate in a research study titled <strong>""Reproducibility of Psychological Science and Instruction.""</strong> This study is being done by Dr. Bria Long from UC San Diego and associated graduate students in the Experimental Methods course. You were selected to participate in this study because you are an adult in the U.S. and have been a represented population in previous psychology studies.</p>
      
      <p>The purpose of this study is to better understand how well previously published studies in the psychological field replicate online and with different populations. Your participation in this research should last approximately <strong>5-30 minutes</strong>. If you agree to take part in this study, you may be asked to view a set of stimuli, including pictures, sounds, written text, or videos and then giving some responses via key-presses, verbally, or with paper-and-pencil. We may also observe your choices or preferences among an array of stimuli. These stimuli will be taken directly from or closely adapted from studies that already exist in the published psychological literature. Stimuli will include, e.g., pictures of objects and human faces, audio and video clips, short text passages, etc. None of the stimuli will be disturbing, threatening, or offensive. The online and in-person experiments described in this protocol will take no more than 30 minutes. An example game you might play would be to click on an image on the screen that matches a word you hear being said out loud. Your total expected time commitment for this study is between 5-30 minutes, and is specified in the study description.</p>
      
      <p>Your participation in this study is completely voluntary and you can withdraw at any time. Choosing not to participate or withdrawing will result in no penalty or loss of benefits to which you are entitled. You are free to skip any question that you choose.</p>
      
      <p>We will not be asking for any personally identifying information, and we will handle responses as confidentially as possible. Your SONA or Prolific IDs will never be tied to your responses on this survey. However, we cannot guarantee the confidentiality of information transmitted over the Internet. To minimize this risk, data containing anything that might be personally identifying (e.g. Prolific IDs or IP addresses) will be encrypted on transfer and storage and will only be accessible to qualified lab personnel. We will be keeping data collected as part of this experiment indefinitely. This anonymized data (containing neither Prolific IDs nor IP addresses) may be shared with the scientific community or with other participants to be used as stimuli in future studies.</p>
      
      <p>If you have questions about this project or if you have a research-related problem, you may contact the researcher(s), <strong>Dr. Bria Long, <a href=""mailto:brlong@ucsd.edu"">brlong@ucsd.edu</a></strong>. If you have any questions concerning your rights as a research subject, you may contact the UC San Diego Office of IRB Administration at <a href=""mailto:irb@ucsd.edu"">irb@ucsd.edu</a> or 858-246-4777.</p>
      
      <h3 style=""margin-top: 25px;"">Consent Statement</h3>
      <p style=""font-weight: bold;"">By participating in this research you are indicating that you are at least 18 years old, have read this consent form, and agree to participate in this research study. Please keep this consent form for your records.</p>
    </div>
  ","0","html-button-response","0","2.1.0","3569","95mgw06v4x_f3ccht","","","","","","","",""
"","17147","","{""participant_date"":""11/25/2025"",""participant_time"":""1:31 PM""}","survey-html-form","1","2.1.0","20718","95mgw06v4x_f3ccht","","","","","","","",""
"","4099","
    <div style=""display:flex; align-items:center; justify-content:center; height:100vh; font-family:sans-serif;"">
      <div style=""max-width:900px; margin:0 auto; text-align:center;"">
        <h1 style= ""font-size: 24px;"">Welcome! Thank you for participating in the study.</h1>
        <h2 style= ""font-size: 22px;"">The study will be in Madarin Chinese.</h2>
        <h2 style= ""font-size: 22px;"">Please use desktop computers or laptops for the study. Tablets and phones are not allowed.</h2>
        <p style=""font-size:16px; margin-top:30px;""><em>Press any key to continue.</em></p>
      </div>
    </div>
  ","h","html-keyboard-response","2","2.1.0","24819","95mgw06v4x_f3ccht","","","","","","","",""
"","7093","
    <div style=""display:flex; align-items:center; justify-content:center; height:100vh; font-family:sans-serif;"">
      <div style=""max-width:900px; margin:0 auto; text-align:center;"">
        <p style=""font-size:18px; line-height:1.6;"">
          In this task, you will be presented with <strong>90 words</strong> arranged <strong>outside a circle</strong>.<br>
          Your job is to <strong>drag these words into the circle</strong> and <strong>rearrange them</strong> based on their <strong>meaning similarity</strong>.<br><br>
          Words that are <strong>similar in meaning</strong> should be placed <strong>closer together</strong>.<br>
          Words that are <strong>different in meaning</strong> should be placed <strong>farther apart</strong>.<br><br>
          You can place the words <strong>anywhere inside the circle</strong>. There is no single correct answer — 
          we are interested in <strong>your personal judgment</strong> of how these words relate to each other.<br><br>
          <strong>You must move all words into the circle before you can finish.</strong><br>
          After the initial arrangement, you will arrange words from specific categories.
        </p>
        <p style=""font-size:16px; margin-top:30px;""><em>Press any key to continue.</em></p>
      </div>
    </div>
  ","k","html-keyboard-response","3","2.1.0","31913","95mgw06v4x_f3ccht","","","","","","","",""
"","1441","","","fullscreen","4","2.1.0","34379","95mgw06v4x_f3ccht","true","{""placements"":[{""word"":""骄傲"",""x"":65,""y"":409.5,""cx"":83.7,""cy"":426.5,""angle_rad"":2.862,""angle_deg"":164},{""word"":""冰箱"",""x"":391,""y"":555.5,""cx"":409.7,""cy"":572.5,""angle_rad"":1.309,""angle_deg"":75},{""word"":""兔子"",""x"":146,""y"":564.5,""cx"":164.7,""cy"":581.5,""angle_rad"":2.246,""angle_deg"":128.7},{""word"":""反感"",""x"":43,""y"":389.5,""cx"":61.7,""cy"":406.5,""angle_rad"":2.948,""angle_deg"":168.9},{""word"":""协议"",""x"":563,""y"":141.5,""cx"":581.7,""cy"":158.5,""angle_rad"":-0.691,""angle_deg"":320.4},{""word"":""嘴唇"",""x"":43,""y"":266.5,""cx"":61.7,""cy"":283.5,""angle_rad"":-2.915,""angle_deg"":193},{""word"":""剪刀"",""x"":423,""y"":538.8,""cx"":441.7,""cy"":555.9,""angle_rad"":1.152,""angle_deg"":66},{""word"":""长颈鹿"",""x"":146,""y"":545.5,""cx"":171.7,""cy"":562.5,""angle_rad"":2.269,""angle_deg"":130},{""word"":""制度"",""x"":638,""y"":298.5,""cx"":656.7,""cy"":315.5,""angle_rad"":-0.112,""angle_deg"":353.6},{""word"":""过失"",""x"":636,""y"":310.5,""cx"":654.7,""cy"":327.5,""angle_rad"":-0.074,""angle_deg"":355.8},{""word"":""友情"",""x"":282,""y"":162.8,""cx"":300.7,""cy"":179.9,""angle_rad"":-1.853,""angle_deg"":253.8},{""word"":""方法"",""x"":643,""y"":333.5,""cx"":661.7,""cy"":350.5,""angle_rad"":0.002,""angle_deg"":0.1},{""word"":""蚂蚁"",""x"":193,""y"":587.5,""cx"":211.7,""cy"":604.5,""angle_rad"":2.069,""angle_deg"":118.5},{""word"":""沮丧"",""x"":73,""y"":437.5,""cx"":91.7,""cy"":454.5,""angle_rad"":2.757,""angle_deg"":158},{""word"":""沙发"",""x"":396,""y"":534.5,""cx"":414.7,""cy"":551.5,""angle_rad"":1.26,""angle_deg"":72.2},{""word"":""暴力"",""x"":553,""y"":111.5,""cx"":571.7,""cy"":128.5,""angle_rad"":-0.785,""angle_deg"":315},{""word"":""筷子"",""x"":390,""y"":481.5,""cx"":408.7,""cy"":498.5,""angle_rad"":1.195,""angle_deg"":68.4},{""word"":""概念"",""x"":298,""y"":182.8,""cx"":316.7,""cy"":199.9,""angle_rad"":-1.789,""angle_deg"":257.5},{""word"":""麻雀"",""x"":246,""y"":302.1,""cx"":264.7,""cy"":319.2,""angle_rad"":-2.795,""angle_deg"":199.8},{""word"":""椅子"",""x"":73,""y"":207.5,""cx"":91.7,""cy"":224.5,""angle_rad"":-2.689,""angle_deg"":205.9},{""word"":""买卖"",""x"":531,""y"":121.8,""cx"":549.7,""cy"":138.9,""angle_rad"":-0.813,""angle_deg"":313.4},{""word"":""魔力"",""x"":563,""y"":121.5,""cx"":581.7,""cy"":138.5,""angle_rad"":-0.74,""angle_deg"":317.6},{""word"":""结果"",""x"":645,""y"":402.8,""cx"":663.7,""cy"":419.9,""angle_rad"":0.219,""angle_deg"":12.6},{""word"":""敌意"",""x"":651,""y"":372.5,""cx"":669.7,""cy"":389.5,""angle_rad"":0.123,""angle_deg"":7},{""word"":""纠纷"",""x"":650,""y"":351.5,""cx"":668.7,""cy"":368.5,""angle_rad"":0.058,""angle_deg"":3.3},{""word"":""关系"",""x"":243,""y"":158.8,""cx"":261.7,""cy"":175.9,""angle_rad"":-2.04,""angle_deg"":243.1},{""word"":""铅笔"",""x"":369,""y"":642.8,""cx"":387.7,""cy"":659.9,""angle_rad"":1.45,""angle_deg"":83.1},{""word"":""愤怒"",""x"":69,""y"":484.8,""cx"":87.7,""cy"":501.9,""angle_rad"":2.617,""angle_deg"":149.9},{""word"":""团队"",""x"":640,""y"":337.5,""cx"":658.7,""cy"":354.5,""angle_rad"":0.015,""angle_deg"":0.8},{""word"":""洗衣机"",""x"":328,""y"":546.5,""cx"":353.7,""cy"":563.5,""angle_rad"":1.554,""angle_deg"":89},{""word"":""大腿"",""x"":32,""y"":221.5,""cx"":50.7,""cy"":238.5,""angle_rad"":-2.785,""angle_deg"":200.4},{""word"":""慈善"",""x"":95,""y"":454.8,""cx"":113.7,""cy"":471.9,""angle_rad"":2.666,""angle_deg"":152.7},{""word"":""手指"",""x"":15,""y"":243.5,""cx"":33.7,""cy"":260.5,""angle_rad"":-2.866,""angle_deg"":195.8},{""word"":""性质"",""x"":243,""y"":159.8,""cx"":261.7,""cy"":176.9,""angle_rad"":-2.043,""angle_deg"":243},{""word"":""猫"",""x"":154,""y"":603.5,""cx"":165.7,""cy"":620.5,""angle_rad"":2.169,""angle_deg"":124.3},{""word"":""眼睛"",""x"":12,""y"":311.5,""cx"":30.7,""cy"":328.5,""angle_rad"":-3.074,""angle_deg"":183.8},{""word"":""床"",""x"":405,""y"":590.8,""cx"":416.7,""cy"":607.9,""angle_rad"":1.318,""angle_deg"":75.5},{""word"":""鼠标"",""x"":130,""y"":579.5,""cx"":148.7,""cy"":596.5,""angle_rad"":2.256,""angle_deg"":129.2},{""word"":""微波炉"",""x"":358,""y"":570.8,""cx"":383.7,""cy"":587.9,""angle_rad"":1.43,""angle_deg"":81.9},{""word"":""原因"",""x"":634,""y"":374.8,""cx"":652.7,""cy"":391.9,""angle_rad"":0.137,""angle_deg"":7.9},{""word"":""锤子"",""x"":373,""y"":598.8,""cx"":391.7,""cy"":615.9,""angle_rad"":1.415,""angle_deg"":81.1},{""word"":""勺子"",""x"":331,""y"":571.8,""cx"":349.7,""cy"":588.9,""angle_rad"":1.572,""angle_deg"":90.1},{""word"":""缘分"",""x"":13,""y"":377.5,""cx"":31.7,""cy"":394.5,""angle_rad"":3.003,""angle_deg"":172},{""word"":""胳膊"",""x"":3,""y"":282.5,""cx"":21.7,""cy"":299.5,""angle_rad"":-2.989,""angle_deg"":188.7},{""word"":""老鼠"",""x"":110,""y"":557.5,""cx"":128.7,""cy"":574.5,""angle_rad"":2.349,""angle_deg"":134.6},{""word"":""兴奋"",""x"":26,""y"":399.5,""cx"":44.7,""cy"":416.5,""angle_rad"":2.927,""angle_deg"":167.7},{""word"":""耳朵"",""x"":14,""y"":261.5,""cx"":32.7,""cy"":278.5,""angle_rad"":-2.92,""angle_deg"":192.7},{""word"":""社会"",""x"":262,""y"":146.8,""cx"":280.7,""cy"":163.9,""angle_rad"":-1.927,""angle_deg"":249.6},{""word"":""牙刷"",""x"":372,""y"":517.8,""cx"":390.7,""cy"":534.9,""angle_rad"":1.354,""angle_deg"":77.6},{""word"":""过程"",""x"":553,""y"":112.8,""cx"":571.7,""cy"":129.9,""angle_rad"":-0.782,""angle_deg"":315.2},{""word"":""光彩"",""x"":37.9,""y"":457.1,""cx"":56.6,""cy"":474.2,""angle_rad"":2.741,""angle_deg"":157.1},{""word"":""空调"",""x"":328,""y"":513.8,""cx"":346.7,""cy"":530.9,""angle_rad"":1.589,""angle_deg"":91.1},{""word"":""乌龟"",""x"":163,""y"":592.1,""cx"":181.7,""cy"":609.2,""angle_rad"":2.147,""angle_deg"":123},{""word"":""地位"",""x"":428,""y"":342.1,""cx"":446.7,""cy"":359.2,""angle_rad"":0.095,""angle_deg"":5.4},{""word"":""创伤"",""x"":32,""y"":427.5,""cx"":50.7,""cy"":444.5,""angle_rad"":2.836,""angle_deg"":162.5},{""word"":""死亡"",""x"":75,""y"":471.8,""cx"":93.7,""cy"":488.9,""angle_rad"":2.645,""angle_deg"":151.6},{""word"":""快乐"",""x"":60,""y"":447.8,""cx"":78.7,""cy"":464.9,""angle_rad"":2.741,""angle_deg"":157.1},{""word"":""身份"",""x"":25.9,""y"":454.1,""cx"":44.6,""cy"":471.2,""angle_rad"":2.764,""angle_deg"":158.4},{""word"":""婚姻"",""x"":235,""y"":135.8,""cx"":253.7,""cy"":152.9,""angle_rad"":-2.025,""angle_deg"":244},{""word"":""错误"",""x"":100,""y"":485.8,""cx"":118.7,""cy"":502.9,""angle_rad"":2.558,""angle_deg"":146.5},{""word"":""脚踝"",""x"":39,""y"":203.1,""cx"":57.7,""cy"":220.2,""angle_rad"":-2.724,""angle_deg"":203.9},{""word"":""老虎"",""x"":170,""y"":618.1,""cx"":188.7,""cy"":635.2,""angle_rad"":2.086,""angle_deg"":119.5},{""word"":""冷漠"",""x"":565,""y"":184.8,""cx"":583.7,""cy"":201.9,""angle_rad"":-0.565,""angle_deg"":327.6},{""word"":""疾病"",""x"":571,""y"":175.1,""cx"":589.7,""cy"":192.2,""angle_rad"":-0.582,""angle_deg"":326.6},{""word"":""扫帚"",""x"":586,""y"":192.1,""cx"":604.7,""cy"":209.2,""angle_rad"":-0.505,""angle_deg"":331.1},{""word"":""难过"",""x"":9,""y"":368.1,""cx"":27.7,""cy"":385.2,""angle_rad"":3.033,""angle_deg"":173.8},{""word"":""钥匙"",""x"":270,""y"":311.1,""cx"":288.7,""cy"":328.2,""angle_rad"":-2.8,""angle_deg"":199.6},{""word"":""天堂"",""x"":607,""y"":216.1,""cx"":625.7,""cy"":233.2,""angle_rad"":-0.401,""angle_deg"":337},{""word"":""义务"",""x"":298,""y"":173.8,""cx"":316.7,""cy"":190.9,""angle_rad"":-1.777,""angle_deg"":258.2},{""word"":""数据"",""x"":404,""y"":364.1,""cx"":422.7,""cy"":381.2,""angle_rad"":0.406,""angle_deg"":23.2},{""word"":""爱心"",""x"":37,""y"":469.5,""cx"":55.7,""cy"":486.5,""angle_rad"":2.707,""angle_deg"":155.1},{""word"":""内容"",""x"":91,""y"":414.1,""cx"":109.7,""cy"":431.2,""angle_rad"":2.816,""angle_deg"":161.3},{""word"":""现象"",""x"":145,""y"":562.8,""cx"":163.7,""cy"":579.9,""angle_rad"":2.252,""angle_deg"":129},{""word"":""柜子"",""x"":43,""y"":484.1,""cx"":61.7,""cy"":501.2,""angle_rad"":2.659,""angle_deg"":152.3},{""word"":""奇迹"",""x"":304,""y"":151.1,""cx"":322.7,""cy"":168.2,""angle_rad"":-1.72,""angle_deg"":261.4},{""word"":""恐惧"",""x"":53,""y"":492.1,""cx"":71.7,""cy"":509.2,""angle_rad"":2.622,""angle_deg"":150.2},{""word"":""膝盖"",""x"":29,""y"":258.1,""cx"":47.7,""cy"":275.2,""angle_rad"":-2.899,""angle_deg"":193.9},{""word"":""舒心"",""x"":266,""y"":176.8,""cx"":284.7,""cy"":193.9,""angle_rad"":-1.967,""angle_deg"":247.3},{""word"":""债务"",""x"":610,""y"":239.5,""cx"":628.7,""cy"":256.5,""angle_rad"":-0.324,""angle_deg"":341.5},{""word"":""大象"",""x"":196,""y"":615.5,""cx"":214.7,""cy"":632.5,""angle_rad"":2.018,""angle_deg"":115.6},{""word"":""作用"",""x"":620,""y"":251.5,""cx"":638.7,""cy"":268.5,""angle_rad"":-0.275,""angle_deg"":344.2},{""word"":""纪律"",""x"":624,""y"":271.5,""cx"":642.7,""cy"":288.5,""angle_rad"":-0.207,""angle_deg"":348.1},{""word"":""电视"",""x"":438,""y"":572.8,""cx"":456.7,""cy"":589.9,""angle_rad"":1.152,""angle_deg"":66},{""word"":""肩膀"",""x"":53,""y"":227.5,""cx"":71.7,""cy"":244.5,""angle_rad"":-2.779,""angle_deg"":200.8},{""word"":""鼻子"",""x"":49,""y"":246.5,""cx"":67.7,""cy"":263.5,""angle_rad"":-2.844,""angle_deg"":197},{""word"":""斧头"",""x"":396,""y"":354.1,""cx"":414.7,""cy"":371.2,""angle_rad"":0.317,""angle_deg"":18.1},{""word"":""风景"",""x"":407,""y"":579.5,""cx"":425.7,""cy"":596.5,""angle_rad"":1.273,""angle_deg"":72.9},{""word"":""熊猫"",""x"":157,""y"":570.5,""cx"":175.7,""cy"":587.5,""angle_rad"":2.204,""angle_deg"":126.3},{""word"":""骗局"",""x"":650,""y"":286.5,""cx"":668.7,""cy"":303.5,""angle_rad"":-0.145,""angle_deg"":351.7},{""word"":""桌子"",""x"":421,""y"":520.8,""cx"":439.7,""cy"":537.9,""angle_rad"":1.125,""angle_deg"":64.5}],""n_words"":90,""words"":[""骄傲"",""冰箱"",""兔子"",""反感"",""协议"",""嘴唇"",""剪刀"",""长颈鹿"",""制度"",""过失"",""友情"",""方法"",""蚂蚁"",""沮丧"",""沙发"",""暴力"",""筷子"",""概念"",""麻雀"",""椅子"",""买卖"",""魔力"",""结果"",""敌意"",""纠纷"",""关系"",""铅笔"",""愤怒"",""团队"",""洗衣机"",""大腿"",""慈善"",""手指"",""性质"",""猫"",""眼睛"",""床"",""鼠标"",""微波炉"",""原因"",""锤子"",""勺子"",""缘分"",""胳膊"",""老鼠"",""兴奋"",""耳朵"",""社会"",""牙刷"",""过程"",""光彩"",""空调"",""乌龟"",""地位"",""创伤"",""死亡"",""快乐"",""身份"",""婚姻"",""错误"",""脚踝"",""老虎"",""冷漠"",""疾病"",""扫帚"",""难过"",""钥匙"",""天堂"",""义务"",""数据"",""爱心"",""内容"",""现象"",""柜子"",""奇迹"",""恐惧"",""膝盖"",""舒心"",""债务"",""大象"",""作用"",""纪律"",""电视"",""肩膀"",""鼻子"",""斧头"",""风景"",""熊猫"",""骗局"",""桌子""],""distance_matrix"":[[0,0.5452988948805134,0.26620204058317587,0.04398538173002328,0.8642314228043416,0.21996016442852204,0.5812256543721172,0.2464523709646821,0.8919692647741483,0.8856413401089576,0.5013351292170508,0.890932607163985,0.33410505987596484,0.043048947143836135,0.5401185778829067,0.8738151635342779,0.5080673950718577,0.4960315230595732,0.3205880408457564,0.30794879011410886,0.836783212019437,0.8791535351991806,0.8864355358139197,0.897349737391832,0.8984232738493901,0.46903495726041117,0.5851998740433855,0.11405959638004484,0.8855977520490953,0.4619711905792238,0.29067429292640246,0.08177417964575857,0.2638722403207375,0.4677877170862824,0.3208996829243113,0.1690297586372824,0.5789825392313722,0.2770930263252795,0.5199794664675258,0.8711473740782636,0.5519958855578487,0.4755769999559258,0.09194044368925752,0.2148217034465425,0.23528057645632836,0.06010476635286603,0.23811379727559887,0.501025579544123,0.4968856793052173,0.8727000971214159,0.08245418189178684,0.43165161509246386,0.31585694249747936,0.5636476231648225,0.056014641401032315,0.09521476451253878,0.05775105510113777,0.0893844280291664,0.49158507090648706,0.1271171275955297,0.31678743699004747,0.35612053140341415,0.8375871189454097,0.8521066156262488,0.8626495041616103,0.1049910261632973,0.3465136674589574,0.879394185151431,0.5057335413974349,0.5220495587546873,0.09983124645648961,0.03891703736672153,0.26332224997154957,0.11768202133221445,0.5371985612998333,0.12639855351489304,0.23655718800660364,0.46908326424285746,0.8724446389057268,0.3721945339947503,0.881865009629735,0.8799209270703581,0.6218738539403531,0.27769378572456976,0.24920142838561854,0.5122127362186814,0.5831440747406619,0.28234268219945063,0.9136137894886243,0.5695212187232984],[0.5452988948805134,0,0.3737870788667881,0.5887211582325208,0.6847736285070974,0.6909691190502978,0.053656352651460335,0.36313942962282714,0.5441533948977236,0.5288911015183538,0.6222256282334298,0.5125978570742642,0.30551597519794427,0.5177232603098513,0.03151622505416093,0.7220091676812861,0.1117643980316223,0.5863734276183952,0.44528053971072,0.7201410605261646,0.6960000619705227,0.7131446364262914,0.4520915447121486,0.48520390181042095,0.5031876046160537,0.6465124625844932,0.1364415292949258,0.5031211074283245,0.5051063055368322,0.08529835455034719,0.7491253287915391,0.4770645109853002,0.7464402470884524,0.6450784187166003,0.3791623666692491,0.6885145796820605,0.05371153098193675,0.3997138284047267,0.04473000031700019,0.4619619880992342,0.07039690769602741,0.09369117740298863,0.6380901717967511,0.7247458519547814,0.4286565851898724,0.6061349212169006,0.7303582461901764,0.6544192288458611,0.06296177593135112,0.719996145235302,0.5595780031404446,0.11404337531837434,0.35200203009459136,0.3298816064635983,0.5819423368645126,0.49886929389937973,0.5312909297733427,0.5785074617576877,0.6837828974767659,0.4565192225141605,0.7608695994487479,0.3501456638301822,0.6252327910596175,0.6425813166903404,0.6296881431139183,0.6497765984016806,0.41582206199948346,0.6142178210739571,0.5997504740310594,0.29200141305658367,0.5561625501819866,0.5061245470387268,0.37523532760573736,0.5422812950199799,0.6315706923350536,0.5249015561221883,0.7155856097458533,0.6088324048855058,0.5870452202591412,0.3108018923472902,0.5811223717595491,0.5608348276960541,0.07519281561486967,0.7194912801433971,0.7040774318412645,0.3067298029503659,0.04262638002780783,0.35742969293071847,0.5701283669302143,0.0685752877801822],[0.26620204058317587,0.3737870788667881,0,0.3093314989159228,0.9077871396478805,0.48115214020658814,0.4243292962539981,0.029467028591201316,0.8546936907717895,0.8433914463702411,0.6475657879911676,0.8374821546094618,0.07857366630224999,0.22272046408340854,0.3839342182102456,0.9307445883457792,0.39302290472630785,0.6272900799272918,0.4282104221484312,0.5563012082953279,0.8965081998925145,0.9298391684210205,0.8014366940566447,0.8255525021200949,0.836105341889027,0.636902585590087,0.36033811708382435,0.16801101960568599,0.8307442802814674,0.28911418151838936,0.5518024464759015,0.18352909749044136,0.5292267893009609,0.6354137932325401,0.05819296697106477,0.4367521480309324,0.38636145098403574,0.032043886450430006,0.33387441770524945,0.7999418265015258,0.34994591920883367,0.2819079323450497,0.349764640974655,0.4825097237234439,0.054612892508810795,0.3108018923472902,0.5044304927454368,0.6619694288691127,0.35172572292978244,0.9291514170624698,0.2316399026784791,0.2876565349980061,0.04822358212734142,0.5481826632206145,0.2713134060919175,0.17710199142937358,0.22026975829551682,0.24810121360458207,0.6686000608311183,0.1378879409089965,0.5753209155134427,0.08851400229613468,0.8640001632082293,0.8807905703030955,0.8808274901368168,0.36493026757557423,0.43021155305459696,0.8829850158608069,0.6401101819111609,0.4984924408444448,0.21981727550304636,0.24348169628757854,0.0013575763565355208,0.19840599753527713,0.6758385302642336,0.17880291376391438,0.5004211518239385,0.6196239686239564,0.865709515881379,0.10780635858695435,0.868035820251692,0.8567618211955061,0.44567026678675303,0.5336591540303507,0.5074323527300766,0.4985908571726403,0.3986874571615244,0.01765096215890872,0.8796217636322782,0.42471874342614174],[0.04398538173002328,0.5887211582325208,0.3093314989159228,0,0.8804246218309717,0.18676705038267583,0.6235478927381732,0.2906863231938267,0.9199327400239049,0.9142998511331817,0.5026569619491461,0.9209876180532043,0.3787435214367604,0.08512273709850407,0.5826829318563314,0.8876757087370315,0.5480370740556012,0.500887526061341,0.33675594530140945,0.2808485895669845,0.85048703004411,0.8940311294541678,0.9202856357476538,0.9296063836302494,0.9295308733612888,0.46576645248564785,0.6305705585403799,0.1498415552351205,0.9158633283610091,0.5060029110575366,0.2562072447045443,0.12637904190436053,0.2260504184987287,0.46461102838764723,0.36271502785911314,0.12696255423800648,0.6232977667347033,0.31837856047376784,0.5642520236955669,0.9034937365687193,0.5967824920189846,0.5203473824609521,0.04793328713717984,0.17334465301043653,0.27535487950350895,0.02866274566932771,0.1993876768729536,0.4988009112472701,0.5391258888874001,0.8866519298349992,0.10240318840158752,0.4745212110219663,0.3590786414825744,0.5922883601014585,0.05903075877284904,0.13379176296754441,0.09158322618235787,0.10091788545760301,0.4854156156568059,0.16991345581236614,0.28373732432513044,0.3989411950002219,0.8567784225995585,0.8708120640716922,0.8829087049846053,0.0598893686546382,0.36607067268636956,0.9017243049812844,0.5096730050912007,0.5524714252561325,0.12128328391742668,0.08110942720785712,0.30644407847895094,0.14344321820374362,0.5395165861005309,0.15643379484288078,0.20061272389386564,0.47013781002271077,0.8963375634445729,0.4162752840774934,0.9066975774083353,0.9060677432750208,0.6651668021640891,0.24694331520975157,0.21757721275262504,0.5415641439671398,0.6270541941334167,0.3259373738836784,0.9409949565292812,0.6111070031718379],[0.8642314228043416,0.6847736285070974,0.9077871396478805,0.8804246218309717,0,0.8172023694661641,0.6434878777604249,0.8796430408312549,0.2648330026608449,0.28029197984702015,0.42989136029875546,0.31689163466568765,0.8856069981801479,0.8748426532801303,0.6521699320471652,0.04687971852806642,0.582472289043801,0.40907249005904806,0.5425522981956654,0.7553730869441494,0.055916000485575684,0.02908667178090853,0.4178679723212124,0.3768932372045224,0.3464500629835887,0.48907357663584167,0.8215033016034498,0.9194920790837248,0.32084516458202167,0.7099714949611162,0.8205389164508871,0.8607263368695747,0.8517984013212965,0.4891590763300345,0.9502022328663525,0.881217457828517,0.7313508020810212,0.9413367876093478,0.7223465337507664,0.3719422341892048,0.7567014016444082,0.7469854857491416,0.9146912902982243,0.8825173890632076,0.9400085450787063,0.9105085625932946,0.8587636886775544,0.4593373861467362,0.6446335489406394,0.04485142546426028,0.9364317594906377,0.6725886446261075,0.9209806191654706,0.3687563567595626,0.9217760819788999,0.9006589437140257,0.9001156086124166,0.9499038614743811,0.5006701082021046,0.8818535489058447,0.8061907262579642,0.9442638650453766,0.06497971432923255,0.05149342313063764,0.08369776070623189,0.9148356584267089,0.5168177432639125,0.13118913544679123,0.40717257949490343,0.4173712713862272,0.9474402923287547,0.8329718833186549,0.907121901228674,0.9518546839296683,0.3952443577971031,0.9459950768317322,0.8352514065484379,0.456358026293606,0.16485655927562196,0.9161851529636813,0.1881311865031128,0.2183033393170571,0.686054618392119,0.7902391827580426,0.801590550839933,0.41245838507467,0.7102530638686743,0.9026943072052802,0.25733683486065356,0.6186320227783961],[0.21996016442852204,0.6909691190502978,0.48115214020658814,0.18676705038267583,0.8172023694661641,0,0.7142288458343259,0.4575818002206784,0.9106575878069125,0.9087749978087305,0.3972442188137885,0.9227046153430648,0.540886033627523,0.2642472625761687,0.6769656886767816,0.814478507654183,0.6233859785155905,0.4092864716786301,0.31400629003769115,0.09979655913764397,0.7776438836091781,0.8248948560239704,0.9434173697459524,0.9432822431032066,0.9367783750660731,0.34614268515763286,0.7607676448685553,0.33517364002603056,0.9188435511820582,0.6177918389360483,0.06938692802884641,0.29767073174832803,0.05394099073083642,0.3454199981175029,0.5383829307021624,0.08212285653177556,0.7346610110788645,0.49579935346704346,0.6768108588557914,0.9183106517472422,0.715517745092207,0.641097055541526,0.1744934047161296,0.06442134200362414,0.455609742209865,0.2037323330423545,0.043519597633844186,0.3804687888567778,0.6323392096012203,0.813857860372216,0.2905118358123568,0.576224304940396,0.5298412765301468,0.5991419959320179,0.2455149917830299,0.31670448878038604,0.2773870979797414,0.28700480322588756,0.3539504726105126,0.3454936176905954,0.09556694895826441,0.5709065396503052,0.8072920580089054,0.8187676228227772,0.8374814423265639,0.16262951778357104,0.3526517424675882,0.8653109494919624,0.41378508987265417,0.5709974202839809,0.3093729605509373,0.23622030686644832,0.4783374551175223,0.3317411460485725,0.43527943510592765,0.34432713935941817,0.023384829303972066,0.3663806068146555,0.8674602218217226,0.5818318695636269,0.882083849094928,0.8879418637010833,0.7637638763569515,0.06010476635286603,0.030434782402769464,0.5552968171849896,0.7333939502232495,0.4955023878076554,0.9282160129692714,0.6959906543813649],[0.5812256543721172,0.053656352651460335,0.4243292962539981,0.6235478927381732,0.6434878777604249,0.7142288458343259,0,0.4119295096592467,0.4922029977801049,0.47657261950654706,0.6132207927399784,0.4592331287100992,0.35834569160605334,0.5563095266861355,0.04034806560446957,0.6823632664337332,0.09982847190782503,0.5760807729237293,0.45093572209077465,0.7363551718615003,0.6579078055959539,0.6724426152309633,0.3970268295312174,0.43058070306870755,0.449098083319899,0.6421662331184955,0.17786288012792925,0.5466686253057486,0.45169924683919305,0.1336878120124002,0.7694354275899108,0.5168017151704764,0.7695895302085105,0.6407830555523366,0.43241053649787675,0.7175445432524146,0.08679690492789091,0.451301951288921,0.09987747775828619,0.4075801922651616,0.1180344745641859,0.14809624303021365,0.6730112562315613,0.7517805564441616,0.47847906471554535,0.6426054575163669,0.7550258525014759,0.6472162663730803,0.08290364164086636,0.6803130764450052,0.6011312690244205,0.14885397220641453,0.40477475852405875,0.2996899886779454,0.62086252498258,0.5409983585223053,0.5713732959108136,0.620055331066555,0.6792415687515396,0.4995550392055309,0.7792924029931686,0.4043609796005972,0.5823739630594671,0.5995831050241169,0.5849568297214381,0.6840125449423653,0.4184328982558953,0.5671469120965261,0.5890982336934781,0.2674904676761223,0.598862712939564,0.5413893485850534,0.4256360579500181,0.5861986604758294,0.6193192848286091,0.5693876801531372,0.7390539231687886,0.6025220213820961,0.5388696472947233,0.36523030262891887,0.5318821921630769,0.5105785477240813,0.0553592973969658,0.7388030460264597,0.7252309436037369,0.28422736143213184,0.06527504339782528,0.40854590583271866,0.5181445478545792,0.026194492576027982],[0.2464523709646821,0.36313942962282714,0.029467028591201316,0.2906863231938267,0.8796430408312549,0.4575818002206784,0.4119295096592467,0,0.8316856592797254,0.8207569764504898,0.6165792823569619,0.815797130103925,0.0872600153427256,0.2042226983652741,0.3708532951744789,0.902018886736202,0.3742831702872484,0.5963032525540101,0.3972146272157543,0.5302017299198368,0.8675990473643896,0.9013961711951134,0.7826591562394094,0.8055377895661109,0.8152248884899996,0.606132144385231,0.36120232385884493,0.15703403731276622,0.8091594443063379,0.2770930263252795,0.5279336663294115,0.16315311877385547,0.5067757698812906,0.6046412360194442,0.08773385092502162,0.41670137101077454,0.37991930697722504,0.061309731064150295,0.3253362334531725,0.7797647901075295,0.34504152255756515,0.27394608741884185,0.33325210821159607,0.4619711905792238,0.06681212881959908,0.29470478959295116,0.48251940705313434,0.6310808904705352,0.3363832664767298,0.9004440913379254,0.22055137957180887,0.270705281583625,0.07158178508530247,0.5220110630862485,0.2572055299004824,0.16264429298041697,0.20485252673847076,0.23804092952206077,0.6379585465714998,0.12056713347082038,0.5507856312846322,0.11276622185403304,0.836652647614093,0.8533597995234501,0.8539952908651853,0.3481373862208104,0.39938804293595,0.8570641594375508,0.6091176247784579,0.4724745952024363,0.21077042301665844,0.22075595656685748,0.027786924800671423,0.1912484190669779,0.6448430239419806,0.1719445603276749,0.47750729515325524,0.5886714456891298,0.8404308508614898,0.12423422338884454,0.8432652322602803,0.8326456423490615,0.4367809150082583,0.5087912060282133,0.48310005276446943,0.47191556905978227,0.3907801814295265,0.03722784414274783,0.8564299988128925,0.4104690632914035],[0.8919692647741483,0.5441533948977236,0.8546936907717895,0.9199327400239049,0.2648330026608449,0.9106575878069125,0.4922029977801049,0.8316856592797254,0,0.017093050668372498,0.5816578109941599,0.052593814270551695,0.8107666104134985,0.8892056714929264,0.515941937263118,0.3129293893751497,0.4702998615656847,0.5482297065639137,0.5985998188825874,0.8745618187560205,0.31457422650306704,0.2927561759495721,0.1586515843571286,0.1134888680787931,0.0816593195540263,0.6398193780251987,0.6674684587683629,0.9150876247247559,0.058251798551016414,0.5978873157788558,0.9336398003274796,0.8635299813060388,0.9559151845319334,0.6393108850993883,0.8833454295288724,0.9570050355736925,0.577573499087146,0.8872024940482937,0.5888616172167738,0.11558835224898578,0.6117095900815092,0.6278004652838675,0.9628806134177331,0.9708848483647553,0.8987825702574838,0.9480389831638706,0.955414489334769,0.6191045936502885,0.5263274814896648,0.3109795244775619,0.9487306490502596,0.5763569328475929,0.8534127066467295,0.32684033981539984,0.9469672446927316,0.9003061119818948,0.9123970182853269,0.9653596205677005,0.6637366848595192,0.8706162872323646,0.9269978443891624,0.8661297508681006,0.20518837613809204,0.21329378094664128,0.1796288561692829,0.9672848851523312,0.5621674114234998,0.13310185350996653,0.5528183477921503,0.3705463308945379,0.9550433896679243,0.8543863806875562,0.8548802869954644,0.9526731497422539,0.5572987198189733,0.9418482958701214,0.9328125502396308,0.5976087974270796,0.0984460871577383,0.8311496680706203,0.07551652899553941,0.04502894286416087,0.5182811741275122,0.9006041833000384,0.9036631275822582,0.37862791903533316,0.5553425020181909,0.8444018665320386,0.024448974569545208,0.4741528310183816],[0.8856413401089576,0.5288911015183538,0.8433914463702411,0.9142998511331817,0.28029197984702015,0.9087749978087305,0.47657261950654706,0.8207569764504898,0.017093050668372498,0,0.5856195261809696,0.03527391291608616,0.7983112104772871,0.8820095823830733,0.5010447920899324,0.32854987634503674,0.4571119367420378,0.5515498745163008,0.5956465253537558,0.8746581150187648,0.32892227625244524,0.3086371371032836,0.14059161753842184,0.09612182673490373,0.06479340583098728,0.6433149065981376,0.6511666952528351,0.9066090140230957,0.040253945429365216,0.5840112409089779,0.9331033514602388,0.8556680422938333,0.9546611167338644,0.6427655245069434,0.8711632721501609,0.9537378855852148,0.5615077886404066,0.8757527410548617,0.5738207769380415,0.0971051624209742,0.595989167863827,0.6134074882963046,0.9577052619973795,0.9684621243377484,0.888072276908969,0.9421914444475409,0.9536250259170116,0.62339902920123,0.5124217829147604,0.32657284310809354,0.9412267936780604,0.5635175491646834,0.8412639386490818,0.32056839631615797,0.9403071897190188,0.8921278853299753,0.9049951936941047,0.9580151292325417,0.6680178728930444,0.8618367264126772,0.9270473130346728,0.8533449959079041,0.2193422213743129,0.2282593370282297,0.19508344054306528,0.9623851045471523,0.5587712984526374,0.14950312198374768,0.5565648997428962,0.36302273624769066,0.9472204718497671,0.8477663430073309,0.8436282341980397,0.9444234284144339,0.562199007675078,0.933312565531488,0.9311546176322147,0.6006879082458414,0.11422006224116528,0.8180606556250681,0.09205320318208521,0.060935676499735573,0.5017013078776741,0.8999700920237309,0.9024195329013682,0.3719206785555898,0.5392872024194414,0.8328198107044366,0.04100438133319239,0.4589889214028979],[0.5013351292170508,0.6222256282334298,0.6475657879911676,0.5026569619491461,0.42989136029875546,0.3972442188137885,0.6132207927399784,0.6165792823569619,0.5816578109941599,0.5856195261809696,0,0.6097194890113868,0.6626056181661865,0.5267575229822881,0.5935110898538973,0.4207331927499099,0.5134676775938419,0.03767871686765523,0.21872664114390705,0.3256264832196236,0.3847905317018948,0.43328941990747877,0.6646541570004681,0.6481334767982595,0.6315086293995238,0.0584865481819474,0.7452627822743213,0.5895008432286479,0.6082296650566889,0.5912923223807959,0.3915618503591083,0.529295225878435,0.4254312584058954,0.05834972273788025,0.7039252302829974,0.47027244289949705,0.6773230924929325,0.6773568548339234,0.6358603916206965,0.627523790953437,0.6803147950074689,0.6290754390429156,0.525264855610707,0.46317342518107274,0.6574459198365574,0.5321189528542215,0.4356303676637279,0.03767871686765523,0.5591236025687323,0.4203390664202051,0.5838116862404021,0.5404019063920263,0.6804565443122765,0.3524445733659476,0.5557446025620235,0.5678444155433142,0.551514364548819,0.5922500962747012,0.08144776492568559,0.5660366511499418,0.3755534531810017,0.7162565571407986,0.4330145620444951,0.4412932310085836,0.4660124581242962,0.5213866798936838,0.2262402821510621,0.5026507565112961,0.02819338616466117,0.3588133864743371,0.5992845240101439,0.4816851797121831,0.6457406966226389,0.6114984653179354,0.03661501340338045,0.6125007902386209,0.41234741495273153,0.031016023826079753,0.5141080131116721,0.7037414950046837,0.5333875008216776,0.5477917301415337,0.6700272196547122,0.3627219765948135,0.37742843059339415,0.3393831596303803,0.6643226160580311,0.6511379696993851,0.5927591447698378,0.586383871733558],[0.890932607163985,0.5125978570742642,0.8374821546094618,0.9209876180532043,0.31689163466568765,0.9227046153430648,0.4592331287100992,0.815797130103925,0.052593814270551695,0.03527391291608616,0.6097194890113868,0,0.7895284800295023,0.8854749014472754,0.48597608289497507,0.3651901715438944,0.44718338260773927,0.5747491500113697,0.6081134471889478,0.8921344939088153,0.36498100983357123,0.3453539298257436,0.10475612676125928,0.05941650557882158,0.02803527725806442,0.6666145534681944,0.6311575714439512,0.9072456937916162,0.006123509848612322,0.5717474738387816,0.9494200867362906,0.8577291909459757,0.9696826875114612,0.6660036012699213,0.8629961668281728,0.9650397422479169,0.542479648984462,0.869436154640242,0.5581147918327317,0.06332775939507705,0.5780577122979117,0.5995770034684971,0.9652712676406064,0.9813365663203092,0.8835559594171057,0.948409118511574,0.9676789965794337,0.6479303495830447,0.5002709527752882,0.3632048464208055,0.943961277310891,0.5541779786827755,0.8332195440930796,0.3278771367168331,0.9448399378889133,0.8934481062974644,0.9079911874097581,0.9610744749348995,0.6924646240692367,0.8618551846140784,0.9443904773153284,0.8436231458154652,0.25539195923331137,0.2646961077963147,0.2317192413614784,0.9704980643472307,0.5705060017048245,0.18630778714402993,0.5803982358436253,0.36735497331304684,0.9492561856587124,0.8524963750155554,0.8378429110339847,0.9455250192276722,0.5877163464300779,0.9337910157747268,0.9454700814841756,0.623420779738332,0.15098170925111773,0.8075679134308741,0.12884560752399096,0.09774035858514976,0.480968476646822,0.9161481233394514,0.9175121257410944,0.37792139806834335,0.5203434306517385,0.8262266133671102,0.07121399689832406,0.4432219866829183],[0.33410505987596484,0.30551597519794427,0.07857366630224999,0.3787435214367604,0.8856069981801479,0.540886033627523,0.35834569160605334,0.0872600153427256,0.8107666104134985,0.7983112104772871,0.6626056181661865,0.7895284800295023,0,0.29254108001140927,0.31965436492316823,0.9121041795333553,0.3409377365269227,0.6383798570827852,0.4427008791236883,0.6085194693909302,0.8792591211607047,0.9093810916470656,0.7459092221763576,0.7730220170602212,0.7858596905237162,0.6590528763599046,0.28093638378288954,0.24485366065609257,0.7825250189477132,0.22473364006364405,0.6105846897362422,0.2508864452323124,0.5914149399067875,0.6575323347171843,0.07302772718809654,0.5037444996781939,0.3123421625880967,0.09568888157915116,0.2630035077007514,0.747942326243535,0.274579159416009,0.21107576188645988,0.42188890716748795,0.5485741279305093,0.13357718975944177,0.38342621255236015,0.5678176604911889,0.681194748751009,0.29248194089616175,0.9103956983319841,0.3085770622059233,0.23385595699926723,0.04495564783420161,0.5185104497049392,0.345951329585189,0.25135302777528434,0.29364341751253614,0.32570219246227466,0.6927968361083607,0.20932802962542402,0.6322643910246316,0.05719358996767292,0.8376228675045415,0.8547693549951968,0.8518026445028622,0.4367080046943101,0.4375686797909106,0.849807257049103,0.651725156057846,0.46878470248646287,0.2979112586275213,0.30631213669781754,0.08103949299806565,0.2772859565244266,0.68766786069928,0.25773527720661393,0.5616458173441372,0.6369044210064388,0.8299385489855107,0.04157902328783366,0.8302654431739535,0.8166182205742013,0.3741994735115294,0.589792216942197,0.5651357759808048,0.4718987385746764,0.32630573577273536,0.05941650557882158,0.8361962672849934,0.36209541406688694],[0.043048947143836135,0.5177232603098513,0.22272046408340854,0.08512273709850407,0.8748426532801303,0.2642472625761687,0.5563095266861355,0.2042226983652741,0.8892056714929264,0.8820095823830733,0.5267575229822881,0.8854749014472754,0.29254108001140927,0,0.5147585396189446,0.8867422191644896,0.48840970667824724,0.518621005853787,0.33468790872453347,0.35057093883305546,0.8499554425434217,0.8910586450106495,0.8757315832183263,0.8888938356993956,0.8915429373986058,0.49810296740897,0.5500210514426391,0.07129063182012732,0.87987306774383,0.43288510621872833,0.33504289901805273,0.04140907557992587,0.30844818307139094,0.49679680239964763,0.27670162653758557,0.21277556435306966,0.5486413505956065,0.23271338486257254,0.4899250430390698,0.8626216658812283,0.5199794664675258,0.4438133484315385,0.12836838269633838,0.2588308312901322,0.19070856839976796,0.09099543740275723,0.2826397333561497,0.5291547226695803,0.4724609242459398,0.8855398426593336,0.06008765352705655,0.4059873227555848,0.27245808472530203,0.5611724708138979,0.06307505351289304,0.051220236652998304,0.023955358852222303,0.0749716507878956,0.5225718130162557,0.08331288