"trial_id","rt","stimulus","response","trial_type","trial_index","plugin_version","time_elapsed","participant_number","success","raw_payload","placements","dissimilarity_vector","n_words","trial_category","distance_matrix","value"
"consent_form","38530","
    <div style=""max-width:800px; margin:0 auto; text-align:left; font-size: 16px; padding: 10px 0;"">
      <h1>Informed Consent Form</h1>
      <p>You are being invited to participate in a research study titled <strong>""Reproducibility of Psychological Science and Instruction.""</strong> This study is being done by Dr. Bria Long from UC San Diego and associated graduate students in the Experimental Methods course. You were selected to participate in this study because you are an adult in the U.S. and have been a represented population in previous psychology studies.</p>
      
      <p>The purpose of this study is to better understand how well previously published studies in the psychological field replicate online and with different populations. Your participation in this research should last approximately <strong>5-30 minutes</strong>. If you agree to take part in this study, you may be asked to view a set of stimuli, including pictures, sounds, written text, or videos and then giving some responses via key-presses, verbally, or with paper-and-pencil. We may also observe your choices or preferences among an array of stimuli. These stimuli will be taken directly from or closely adapted from studies that already exist in the published psychological literature. Stimuli will include, e.g., pictures of objects and human faces, audio and video clips, short text passages, etc. None of the stimuli will be disturbing, threatening, or offensive. The online and in-person experiments described in this protocol will take no more than 30 minutes. An example game you might play would be to click on an image on the screen that matches a word you hear being said out loud. Your total expected time commitment for this study is between 5-30 minutes, and is specified in the study description.</p>
      
      <p>Your participation in this study is completely voluntary and you can withdraw at any time. Choosing not to participate or withdrawing will result in no penalty or loss of benefits to which you are entitled. You are free to skip any question that you choose.</p>
      
      <p>We will not be asking for any personally identifying information, and we will handle responses as confidentially as possible. Your SONA or Prolific IDs will never be tied to your responses on this survey. However, we cannot guarantee the confidentiality of information transmitted over the Internet. To minimize this risk, data containing anything that might be personally identifying (e.g. Prolific IDs or IP addresses) will be encrypted on transfer and storage and will only be accessible to qualified lab personnel. We will be keeping data collected as part of this experiment indefinitely. This anonymized data (containing neither Prolific IDs nor IP addresses) may be shared with the scientific community or with other participants to be used as stimuli in future studies.</p>
      
      <p>If you have questions about this project or if you have a research-related problem, you may contact the researcher(s), <strong>Dr. Bria Long, <a href=""mailto:brlong@ucsd.edu"">brlong@ucsd.edu</a></strong>. If you have any questions concerning your rights as a research subject, you may contact the UC San Diego Office of IRB Administration at <a href=""mailto:irb@ucsd.edu"">irb@ucsd.edu</a> or 858-246-4777.</p>
      
      <h3 style=""margin-top: 25px;"">Consent Statement</h3>
      <p style=""font-weight: bold;"">By participating in this research you are indicating that you are at least 18 years old, have read this consent form, and agree to participate in this research study. Please keep this consent form for your records.</p>
    </div>
  ","0","html-button-response","0","2.1.0","38533","mc5sg7o73g_f1j1lc","","","","","","","",""
"","32243","","{""participant_date"":""11/25/25"",""participant_time"":""7:50 PM""}","survey-html-form","1","2.1.0","70777","mc5sg7o73g_f1j1lc","","","","","","","",""
"","4148","
    <div style=""display:flex; align-items:center; justify-content:center; height:100vh; font-family:sans-serif;"">
      <div style=""max-width:900px; margin:0 auto; text-align:center;"">
        <h1 style= ""font-size: 24px;"">Welcome! Thank you for participating in the study.</h1>
        <h2 style= ""font-size: 22px;"">The study will be in Madarin Chinese.</h2>
        <h2 style= ""font-size: 22px;"">Please use desktop computers or laptops for the study. Tablets and phones are not allowed.</h2>
        <p style=""font-size:16px; margin-top:30px;""><em>Press any key to continue.</em></p>
      </div>
    </div>
  "," ","html-keyboard-response","2","2.1.0","74926","mc5sg7o73g_f1j1lc","","","","","","","",""
"","1131","
    <div style=""display:flex; align-items:center; justify-content:center; height:100vh; font-family:sans-serif;"">
      <div style=""max-width:900px; margin:0 auto; text-align:center;"">
        <p style=""font-size:18px; line-height:1.6;"">
          In this task, you will be presented with <strong>90 words</strong> arranged <strong>outside a circle</strong>.<br>
          Your job is to <strong>drag these words into the circle</strong> and <strong>rearrange them</strong> based on their <strong>meaning similarity</strong>.<br><br>
          Words that are <strong>similar in meaning</strong> should be placed <strong>closer together</strong>.<br>
          Words that are <strong>different in meaning</strong> should be placed <strong>farther apart</strong>.<br><br>
          You can place the words <strong>anywhere inside the circle</strong>. There is no single correct answer — 
          we are interested in <strong>your personal judgment</strong> of how these words relate to each other.<br><br>
          <strong>You must move all words into the circle before you can finish.</strong><br>
          After the initial arrangement, you will arrange words from specific categories.
        </p>
        <p style=""font-size:16px; margin-top:30px;""><em>Press any key to continue.</em></p>
      </div>
    </div>
  "," ","html-keyboard-response","3","2.1.0","76059","mc5sg7o73g_f1j1lc","","","","","","","",""
"","1502","","","fullscreen","4","2.1.0","78565","mc5sg7o73g_f1j1lc","true","{""placements"":[{""word"":""骄傲"",""x"":479,""y"":390.7,""cx"":498,""cy"":408.1,""angle_rad"":0.374,""angle_deg"":21.4},{""word"":""冰箱"",""x"":534,""y"":377.7,""cx"":553,""cy"":395.1,""angle_rad"":0.219,""angle_deg"":12.5},{""word"":""兔子"",""x"":419,""y"":117.7,""cx"":438,""cy"":135.1,""angle_rad"":-1.182,""angle_deg"":292.3},{""word"":""反感"",""x"":506,""y"":426.7,""cx"":525,""cy"":444.1,""angle_rad"":0.493,""angle_deg"":28.3},{""word"":""协议"",""x"":424,""y"":86.7,""cx"":443,""cy"":104.1,""angle_rad"":-1.209,""angle_deg"":290.7},{""word"":""嘴唇"",""x"":503,""y"":128.7,""cx"":522,""cy"":146.1,""angle_rad"":-0.87,""angle_deg"":310.2},{""word"":""剪刀"",""x"":350,""y"":355.7,""cx"":369,""cy"":373.1,""angle_rad"":0.882,""angle_deg"":50.6},{""word"":""长颈鹿"",""x"":505,""y"":457.7,""cx"":531,""cy"":475.1,""angle_rad"":0.605,""angle_deg"":34.6},{""word"":""制度"",""x"":499,""y"":447.7,""cx"":518,""cy"":465.1,""angle_rad"":0.601,""angle_deg"":34.4},{""word"":""过失"",""x"":597,""y"":325.7,""cx"":616,""cy"":343.1,""angle_rad"":-0.026,""angle_deg"":358.5},{""word"":""友情"",""x"":611,""y"":349.7,""cx"":630,""cy"":367.1,""angle_rad"":0.061,""angle_deg"":3.5},{""word"":""方法"",""x"":611,""y"":401.7,""cx"":630,""cy"":419.1,""angle_rad"":0.242,""angle_deg"":13.9},{""word"":""蚂蚁"",""x"":573,""y"":389.7,""cx"":592,""cy"":407.1,""angle_rad"":0.232,""angle_deg"":13.3},{""word"":""沮丧"",""x"":549,""y"":494.7,""cx"":568,""cy"":512.1,""angle_rad"":0.639,""angle_deg"":36.6},{""word"":""沙发"",""x"":515,""y"":597.7,""cx"":534,""cy"":615.1,""angle_rad"":0.964,""angle_deg"":55.2},{""word"":""暴力"",""x"":453,""y"":512.7,""cx"":472,""cy"":530.1,""angle_rad"":0.975,""angle_deg"":55.9},{""word"":""筷子"",""x"":468,""y"":328.7,""cx"":487,""cy"":346.1,""angle_rad"":-0.028,""angle_deg"":358.4},{""word"":""概念"",""x"":484,""y"":508.7,""cx"":503,""cy"":526.1,""angle_rad"":0.855,""angle_deg"":49},{""word"":""麻雀"",""x"":467,""y"":480.7,""cx"":486,""cy"":498.1,""angle_rad"":0.828,""angle_deg"":47.4},{""word"":""椅子"",""x"":413,""y"":497.7,""cx"":432,""cy"":515.1,""angle_rad"":1.11,""angle_deg"":63.6},{""word"":""买卖"",""x"":391,""y"":549.7,""cx"":410,""cy"":567.1,""angle_rad"":1.301,""angle_deg"":74.5},{""word"":""魔力"",""x"":359,""y"":432.7,""cx"":378,""cy"":450.1,""angle_rad"":1.298,""angle_deg"":74.4},{""word"":""结果"",""x"":367,""y"":432.7,""cx"":386,""cy"":450.1,""angle_rad"":1.225,""angle_deg"":70.2},{""word"":""敌意"",""x"":418,""y"":363.7,""cx"":437,""cy"":381.1,""angle_rad"":0.343,""angle_deg"":19.7},{""word"":""纠纷"",""x"":321,""y"":560.7,""cx"":340,""cy"":578.1,""angle_rad"":1.615,""angle_deg"":92.5},{""word"":""关系"",""x"":316,""y"":565.7,""cx"":335,""cy"":583.1,""angle_rad"":1.635,""angle_deg"":93.7},{""word"":""铅笔"",""x"":301,""y"":546.7,""cx"":320,""cy"":564.1,""angle_rad"":1.71,""angle_deg"":98},{""word"":""愤怒"",""x"":285,""y"":574.7,""cx"":304,""cy"":592.1,""angle_rad"":1.759,""angle_deg"":100.8},{""word"":""团队"",""x"":410,""y"":612.7,""cx"":429,""cy"":630.1,""angle_rad"":1.296,""angle_deg"":74.2},{""word"":""洗衣机"",""x"":413,""y"":559.7,""cx"":439,""cy"":577.1,""angle_rad"":1.197,""angle_deg"":68.6},{""word"":""大腿"",""x"":441,""y"":507.7,""cx"":460,""cy"":525.1,""angle_rad"":1.01,""angle_deg"":57.9},{""word"":""慈善"",""x"":328,""y"":483.7,""cx"":347,""cy"":501.1,""angle_rad"":1.591,""angle_deg"":91.1},{""word"":""手指"",""x"":358,""y"":450.7,""cx"":377,""cy"":468.1,""angle_rad"":1.346,""angle_deg"":77.1},{""word"":""性质"",""x"":320,""y"":494.7,""cx"":339,""cy"":512.1,""angle_rad"":1.639,""angle_deg"":93.9},{""word"":""猫"",""x"":266,""y"":554.7,""cx"":278,""cy"":572.1,""angle_rad"":1.884,""angle_deg"":108},{""word"":""眼睛"",""x"":250,""y"":579.7,""cx"":269,""cy"":597.1,""angle_rad"":1.888,""angle_deg"":108.1},{""word"":""床"",""x"":228,""y"":540.7,""cx"":240,""cy"":558.1,""angle_rad"":2.057,""angle_deg"":117.9},{""word"":""鼠标"",""x"":225,""y"":475.7,""cx"":244,""cy"":493.1,""angle_rad"":2.208,""angle_deg"":126.5},{""word"":""微波炉"",""x"":212,""y"":528.7,""cx"":238,""cy"":546.1,""angle_rad"":2.09,""angle_deg"":119.7},{""word"":""原因"",""x"":164,""y"":399.7,""cx"":183,""cy"":417.1,""angle_rad"":2.76,""angle_deg"":158.1},{""word"":""锤子"",""x"":157,""y"":494.7,""cx"":176,""cy"":512.1,""angle_rad"":2.392,""angle_deg"":137},{""word"":""勺子"",""x"":238,""y"":557.7,""cx"":257,""cy"":575.1,""angle_rad"":1.963,""angle_deg"":112.4},{""word"":""缘分"",""x"":141,""y"":440.7,""cx"":160,""cy"":458.1,""angle_rad"":2.624,""angle_deg"":150.4},{""word"":""胳膊"",""x"":121,""y"":432.7,""cx"":140,""cy"":450.1,""angle_rad"":2.697,""angle_deg"":154.5},{""word"":""老鼠"",""x"":266,""y"":385.7,""cx"":285,""cy"":403.1,""angle_rad"":2.457,""angle_deg"":140.7},{""word"":""兴奋"",""x"":269,""y"":370.7,""cx"":288,""cy"":388.1,""angle_rad"":2.59,""angle_deg"":148.4},{""word"":""耳朵"",""x"":225,""y"":425.7,""cx"":244,""cy"":443.1,""angle_rad"":2.421,""angle_deg"":138.7},{""word"":""社会"",""x"":211,""y"":379.7,""cx"":230,""cy"":397.1,""angle_rad"":2.768,""angle_deg"":158.6},{""word"":""牙刷"",""x"":124,""y"":299.7,""cx"":143,""cy"":317.1,""angle_rad"":-2.984,""angle_deg"":189},{""word"":""过程"",""x"":228,""y"":368.7,""cx"":247,""cy"":386.1,""angle_rad"":2.804,""angle_deg"":160.7},{""word"":""光彩"",""x"":165,""y"":332.7,""cx"":184,""cy"":350.1,""angle_rad"":3.141,""angle_deg"":180},{""word"":""空调"",""x"":163,""y"":370.7,""cx"":182,""cy"":388.1,""angle_rad"":2.919,""angle_deg"":167.2},{""word"":""乌龟"",""x"":226,""y"":296.7,""cx"":245,""cy"":314.1,""angle_rad"":-2.812,""angle_deg"":198.9},{""word"":""地位"",""x"":167,""y"":256.7,""cx"":186,""cy"":274.1,""angle_rad"":-2.708,""angle_deg"":204.8},{""word"":""创伤"",""x"":110,""y"":270.7,""cx"":129,""cy"":288.1,""angle_rad"":-2.868,""angle_deg"":195.6},{""word"":""死亡"",""x"":268,""y"":120.7,""cx"":287,""cy"":138.1,""angle_rad"":-1.86,""angle_deg"":253.4},{""word"":""快乐"",""x"":123,""y"":167.7,""cx"":142,""cy"":185.1,""angle_rad"":-2.471,""angle_deg"":218.4},{""word"":""身份"",""x"":173,""y"":121.7,""cx"":192,""cy"":139.1,""angle_rad"":-2.214,""angle_deg"":233.2},{""word"":""婚姻"",""x"":151,""y"":190.7,""cx"":170,""cy"":208.1,""angle_rad"":-2.474,""angle_deg"":218.3},{""word"":""错误"",""x"":204,""y"":239.7,""cx"":223,""cy"":257.1,""angle_rad"":-2.51,""angle_deg"":216.2},{""word"":""脚踝"",""x"":372,""y"":325.7,""cx"":391,""cy"":343.1,""angle_rad"":-0.167,""angle_deg"":350.5},{""word"":""老虎"",""x"":239,""y"":296.7,""cx"":258,""cy"":314.1,""angle_rad"":-2.77,""angle_deg"":201.3},{""word"":""冷漠"",""x"":182,""y"":217.7,""cx"":201,""cy"":235.1,""angle_rad"":-2.485,""angle_deg"":217.6},{""word"":""疾病"",""x"":203,""y"":234.7,""cx"":222,""cy"":252.1,""angle_rad"":-2.489,""angle_deg"":217.4},{""word"":""扫帚"",""x"":230,""y"":185.7,""cx"":249,""cy"":203.1,""angle_rad"":-2.173,""angle_deg"":235.5},{""word"":""难过"",""x"":260,""y"":52.7,""cx"":279,""cy"":70.1,""angle_rad"":-1.819,""angle_deg"":255.8},{""word"":""钥匙"",""x"":335,""y"":90.7,""cx"":354,""cy"":108.1,""angle_rad"":-1.554,""angle_deg"":270.9},{""word"":""天堂"",""x"":222,""y"":264.7,""cx"":241,""cy"":282.1,""angle_rad"":-2.584,""angle_deg"":211.9},{""word"":""义务"",""x"":337,""y"":144.7,""cx"":356,""cy"":162.1,""angle_rad"":-1.539,""angle_deg"":271.8},{""word"":""数据"",""x"":379,""y"":212.7,""cx"":398,""cy"":230.1,""angle_rad"":-1.19,""angle_deg"":291.8},{""word"":""爱心"",""x"":388,""y"":292.7,""cx"":407,""cy"":310.1,""angle_rad"":-0.611,""angle_deg"":325},{""word"":""内容"",""x"":329,""y"":240.7,""cx"":348,""cy"":258.1,""angle_rad"":-1.592,""angle_deg"":268.8},{""word"":""现象"",""x"":247,""y"":264.7,""cx"":266,""cy"":282.1,""angle_rad"":-2.462,""angle_deg"":219},{""word"":""柜子"",""x"":418,""y"":165.7,""cx"":437,""cy"":183.1,""angle_rad"":-1.09,""angle_deg"":297.5},{""word"":""奇迹"",""x"":429,""y"":176.7,""cx"":448,""cy"":194.1,""angle_rad"":-1.01,""angle_deg"":302.2},{""word"":""恐惧"",""x"":392,""y"":186.7,""cx"":411,""cy"":204.1,""angle_rad"":-1.175,""angle_deg"":292.7},{""word"":""膝盖"",""x"":535,""y"":365.7,""cx"":554,""cy"":383.1,""angle_rad"":0.161,""angle_deg"":9.2},{""word"":""舒心"",""x"":397,""y"":222.7,""cx"":416,""cy"":240.1,""angle_rad"":-1.03,""angle_deg"":301},{""word"":""债务"",""x"":386,""y"":169.7,""cx"":405,""cy"":187.1,""angle_rad"":-1.245,""angle_deg"":288.7},{""word"":""大象"",""x"":385,""y"":179.7,""cx"":404,""cy"":197.1,""angle_rad"":-1.231,""angle_deg"":289.5},{""word"":""作用"",""x"":463,""y"":175.7,""cx"":482,""cy"":193.1,""angle_rad"":-0.871,""angle_deg"":310.1},{""word"":""纪律"",""x"":468,""y"":249.7,""cx"":487,""cy"":267.1,""angle_rad"":-0.544,""angle_deg"":328.8},{""word"":""电视"",""x"":552,""y"":209.7,""cx"":571,""cy"":227.1,""angle_rad"":-0.508,""angle_deg"":330.9},{""word"":""肩膀"",""x"":36,""y"":368.7,""cx"":55,""cy"":386.1,""angle_rad"":3.02,""angle_deg"":173},{""word"":""鼻子"",""x"":93,""y"":370.7,""cx"":112,""cy"":388.1,""angle_rad"":2.983,""angle_deg"":170.9},{""word"":""斧头"",""x"":146,""y"":352.7,""cx"":165,""cy"":370.1,""angle_rad"":3.033,""angle_deg"":173.8},{""word"":""风景"",""x"":546,""y"":247.7,""cx"":565,""cy"":265.1,""angle_rad"":-0.376,""angle_deg"":338.5},{""word"":""熊猫"",""x"":473,""y"":329.7,""cx"":492,""cy"":347.1,""angle_rad"":-0.02,""angle_deg"":358.8},{""word"":""骗局"",""x"":509,""y"":276.7,""cx"":528,""cy"":294.1,""angle_rad"":-0.304,""angle_deg"":342.6},{""word"":""桌子"",""x"":444,""y"":308.7,""cx"":463,""cy"":326.1,""angle_rad"":-0.208,""angle_deg"":348.1}],""n_words"":90,""words"":[""骄傲"",""冰箱"",""兔子"",""反感"",""协议"",""嘴唇"",""剪刀"",""长颈鹿"",""制度"",""过失"",""友情"",""方法"",""蚂蚁"",""沮丧"",""沙发"",""暴力"",""筷子"",""概念"",""麻雀"",""椅子"",""买卖"",""魔力"",""结果"",""敌意"",""纠纷"",""关系"",""铅笔"",""愤怒"",""团队"",""洗衣机"",""大腿"",""慈善"",""手指"",""性质"",""猫"",""眼睛"",""床"",""鼠标"",""微波炉"",""原因"",""锤子"",""勺子"",""缘分"",""胳膊"",""老鼠"",""兴奋"",""耳朵"",""社会"",""牙刷"",""过程"",""光彩"",""空调"",""乌龟"",""地位"",""创伤"",""死亡"",""快乐"",""身份"",""婚姻"",""错误"",""脚踝"",""老虎"",""冷漠"",""疾病"",""扫帚"",""难过"",""钥匙"",""天堂"",""义务"",""数据"",""爱心"",""内容"",""现象"",""柜子"",""奇迹"",""恐惧"",""膝盖"",""舒心"",""债务"",""大象"",""作用"",""纪律"",""电视"",""肩膀"",""鼻子"",""斧头"",""风景"",""熊猫"",""骗局"",""桌子""],""distance_matrix"":[[0,0.08618148074141209,0.4599622267014073,0.06687985211198613,0.5092737856921097,0.43244207479764163,0.21549321699022475,0.11663792557837628,0.09270414870245941,0.21726065754778437,0.22313154741624272,0.21347142190552948,0.14901990098706153,0.20158072981471484,0.34362341418128795,0.2005352465502521,0.09699724818221143,0.189415957677101,0.1436414124771188,0.20217486761568915,0.2960555807862213,0.20455462951707748,0.19194721865692424,0.10326615728406231,0.3804635441948631,0.3923079934469548,0.3881725640960818,0.4396209045162268,0.38111659449317864,0.2914880418739132,0.19764646001305516,0.2887034364728848,0.21783225973912554,0.3099077283251782,0.4513896030326954,0.489135896489523,0.49167535408075097,0.44040068920873354,0.4848326677039436,0.5196546193979779,0.5586249054494009,0.4829099326043109,0.5641557247136528,0.5956288049787948,0.3485706614908194,0.345036598598895,0.42121715863824166,0.44103854101245143,0.6057234964634962,0.4137787945832239,0.5266662962031933,0.5221750958839886,0.44384185704906526,0.5606028420698735,0.6418345049748541,0.5658138787391571,0.6955641347084224,0.6743607595259589,0.6353725010027211,0.5173090839199904,0.20129976594987412,0.42348287269340196,0.5675647997175154,0.522852253154508,0.5320615721860157,0.6665156013784602,0.5492245859976075,0.4712088000157804,0.4675494637087976,0.3336662430328877,0.21561231548091278,0.3470174729083003,0.4339684321981717,0.3822001896150217,0.35980893583504947,0.3631836968754529,0.09424626831437014,0.3047983953257463,0.3933439401085439,0.37862841778636663,0.3528211143709047,0.22850793410693088,0.3185809275475313,0.7349008665072891,0.639313382278767,0.5532321902335985,0.25614635610314146,0.09419159120021517,0.1890395147049232,0.14089368842164543],[0.08618148074141209,0,0.46797709728638454,0.0860479248485852,0.5128962376070424,0.4120356031171845,0.3020607606999434,0.13052288870581288,0.12263244203598919,0.12837500606925148,0.12878476818568577,0.12664044301359298,0.05984743503277014,0.18916744363624696,0.3615779752361113,0.2553384557371525,0.1292340989934263,0.22647855889969132,0.19740787750538633,0.2770923113676839,0.3663745096510824,0.298924379080285,0.2861595451321177,0.18729712303268206,0.46214291499593885,0.4739620194656185,0.4739096130565335,0.5236394212861912,0.4368194070413618,0.35141507679519857,0.25936932502356275,0.37976960534610327,0.31082391767698275,0.4002576142096195,0.5396169749970299,0.575608672788086,0.5829641027655152,0.5348063402471539,0.5769681641908199,0.6127224884310077,0.6530914670496368,0.572125869976208,0.658588721431397,0.68981287527299,0.44086040885278377,0.4357868172688776,0.5155939672350504,0.5328587020860659,0.6909986381608167,0.5045756435433058,0.6145332263591379,0.6134139904632593,0.52526027640416,0.6391702610141767,0.7244197087588496,0.6114119476778169,0.7650648523746459,0.7332438322065853,0.7058492785494594,0.5909981809016585,0.27663458385549144,0.5042168904172802,0.6395475125367087,0.5958194281585967,0.5941202960568811,0.70396502419004,0.5768337969450908,0.5476533641885494,0.5028782516977853,0.37090689551975126,0.27462270655068244,0.40473111904145126,0.5084511605433192,0.39651218320139225,0.3715578866857612,0.39037947050561095,0.011636766514925163,0.33819268835528066,0.41934014405033737,0.4068027170269376,0.3503402991365618,0.23284154328861933,0.27465742965631307,0.8263101021314272,0.73072661544412,0.6431463764585384,0.21027858414284475,0.12155718503959127,0.1658530066840133,0.18153885173514578],[0.4599622267014073,0.46797709728638454,0,0.5295195292684205,0.044085339810891744,0.13345162204247016,0.4068027170269376,0.5822773809992761,0.5606028420698735,0.4503255146420583,0.4962152963375716,0.5660559551860411,0.5153661120293255,0.659874015597498,0.8119364072928505,0.6559789680861946,0.3545313506917075,0.6558204076629927,0.6051904335909107,0.6284680131025964,0.7170675447856093,0.5289317997338772,0.5265849267241091,0.4037885206392156,0.751937748185646,0.7619572061780961,0.7372250772938697,0.7897016860945025,0.8212824913251402,0.7323115437805168,0.6461893212187171,0.6236002238602629,0.558897280556202,0.6447846615749009,0.7714807432868199,0.8160164200072633,0.7742922451187529,0.6739554127189448,0.7575838577510444,0.6287171497063666,0.7609720839614038,0.7889199663136339,0.7057607886119458,0.7182687575868143,0.5087092201088348,0.4844481507176386,0.6015795019096426,0.5521684677158364,0.5724475273693189,0.5201224777284671,0.5492371782212064,0.5947376575790454,0.432664997463387,0.47383681693207824,0.5693954917842537,0.2446012301072188,0.4946209256785381,0.40383961905024557,0.4570266857527983,0.405800421235661,0.3488812753116792,0.4169467441008911,0.42261385569799004,0.40320213894075824,0.3281249888329696,0.27937003376741065,0.13934406235948113,0.4034511121812489,0.13615622165114005,0.16422643281490937,0.28934544615275737,0.2469157041644038,0.37069582359670383,0.07192574681009033,0.09175629501296736,0.11564652705588824,0.450362248418611,0.17127021138359907,0.0946826426501797,0.10997469162000993,0.11347854116262034,0.227456741542905,0.26251770698002,0.7589925558982648,0.6831248838892029,0.5952241125424681,0.2960740269970909,0.3581424710163851,0.2976929425191022,0.3143278454703108],[0.06687985211198613,0.0860479248485852,0.5295195292684205,0,0.5776826718879889,0.49096999433700605,0.2787399594971416,0.04437811194407019,0.028556365053401,0.21932281143454113,0.20970007138125923,0.1723683520183842,0.1197414148411959,0.12630752050225363,0.2784709026031487,0.16077719238547428,0.16763206916566303,0.13375796207304783,0.10310271567962868,0.18756949681427074,0.27369352221318466,0.23805185825899505,0.2246544905176758,0.1728568619283009,0.374337932952346,0.38604588173458787,0.38960403456040305,0.43727336697682667,0.3422926333210877,0.2569253421436572,0.1655305217451746,0.3047311428239844,0.2427633702147204,0.32339784212016776,0.4577502535442696,0.4913410645743652,0.5059535519981093,0.46955748483384935,0.5019847930684724,0.5664787330210667,0.5874285414154445,0.49145345573167293,0.603696306176654,0.6368477100751943,0.39955602806903284,0.39963863020399115,0.4624531916374263,0.49215252335776055,0.6661992316013272,0.4674550376541734,0.5843375293834797,0.5739832231357865,0.5088911426212479,0.6271103807767237,0.7048536261687129,0.6412273010165823,0.7664237010555415,0.7483476421730814,0.7059731460507506,0.5868342733683218,0.27271132854931296,0.48921209939677546,0.637709048373022,0.5927037997757401,0.6056114315318469,0.7417826363347031,0.6233779687262294,0.5394785763600826,0.5425076697177162,0.4085576748418676,0.29072861331628463,0.42181816330819777,0.5035013734756496,0.4531241653048685,0.4299151723016063,0.43680363623104723,0.10466449655606613,0.37913602697529847,0.4668674046614464,0.4524695178365734,0.41829488859553454,0.2948912088510008,0.3632592671945705,0.7852175205650778,0.690036113187384,0.6074818395604072,0.2988832583557891,0.16319075512157594,0.24292541743626217,0.21487791129203632],[0.5092737856921097,0.5128962376070424,0.044085339810891744,0.5776826718879889,0,0.14141916170555058,0.4590859024849479,0.630557302535499,0.6094625193841389,0.4859872653304541,0.532352517900542,0.6054673179946229,0.5574100056425234,0.7066962609277955,0.861439061028971,0.7071439111941583,0.4037306014505416,0.7059004010732346,0.6557760039626411,0.680595822409453,0.7694773984466521,0.5815446317213966,0.5792166391904742,0.45585453329284453,0.8044875801626219,0.814481744991956,0.789567932516912,0.8419464819192247,0.8734181068696558,0.7842985093740092,0.697685660294046,0.6760618264427984,0.6115184333844643,0.6971882224202506,0.8232151073344692,0.8677504823012068,0.8250303434797862,0.7238387782648777,0.8081147065814286,0.6734798007160914,0.8087405799081772,0.8402468694192674,0.7511097723972321,0.7623436137322221,0.5582904480295836,0.5337608722175884,0.6503341683950354,0.5986206981634705,0.6081496065469004,0.5670818140889298,0.5901846088548189,0.6379698334209551,0.475229684986217,0.5079373743990527,0.6014689784739916,0.2590702968731137,0.5139216176703906,0.41623634604788795,0.4811202344791905,0.44061340712250513,0.40142425638765616,0.4605495261046529,0.45269798876008543,0.43727336697682667,0.3565184241382984,0.2721864204214725,0.14078084643164632,0.44273195880838784,0.16671273724093316,0.21571255988840782,0.34197217350600156,0.29474303223523685,0.4122059070746299,0.12425015929146943,0.14253902189402715,0.16744060513352726,0.49474933105488333,0.22385800306825754,0.14446069811415377,0.16048657865162802,0.15432429030163555,0.2744440632797004,0.28900101023524316,0.7954233037761944,0.7224853216276171,0.636366513548607,0.3300388571477905,0.4069548813511134,0.3403372761718089,0.3650646093910125],[0.43244207479764163,0.4120356031171845,0.13345162204247016,0.49096999433700605,0.14141916170555058,0,0.4502949009151382,0.5431114925033603,0.5261857745986439,0.3573179107200652,0.4037476373506533,0.48354692138296995,0.4443880328428426,0.609748850452504,0.7778228549965017,0.6405264746553105,0.33177690246660907,0.6291842938470888,0.584534150276498,0.628081989666922,0.7216547298752535,0.5552763862058343,0.5496676612893755,0.41032204808213146,0.7771848689045968,0.7881745063228409,0.769603774037339,0.8235376177025203,0.8175482439903031,0.7271456559380162,0.6351564928480429,0.6548555446110196,0.5833700577746656,0.6773328099473727,0.8143229987450803,0.8582166887531499,0.828298253375779,0.7367125633418713,0.8137150417372456,0.7189120692117433,0.8356584619697089,0.8366462821756738,0.7924825550416869,0.8097488781833341,0.5774286179775043,0.5556947930620042,0.673323249780836,0.6368564162090536,0.6883792343710385,0.6032464379688495,0.6531806317502573,0.6909584757223045,0.5344649730753559,0.594120296056881,0.6918595679642885,0.3855756874762608,0.6317343310851823,0.5447057697570088,0.5905387774311514,0.5260412711232426,0.3879954809898525,0.5159556514641243,0.5497934708191461,0.5247626842782629,0.4589086374708911,0.41821260587908426,0.280159342115744,0.5147141669232279,0.27098292908660937,0.24249492427457645,0.3271890683089714,0.33829800516559544,0.4773389660494375,0.14683841507993098,0.13929656251519068,0.20137338807135122,0.392304489089464,0.22892237595083378,0.19925479712938773,0.2069211471453894,0.09490013952901323,0.20258111996624006,0.15013038325334435,0.871531890031272,0.7894535202235657,0.6978745948429798,0.20353705511274126,0.3320904583680705,0.23972661878608462,0.3089535026650001],[0.21549321699022475,0.3020607606999434,0.4068027170269376,0.2787399594971416,0.4590859024849479,0.4502949009151382,0,0.31232903543830687,0.28497027460206226,0.40850378625794853,0.4290428785440274,0.43566982873346116,0.369553256079459,0.39831843622585505,0.4823923071529276,0.3061850629504546,0.19435001388633746,0.33235428174998505,0.27843174604067084,0.251839158706533,0.32380807588406757,0.12139512906961954,0.12362458076848898,0.10621726426448687,0.33848425661070697,0.3480274211080723,0.3219643893840797,0.37435627657648046,0.4338065067925349,0.35295714299997644,0.288396103367965,0.20914583389257543,0.1512507301451592,0.22980214554337272,0.3582267400812375,0.4026251703298864,0.3694826599325298,0.28189117185625373,0.3551807540761379,0.3118208073523362,0.39011528679226093,0.37859576299876574,0.36963126806742985,0.3964081307403119,0.1409594735842268,0.12952944938169692,0.23158711526513048,0.22788490920128726,0.3817181633502575,0.19710072185220967,0.30392747932597347,0.3058992840939753,0.2216229401546528,0.3401963251473063,0.41821260587908426,0.4086384946660812,0.48548423803430674,0.4832385276068641,0.42474909117186466,0.30400838810087116,0.05380952109169174,0.20215486778332306,0.35586754978104435,0.31058191187061046,0.3402366026809824,0.5212558487044588,0.43634288207068983,0.2546935519984153,0.34579063533326043,0.23602126439557672,0.11477251551903482,0.18739751531743432,0.22182425207855686,0.3297026354372953,0.31940436616083445,0.283338545625105,0.30199291531858347,0.22789085051499303,0.30900216678509745,0.29223154241469984,0.3476845177148784,0.2573219046928088,0.4092138833429892,0.5182138848795074,0.4229558127520251,0.3334239712603918,0.36655056505928113,0.20217486761568915,0.28904349648232963,0.1676081475423176],[0.11663792557837628,0.13052288870581288,0.5822773809992761,0.04437811194407019,0.630557302535499,0.5431114925033603,0.31232903543830687,0,0.018944132505011816,0.2546081571618883,0.2370243598013569,0.18209966436124533,0.14457082821272496,0.07915913005253218,0.22616755221285909,0.1266508336321117,0.2199077009716649,0.08897271272157994,0.07616086307362217,0.17042452535485356,0.24623294283499397,0.2513045237348493,0.23808033877618692,0.21427351538685768,0.3551807540761379,0.36655056505928113,0.37529429866874425,0.4195042601812385,0.3024630055398238,0.22169006368717023,0.13700799201900124,0.30292787638417906,0.24984624234844843,0.3191944143863767,0.44561761985462117,0.47587967274347787,0.4986639270639101,0.4734522711171055,0.49677714139026347,0.5827978419612974,0.5897081445340343,0.4803479316974411,0.6139558075005903,0.6481644871291583,0.42108312457813507,0.42407423584599185,0.47548804355417157,0.5126375559354464,0.6936522821228462,0.49030587783655416,0.6096625106050272,0.5943300369017966,0.541568774812513,0.6607078182908311,0.7345984876341075,0.6888285709077201,0.8047225222290878,0.7914805892108687,0.7440594653552394,0.6239356811078555,0.3139708903160996,0.5226883333373058,0.6753946415449188,0.6301725418071781,0.648168765196772,0.7909747430187516,0.6744039548942261,0.5753416874952246,0.5925191997344479,0.45871627395913417,0.33740991127071085,0.4672484153267823,0.5409479186024301,0.5056230814540442,0.48256681645941657,0.4882290330025302,0.1504045822677858,0.42998244635920196,0.5183605350075764,0.503742732238557,0.4712088000157804,0.3478067395219344,0.4125096116560809,0.8031249596497344,0.7087378636099517,0.6296687045429418,0.3480274211080723,0.21573761398958227,0.2948773203672363,0.26597811226947327],[0.09270414870245941,0.12263244203598919,0.5606028420698735,0.028556365053401,0.6094625193841389,0.5261857745986439,0.28497027460206226,0.018944132505011816,0,0.2537473242188498,0.24090070795811352,0.1943984717928396,0.14904664420809843,0.10647402090875832,0.24430140353362303,0.12492543767491375,0.19757150669687237,0.09674406493806255,0.06850132138520325,0.15819398534416015,0.24044979036783207,0.22745674154290496,0.214128468603456,0.18704591688336974,0.3448498255054621,0.3564260629916209,0.3625028714030739,0.40855767484186756,0.30568477939062977,0.2211831018096144,0.13132862886474334,0.28435704354951685,0.22784331582421527,0.30165346582998137,0.4318970321055729,0.46383204609351664,0.4828041640088715,0.4531089514885051,0.48001739256207765,0.558696726127112,0.5700829357429382,0.4661932426168972,0.5916281162283863,0.6255349871387975,0.395585174477134,0.39799722004149873,0.45219520318124895,0.48745647057907726,0.6671894741702932,0.4645956802751566,0.5835409029299927,0.5692374827910798,0.5143731150037545,0.6334520683424039,0.7077972135411298,0.6625188609992048,0.7772349257495477,0.7642127679756914,0.7165737168362486,0.5964675620838973,0.2866310563733225,0.49541595414693357,0.6479141716528034,0.6026951280048944,0.6208565679314014,0.765291795403891,0.649956696807363,0.5479184877024372,0.5673575070220327,0.4337302860882401,0.311004202768337,0.44042572007661374,0.5134670388528021,0.483238527606864,0.46059743645472523,0.46426304190776857,0.14155960112517957,0.4055291140185279,0.4944450129517417,0.47961181740503367,0.45134073342600617,0.3273731156386855,0.40014764112540063,0.7787244453820839,0.6840990411155874,0.6041848190578115,0.335814544897922,0.19398274208862848,0.27856387803639576,0.2420132393613945],[0.21726065754778437,0.12837500606925148,0.4503255146420583,0.21932281143454113,0.4859872653304541,0.3573179107200652,0.40850378625794853,0.2546081571618883,0.2537473242188498,0,0.03802481817479532,0.12098367986839031,0.10602125393647016,0.28592589156502435,0.4676320711465313,0.3870556171572972,0.20773454319057805,0.3519532123269197,0.33053635058055614,0.4136290898012515,0.5015416077552,0.4288373801325805,0.4166429050981315,0.2981696231847866,0.5990439362896787,0.6108588340497574,0.6106229305166849,0.6605377817119202,0.5656108471040292,0.483238527606864,0.3932390671526072,0.5143596832116551,0.4435343431897568,0.5353360690490924,0.6757745034684391,0.7122446242363581,0.717441081433043,0.6637611229370683,0.7106213325463178,0.7277468717153425,0.781487055628889,0.7079050590096869,0.7797069844325997,0.8092079527601096,0.5552988087298184,0.5463790081274978,0.6371153699946838,0.6447459585115536,0.7854670103821989,0.614136308412401,0.7156432448260087,0.7228003918400477,0.6152002005769821,0.721416144708141,0.8129253929839985,0.6411970340220572,0.828922461583112,0.7801185377328609,0.7725101645720898,0.6657660640034883,0.36858605665647176,0.5934789684999077,0.7102227542606291,0.6692402337234638,0.6498372257015255,0.7184021031518764,0.58137320843149,0.628269515990196,0.5224529406286101,0.4030246962853807,0.34610764486600853,0.4627125930560345,0.5869475130043057,0.3938713856684989,0.36784036585142543,0.4066031281918864,0.1151251330953647,0.36852645565956765,0.4312842494116407,0.42291023413724393,0.32858780812315275,0.24241097602951123,0.20000380399260548,0.9345291309209546,0.8395912461732834,0.7487484138361724,0.1476589183840288,0.19940346330285022,0.16027869113270865,0.24948174526570752],[0.22313154741624272,0.12878476818568577,0.4962152963375716,0.20970007138125923,0.532352517900542,0.4037476373506533,0.4290428785440274,0.2370243598013569,0.24090070795811352,0.03802481817479532,0,0.07861287117760501,0.08393037078501901,0.25577991790283355,0.4371945876533509,0.37195311533397024,0.23371287896618445,0.3325396603822754,0.3177511059222957,0.4057970309918721,0.4898072096704049,0.43616286902929713,0.42344710502211513,0.3157993812377095,0.5925822972642492,0.6042925605369548,0.6071009111078816,0.6553868159652623,0.5462802752312864,0.46725727240971776,0.3804635441948631,0.5162903220297482,0.4480607078769967,0.5364094482339196,0.6742208700583464,0.7089160561192279,0.7193348381101868,0.6720427145978359,0.7137631469657195,0.7453630130790165,0.7902927493328021,0.707293065741168,0.7938720014232227,0.8244639286889099,0.5728632414756053,0.5657747456951564,0.6508669522244949,0.6637945527924896,0.8120271424697284,0.6342065058554133,0.7395570890443969,0.7431910464018168,0.6428553173919793,0.7518121313286262,0.8415780802626239,0.6827287403835398,0.8644468190126209,0.8191162699151868,0.8072404323340204,0.6981211281520328,0.39406681897065154,0.6212760154660734,0.7437887756018242,0.7019670433774403,0.6867143662111457,0.7621340299036545,0.6258627786796729,0.6588581860489435,0.5650307105780987,0.4430586826266685,0.3772508958597325,0.4982067495633406,0.617984322289234,0.438406249609161,0.41233943058721745,0.44904411438840497,0.12163274211971012,0.4085576748418676,0.47441887870153193,0.4654677453837963,0.37433426412205917,0.28393470137757293,0.24610058403553753,0.955763030350503,0.8604099133116342,0.7708772166440175,0.19418378455858035,0.22517796414262503,0.20169434653681786,0.27968211757454087],[0.21347142190552948,0.12664044301359298,0.5660559551860411,0.1723683520183842,0.6054673179946229,0.48354692138296995,0.43566982873346116,0.18209966436124533,0.1943984717928396,0.12098367986839031,0.07861287117760501,0,0.05824722917876749,0.17879959491438613,0.3572679939983997,0.31510568477665796,0.26056733479678773,0.2698045151170084,0.2667547912461031,0.3602815093188689,0.43588165023089864,0.4170259707733778,0.4037203795725711,0.3211601266001798,0.5458015513238801,0.5571890601960395,0.5650894852792976,0.6100509450189773,0.4799052458907639,0.40693797695596506,0.3272518230495489,0.485313604027608,0.42339832615178863,0.5035150900900156,0.6347810334863222,0.666099294533401,0.6854281778431627,0.6502275599224606,0.6821249467800667,0.7406978750899376,0.7682251707598178,0.6691324537280946,0.7819492175581367,0.8144066430574157,0.5703450666311949,0.5670452077541285,0.639694884501034,0.6629248356420779,0.8254481647871352,0.6357955797227954,0.7479076623001035,0.7441621153139703,0.6603383010177798,0.7743424869140646,0.8594345722745061,0.7346684236836929,0.8985872535739409,0.862797544882918,0.8397237361581498,0.7256988163831204,0.4118184490483107,0.6393415691038713,0.7738686503657227,0.7303902119198613,0.7255534015282725,0.8211064218034172,0.6884094678894339,0.6827287403835398,0.6211243326545246,0.4930242875772998,0.4074954593391925,0.5357362534263738,0.6433532727329114,0.5024578334681784,0.47652010174634796,0.5058579831684661,0.13240907228335713,0.459085902484948,0.5331595924071448,0.5224502951738897,0.4442608575681563,0.34125408133857105,0.32812498883296964,0.9568229420794394,0.8612501251861167,0.7751763886941723,0.27163044823946464,0.2523511621915137,0.26187434058888753,0.31184711478307103],[0.14901990098706153,0.05984743503277014,0.5153661120293255,0.1197414148411959,0.5574100056425234,0.4443880328428426,0.369553256079459,0.14457082821272496,0.14904664420809843,0.10602125393647016,0.08393037078501901,0.05824722917876749,0,0.17198748598613708,0.3533920910593468,0.2794822278105552,0.19499287025570508,0.2405287598746425,0.22561629772172723,0.3150145267056592,0.3976342513026866,0.35731791072006513,0.3441814024878464,0.25488558916906445,0.5019077450020473,0.5135531433245377,0.5178617578849883,0.5651972232604985,0.45443978553645387,0.37480725334468434,0.2882210177581594,0.43129702442539436,0.36604840151214546,0.4505887084316658,0.5860031903511433,0.6195697083285695,0.6334520683424039,0.5922994751616601,0.628911100152814,0.6772017206827438,0.7105978928799015,0.6196144351332,0.7205766286250384,0.7524916926818154,0.5060736704894574,0.5019957989859095,0.5778647560009489,0.5984494688970277,0.7590126875714046,0.5707938115437292,0.6819622185122289,0.6794105062286115,0.5936026229469153,0.7075520498005687,0.7927315358970374,0.6731027815994719,0.8325110194479411,0.7984856325468422,0.7734879374154205,0.6591001904169335,0.3450246798598918,0.572582908797544,0.7074343413867292,0.6638467836142282,0.6603698019243713,0.7623673022326191,0.6320063206821545,0.6159744378325558,0.5616409757592711,0.43162904464512125,0.34157921050986356,0.4706580167555889,0.5766681948777732,0.44803301894514064,0.422405291633497,0.4473217608138374,0.06678667536099177,0.39812159188816887,0.47541838740943665,0.46388854379235955,0.39476053895919105,0.28477877761633685,0.2952058441556489,0.8922314646561945,0.796633233637091,0.7098493751228095,0.233730273715892,0.1869237859842261,0.20912647455421138,0.24676719388936535],[0.20158072981471484,0.18916744363624696,0.659874015597498,0.12630752050225363,0.7066962609277955,0.609748850452504,0.39831843622585505,0.07915913005253218,0.10647402090875832,0.28592589156502435,0.25577991790283355,0.17879959491438613,0.17198748598613708,0,0.17325908761271117,0.15516734019285952,0.30105059353904473,0.10290122773793757,0.13088604797479375,0.21946455391935843,0.27187100391409774,0.3264476745664163,0.3137268888625947,0.3019793444635251,0.38930402953272214,0.399724656323353,0.4161768169583397,0.45382649781597967,0.2970684690343832,0.23357367597940448,0.1737837361949733,0.3623400448234584,0.31998211066695137,0.3752906389796825,0.4878301673843377,0.5124785107702656,0.5466093165989255,0.5354574463786129,0.5475093870583173,0.6561248102682249,0.6485023686505224,0.5233225809403989,0.6812844496510769,0.716331521435364,0.4997705295052986,0.5047371374819181,0.5467029311880512,0.5898842223372307,0.7752194047076547,0.5694611135914188,0.6900260589598235,0.6710099343260781,0.6264736136168375,0.7458454438177297,0.8175346402893513,0.7755544903184236,0.8915996597642836,0.8791856376497623,0.830899405557749,0.7105373368719304,0.4016469131174727,0.608001529539082,0.7621486114927601,0.7168894181707887,0.7358619924046365,0