"trial_id","rt","stimulus","response","trial_type","trial_index","plugin_version","time_elapsed","participant_number","success","raw_payload","placements","dissimilarity_vector","n_words","trial_category","distance_matrix","value"
"consent_form","2252","
    <div style=""max-width:800px; margin:0 auto; text-align:left; font-size: 16px; padding: 10px 0;"">
      <h1>Informed Consent Form</h1>
      <p>You are being invited to participate in a research study titled <strong>""Reproducibility of Psychological Science and Instruction.""</strong> This study is being done by Dr. Bria Long from UC San Diego and associated graduate students in the Experimental Methods course. You were selected to participate in this study because you are an adult in the U.S. and have been a represented population in previous psychology studies.</p>
      
      <p>The purpose of this study is to better understand how well previously published studies in the psychological field replicate online and with different populations. Your participation in this research should last approximately <strong>5-30 minutes</strong>. If you agree to take part in this study, you may be asked to view a set of stimuli, including pictures, sounds, written text, or videos and then giving some responses via key-presses, verbally, or with paper-and-pencil. We may also observe your choices or preferences among an array of stimuli. These stimuli will be taken directly from or closely adapted from studies that already exist in the published psychological literature. Stimuli will include, e.g., pictures of objects and human faces, audio and video clips, short text passages, etc. None of the stimuli will be disturbing, threatening, or offensive. The online and in-person experiments described in this protocol will take no more than 30 minutes. An example game you might play would be to click on an image on the screen that matches a word you hear being said out loud. Your total expected time commitment for this study is between 5-30 minutes, and is specified in the study description.</p>
      
      <p>Your participation in this study is completely voluntary and you can withdraw at any time. Choosing not to participate or withdrawing will result in no penalty or loss of benefits to which you are entitled. You are free to skip any question that you choose.</p>
      
      <p>We will not be asking for any personally identifying information, and we will handle responses as confidentially as possible. Your SONA or Prolific IDs will never be tied to your responses on this survey. However, we cannot guarantee the confidentiality of information transmitted over the Internet. To minimize this risk, data containing anything that might be personally identifying (e.g. Prolific IDs or IP addresses) will be encrypted on transfer and storage and will only be accessible to qualified lab personnel. We will be keeping data collected as part of this experiment indefinitely. This anonymized data (containing neither Prolific IDs nor IP addresses) may be shared with the scientific community or with other participants to be used as stimuli in future studies.</p>
      
      <p>If you have questions about this project or if you have a research-related problem, you may contact the researcher(s), <strong>Dr. Bria Long, <a href=""mailto:brlong@ucsd.edu"">brlong@ucsd.edu</a></strong>. If you have any questions concerning your rights as a research subject, you may contact the UC San Diego Office of IRB Administration at <a href=""mailto:irb@ucsd.edu"">irb@ucsd.edu</a> or 858-246-4777.</p>
      
      <h3 style=""margin-top: 25px;"">Consent Statement</h3>
      <p style=""font-weight: bold;"">By participating in this research you are indicating that you are at least 18 years old, have read this consent form, and agree to participate in this research study. Please keep this consent form for your records.</p>
    </div>
  ","0","html-button-response","0","2.1.0","2256","4kl6enlprv_ewlgji","","","","","","","",""
"","46332","","{""participant_date"":""11/25/2025"",""participant_time"":""10:30""}","survey-html-form","1","2.1.0","48591","4kl6enlprv_ewlgji","","","","","","","",""
"","7658","
    <div style=""display:flex; align-items:center; justify-content:center; height:100vh; font-family:sans-serif;"">
      <div style=""max-width:900px; margin:0 auto; text-align:center;"">
        <h1 style= ""font-size: 24px;"">Welcome! Thank you for participating in the study.</h1>
        <h2 style= ""font-size: 22px;"">The study will be in Madarin Chinese.</h2>
        <h2 style= ""font-size: 22px;"">Please use desktop computers or laptops for the study. Tablets and phones are not allowed.</h2>
        <p style=""font-size:16px; margin-top:30px;""><em>Press any key to continue.</em></p>
      </div>
    </div>
  "," ","html-keyboard-response","2","2.1.0","56252","4kl6enlprv_ewlgji","","","","","","","",""
"","728","
    <div style=""display:flex; align-items:center; justify-content:center; height:100vh; font-family:sans-serif;"">
      <div style=""max-width:900px; margin:0 auto; text-align:center;"">
        <p style=""font-size:18px; line-height:1.6;"">
          In this task, you will be presented with <strong>90 words</strong> arranged <strong>outside a circle</strong>.<br>
          Your job is to <strong>drag these words into the circle</strong> and <strong>rearrange them</strong> based on their <strong>meaning similarity</strong>.<br><br>
          Words that are <strong>similar in meaning</strong> should be placed <strong>closer together</strong>.<br>
          Words that are <strong>different in meaning</strong> should be placed <strong>farther apart</strong>.<br><br>
          You can place the words <strong>anywhere inside the circle</strong>. There is no single correct answer — 
          we are interested in <strong>your personal judgment</strong> of how these words relate to each other.<br><br>
          <strong>You must move all words into the circle before you can finish.</strong><br>
          After the initial arrangement, you will arrange words from specific categories.
        </p>
        <p style=""font-size:16px; margin-top:30px;""><em>Press any key to continue.</em></p>
      </div>
    </div>
  "," ","html-keyboard-response","3","2.1.0","56982","4kl6enlprv_ewlgji","","","","","","","",""
"","1287","","","fullscreen","4","2.1.0","59275","4kl6enlprv_ewlgji","true","{""placements"":[{""word"":""骄傲"",""x"":553,""y"":417,""cx"":572,""cy"":434,""angle_rad"":0.362,""angle_deg"":20.7},{""word"":""冰箱"",""x"":517,""y"":411,""cx"":536,""cy"":428,""angle_rad"":0.397,""angle_deg"":22.8},{""word"":""兔子"",""x"":502,""y"":324,""cx"":521,""cy"":341,""angle_rad"":-0.053,""angle_deg"":357},{""word"":""反感"",""x"":602,""y"":438,""cx"":621,""cy"":455,""angle_rad"":0.37,""angle_deg"":21.2},{""word"":""协议"",""x"":548,""y"":318,""cx"":567,""cy"":335,""angle_rad"":-0.069,""angle_deg"":356},{""word"":""嘴唇"",""x"":477,""y"":468,""cx"":496,""cy"":485,""angle_rad"":0.746,""angle_deg"":42.8},{""word"":""剪刀"",""x"":568,""y"":445,""cx"":587,""cy"":462,""angle_rad"":0.441,""angle_deg"":25.3},{""word"":""长颈鹿"",""x"":548,""y"":368,""cx"":574,""cy"":385,""angle_rad"":0.155,""angle_deg"":8.9},{""word"":""制度"",""x"":485,""y"":432,""cx"":504,""cy"":449,""angle_rad"":0.571,""angle_deg"":32.7},{""word"":""过失"",""x"":476,""y"":363,""cx"":495,""cy"":380,""angle_rad"":0.204,""angle_deg"":11.7},{""word"":""友情"",""x"":630,""y"":361,""cx"":649,""cy"":378,""angle_rad"":0.093,""angle_deg"":5.3},{""word"":""方法"",""x"":630,""y"":404,""cx"":649,""cy"":421,""angle_rad"":0.233,""angle_deg"":13.4},{""word"":""蚂蚁"",""x"":525,""y"":444,""cx"":544,""cy"":461,""angle_rad"":0.52,""angle_deg"":29.8},{""word"":""沮丧"",""x"":442,""y"":433,""cx"":461,""cy"":450,""angle_rad"":0.733,""angle_deg"":42},{""word"":""沙发"",""x"":514,""y"":360,""cx"":533,""cy"":377,""angle_rad"":0.146,""angle_deg"":8.4},{""word"":""暴力"",""x"":385,""y"":469,""cx"":404,""cy"":486,""angle_rad"":1.193,""angle_deg"":68.3},{""word"":""筷子"",""x"":433,""y"":367,""cx"":452,""cy"":384,""angle_rad"":0.322,""angle_deg"":18.4},{""word"":""概念"",""x"":596,""y"":325,""cx"":615,""cy"":342,""angle_rad"":-0.03,""angle_deg"":358.3},{""word"":""麻雀"",""x"":434,""y"":469,""cx"":453,""cy"":486,""angle_rad"":0.923,""angle_deg"":52.9},{""word"":""椅子"",""x"":324,""y"":354,""cx"":343,""cy"":371,""angle_rad"":1.893,""angle_deg"":108.4},{""word"":""买卖"",""x"":390,""y"":369,""cx"":409,""cy"":386,""angle_rad"":0.548,""angle_deg"":31.4},{""word"":""魔力"",""x"":377,""y"":333,""cx"":396,""cy"":350,""angle_rad"":0,""angle_deg"":0},{""word"":""结果"",""x"":394,""y"":450,""cx"":413,""cy"":467,""angle_rad"":1.077,""angle_deg"":61.7},{""word"":""敌意"",""x"":361,""y"":453,""cx"":380,""cy"":470,""angle_rad"":1.326,""angle_deg"":76},{""word"":""纠纷"",""x"":302,""y"":441,""cx"":321,""cy"":458,""angle_rad"":1.833,""angle_deg"":105},{""word"":""关系"",""x"":294,""y"":385,""cx"":313,""cy"":402,""angle_rad"":2.189,""angle_deg"":125.4},{""word"":""铅笔"",""x"":354,""y"":385,""cx"":373,""cy"":402,""angle_rad"":1.154,""angle_deg"":66.1},{""word"":""愤怒"",""x"":321,""y"":378,""cx"":340,""cy"":395,""angle_rad"":1.789,""angle_deg"":102.5},{""word"":""团队"",""x"":322,""y"":429,""cx"":341,""cy"":446,""angle_rad"":1.664,""angle_deg"":95.4},{""word"":""洗衣机"",""x"":211,""y"":393,""cx"":237,""cy"":410,""angle_rad"":2.653,""angle_deg"":152},{""word"":""大腿"",""x"":251,""y"":396,""cx"":270,""cy"":413,""angle_rad"":2.475,""angle_deg"":141.8},{""word"":""慈善"",""x"":125,""y"":402,""cx"":144,""cy"":419,""angle_rad"":2.818,""angle_deg"":161.5},{""word"":""手指"",""x"":176,""y"":393,""cx"":195,""cy"":410,""angle_rad"":2.772,""angle_deg"":158.8},{""word"":""性质"",""x"":214,""y"":409,""cx"":233,""cy"":426,""angle_rad"":2.566,""angle_deg"":147},{""word"":""猫"",""x"":266,""y"":412,""cx"":278,""cy"":429,""angle_rad"":2.31,""angle_deg"":132.3},{""word"":""眼睛"",""x"":77,""y"":401,""cx"":96,""cy"":418,""angle_rad"":2.88,""angle_deg"":165},{""word"":""床"",""x"":170,""y"":387,""cx"":182,""cy"":404,""angle_rad"":2.831,""angle_deg"":162.2},{""word"":""鼠标"",""x"":256,""y"":340,""cx"":275,""cy"":357,""angle_rad"":3.049,""angle_deg"":174.7},{""word"":""微波炉"",""x"":279,""y"":344,""cx"":305,""cy"":361,""angle_rad"":2.902,""angle_deg"":166.3},{""word"":""原因"",""x"":213,""y"":343,""cx"":232,""cy"":360,""angle_rad"":3.057,""angle_deg"":175.2},{""word"":""锤子"",""x"":178,""y"":340,""cx"":197,""cy"":357,""angle_rad"":3.096,""angle_deg"":177.4},{""word"":""勺子"",""x"":128,""y"":343,""cx"":147,""cy"":360,""angle_rad"":3.092,""angle_deg"":177.2},{""word"":""缘分"",""x"":78,""y"":348,""cx"":97,""cy"":365,""angle_rad"":3.082,""angle_deg"":176.6},{""word"":""胳膊"",""x"":132,""y"":368,""cx"":151,""cy"":385,""angle_rad"":2.967,""angle_deg"":170},{""word"":""老鼠"",""x"":42,""y"":346,""cx"":61,""cy"":363,""angle_rad"":3.097,""angle_deg"":177.4},{""word"":""兴奋"",""x"":189,""y"":265,""cx"":208,""cy"":282,""angle_rad"":-2.695,""angle_deg"":205.6},{""word"":""耳朵"",""x"":423,""y"":336,""cx"":442,""cy"":353,""angle_rad"":0.033,""angle_deg"":1.9},{""word"":""社会"",""x"":116,""y"":276,""cx"":135,""cy"":293,""angle_rad"":-2.882,""angle_deg"":194.8},{""word"":""牙刷"",""x"":75,""y"":258,""cx"":94,""cy"":275,""angle_rad"":-2.857,""angle_deg"":196.3},{""word"":""过程"",""x"":134,""y"":266,""cx"":153,""cy"":283,""angle_rad"":-2.814,""angle_deg"":198.8},{""word"":""光彩"",""x"":94,""y"":226,""cx"":113,""cy"":243,""angle_rad"":-2.718,""angle_deg"":204.3},{""word"":""空调"",""x"":88,""y"":183,""cx"":107,""cy"":200,""angle_rad"":-2.589,""angle_deg"":211.7},{""word"":""乌龟"",""x"":309,""y"":212,""cx"":328,""cy"":229,""angle_rad"":-1.751,""angle_deg"":259.7},{""word"":""地位"",""x"":193,""y"":116,""cx"":212,""cy"":133,""angle_rad"":-2.137,""angle_deg"":237.5},{""word"":""创伤"",""x"":225,""y"":159,""cx"":244,""cy"":176,""angle_rad"":-2.118,""angle_deg"":238.7},{""word"":""死亡"",""x"":390,""y"":123,""cx"":409,""cy"":140,""angle_rad"":-1.297,""angle_deg"":285.7},{""word"":""快乐"",""x"":129,""y"":205,""cx"":148,""cy"":222,""angle_rad"":-2.577,""angle_deg"":212.4},{""word"":""身份"",""x"":135,""y"":175,""cx"":154,""cy"":192,""angle_rad"":-2.463,""angle_deg"":218.9},{""word"":""婚姻"",""x"":267,""y"":155,""cx"":286,""cy"":172,""angle_rad"":-1.916,""angle_deg"":250.2},{""word"":""错误"",""x"":138,""y"":121,""cx"":157,""cy"":138,""angle_rad"":-2.309,""angle_deg"":227.7},{""word"":""脚踝"",""x"":359,""y"":185,""cx"":378,""cy"":202,""angle_rad"":-1.384,""angle_deg"":280.7},{""word"":""老虎"",""x"":186,""y"":207,""cx"":205,""cy"":224,""angle_rad"":-2.426,""angle_deg"":221},{""word"":""冷漠"",""x"":304,""y"":152,""cx"":323,""cy"":169,""angle_rad"":-1.719,""angle_deg"":261.5},{""word"":""疾病"",""x"":256,""y"":121,""cx"":275,""cy"":138,""angle_rad"":-1.911,""angle_deg"":250.5},{""word"":""扫帚"",""x"":292,""y"":113,""cx"":311,""cy"":130,""angle_rad"":-1.746,""angle_deg"":259.9},{""word"":""难过"",""x"":184,""y"":144,""cx"":203,""cy"":161,""angle_rad"":-2.232,""angle_deg"":232.1},{""word"":""钥匙"",""x"":281,""y"":323,""cx"":300,""cy"":340,""angle_rad"":-2.944,""angle_deg"":191.3},{""word"":""天堂"",""x"":242,""y"":199,""cx"":261,""cy"":216,""angle_rad"":-2.157,""angle_deg"":236.4},{""word"":""义务"",""x"":327,""y"":121,""cx"":346,""cy"":138,""angle_rad"":-1.59,""angle_deg"":268.9},{""word"":""数据"",""x"":371,""y"":221,""cx"":390,""cy"":238,""angle_rad"":-1.228,""angle_deg"":289.7},{""word"":""爱心"",""x"":443,""y"":140,""cx"":462,""cy"":157,""angle_rad"":-1.045,""angle_deg"":300.1},{""word"":""内容"",""x"":339,""y"":157,""cx"":358,""cy"":174,""angle_rad"":-1.525,""angle_deg"":272.6},{""word"":""现象"",""x"":529,""y"":148,""cx"":548,""cy"":165,""angle_rad"":-0.751,""angle_deg"":316.9},{""word"":""柜子"",""x"":483,""y"":139,""cx"":502,""cy"":156,""angle_rad"":-0.906,""angle_deg"":308.1},{""word"":""奇迹"",""x"":388,""y"":155,""cx"":407,""cy"":172,""angle_rad"":-1.261,""angle_deg"":287.8},{""word"":""恐惧"",""x"":337,""y"":337,""cx"":356,""cy"":354,""angle_rad"":0.588,""angle_deg"":33.7},{""word"":""膝盖"",""x"":522,""y"":112,""cx"":541,""cy"":129,""angle_rad"":-0.858,""angle_deg"":310.8},{""word"":""舒心"",""x"":477,""y"":102,""cx"":496,""cy"":119,""angle_rad"":-1.007,""angle_deg"":302.3},{""word"":""债务"",""x"":415,""y"":111,""cx"":434,""cy"":128,""angle_rad"":-1.209,""angle_deg"":290.7},{""word"":""大象"",""x"":451,""y"":100,""cx"":470,""cy"":117,""angle_rad"":-1.095,""angle_deg"":297.2},{""word"":""作用"",""x"":301,""y"":180,""cx"":320,""cy"":197,""angle_rad"":-1.764,""angle_deg"":258.9},{""word"":""纪律"",""x"":451,""y"":176,""cx"":470,""cy"":193,""angle_rad"":-0.918,""angle_deg"":307.4},{""word"":""电视"",""x"":412,""y"":189,""cx"":431,""cy"":206,""angle_rad"":-1.058,""angle_deg"":299.4},{""word"":""肩膀"",""x"":416,""y"":148,""cx"":435,""cy"":165,""angle_rad"":-1.14,""angle_deg"":294.7},{""word"":""鼻子"",""x"":478,""y"":176,""cx"":497,""cy"":193,""angle_rad"":-0.818,""angle_deg"":313.1},{""word"":""斧头"",""x"":452,""y"":382,""cx"":471,""cy"":399,""angle_rad"":0.385,""angle_deg"":22},{""word"":""风景"",""x"":375,""y"":414,""cx"":394,""cy"":431,""angle_rad"":1.073,""angle_deg"":61.5},{""word"":""熊猫"",""x"":411,""y"":402,""cx"":430,""cy"":419,""angle_rad"":0.712,""angle_deg"":40.8},{""word"":""骗局"",""x"":585,""y"":410,""cx"":604,""cy"":427,""angle_rad"":0.294,""angle_deg"":16.9},{""word"":""桌子"",""x"":464,""y"":329,""cx"":483,""cy"":346,""angle_rad"":-0.03,""angle_deg"":358.3}],""n_words"":90,""words"":[""骄傲"",""冰箱"",""兔子"",""反感"",""协议"",""嘴唇"",""剪刀"",""长颈鹿"",""制度"",""过失"",""友情"",""方法"",""蚂蚁"",""沮丧"",""沙发"",""暴力"",""筷子"",""概念"",""麻雀"",""椅子"",""买卖"",""魔力"",""结果"",""敌意"",""纠纷"",""关系"",""铅笔"",""愤怒"",""团队"",""洗衣机"",""大腿"",""慈善"",""手指"",""性质"",""猫"",""眼睛"",""床"",""鼠标"",""微波炉"",""原因"",""锤子"",""勺子"",""缘分"",""胳膊"",""老鼠"",""兴奋"",""耳朵"",""社会"",""牙刷"",""过程"",""光彩"",""空调"",""乌龟"",""地位"",""创伤"",""死亡"",""快乐"",""身份"",""婚姻"",""错误"",""脚踝"",""老虎"",""冷漠"",""疾病"",""扫帚"",""难过"",""钥匙"",""天堂"",""义务"",""数据"",""爱心"",""内容"",""现象"",""柜子"",""奇迹"",""恐惧"",""膝盖"",""舒心"",""债务"",""大象"",""作用"",""纪律"",""电视"",""肩膀"",""鼻子"",""斧头"",""风景"",""熊猫"",""骗局"",""桌子""],""distance_matrix"":[[0,0.03846899735994085,0.15913703246161398,0.06763255770928756,0.14709990487798155,0.1339173243240124,0.030261675552979497,0.06022692494608605,0.09594710422950986,0.13829156710031895,0.14030780513330113,0.11061216163984172,0.042633050140588435,0.16968487268305546,0.09495917800504912,0.2802007486678778,0.20065046991951602,0.15130911383081033,0.20041685883327223,0.38712266270624723,0.269892605044809,0.3134239490987489,0.25682811457770144,0.31399268960358356,0.41251034044605506,0.42781649699339797,0.3247649548612762,0.38321533551366177,0.37637499308178635,0.5577117342162545,0.5002489551463775,0.7179865494323228,0.6303950822502247,0.5633241887227683,0.4851818282493602,0.8012529518868866,0.6536182559549614,0.5073428997339544,0.4552739760433982,0.5787011794795256,0.6391726220369436,0.7234180966837591,0.8076993595596711,0.7103186506855768,0.8700085697131492,0.6593586005468541,0.24083850408005367,0.7716194534464883,0.8489205883684534,0.7476737275034239,0.8374780537993458,0.8780730253809916,0.5279265326014828,0.7890888540455958,0.6989897519711962,0.5582382618826053,0.7973981688470546,0.8129263521658848,0.6479183703756797,0.8593190487609053,0.49971870547851793,0.7085711985862475,0.605879307859331,0.7024665203740516,0.6701281473296187,0.7713172083122302,0.474327563441963,0.6339210464061137,0.6211165518968781,0.4390912133235215,0.4921188292699049,0.5592461132098578,0.44359897396715564,0.47240726199521804,0.51221342158656,0.374688024927541,0.5069130860437123,0.537209931420689,0.5573992060721437,0.55276391440263,0.5751941776541903,0.42907754984175583,0.44014380568975303,0.49877152149426796,0.4129538094677158,0.1605705117986623,0.2839502046649364,0.22283479169929,0.03198215563764978,0.1922553238072342],[0.03846899735994085,0,0.12829352994125712,0.12985729536684976,0.1451996330308553,0.09594710422950986,0.08148071763221866,0.07469934386494034,0.04155422336012639,0.08465915812031444,0.18949382560144964,0.17153971308224672,0.03406212185494732,0.11073427044456019,0.06377806567559635,0.2252464144097979,0.13964152069273458,0.17771618953168178,0.15079597424434718,0.324218076706467,0.20718036593760342,0.25314033280088555,0.19897646980275152,0.25538244716117486,0.35169561517444725,0.3645788487412589,0.26146299016979196,0.3199121840478991,0.3148307293095222,0.4947194876529317,0.43727514603560697,0.6552680379892327,0.567452918815788,0.5007300156737732,0.42266953319966055,0.7385418244317872,0.5905874471377386,0.4443209416341959,0.3923476197986228,0.5154833735569267,0.5759182492650411,0.6601166848285688,0.7444110899078331,0.6470995143777931,0.8067303383269054,0.5978963338060214,0.18374587881506485,0.7090571331844383,0.7864454222711119,0.6854928654436233,0.7759591346196089,0.8178264423687203,0.47446315406142736,0.735186552120293,0.6441694165547787,0.5211138966528398,0.7371217354663188,0.7539919247677883,0.5958057836084584,0.8029065158735825,0.45345959894417603,0.6495642521160917,0.5568046813342055,0.6518888803476687,0.6228305474904912,0.7154895294401366,0.41203887656389726,0.5774362159198911,0.5765138888985255,0.39077979109540834,0.4624238023175109,0.5131397356135313,0.4318132567233479,0.45062066043403304,0.47238608533951365,0.3127295010270549,0.49385308366155345,0.515597505266436,0.5247689421013828,0.5266078388470529,0.5237087165213672,0.3985431176124622,0.4011218164474563,0.46382028239964923,0.3883477292673046,0.09862009897906152,0.221519402312606,0.15968404475912015,0.09312436729942346,0.14451706596905148],[0.15913703246161398,0.12829352994125712,0,0.23819249375661716,0.05562851956013625,0.2286695944493245,0.21423090146438753,0.09464484157953104,0.16479801516940246,0.05646543647516235,0.20627090888563168,0.236977265514416,0.18709413399844713,0.1909765983798462,0.04098533154677811,0.2983320612574509,0.1161837401653666,0.13821777956091752,0.2529508680296886,0.28826061941187675,0.18452330598064895,0.1925392323700345,0.2630087836819417,0.30664093892465033,0.3770642664004205,0.3511358975370822,0.2528208746074556,0.3027838710857107,0.3366119488372926,0.48209330354886215,0.4280822735883516,0.6429203442954083,0.5531388124958256,0.49600339500173435,0.42343527823894167,0.7243282268914442,0.5732280146219233,0.4027537501382784,0.35141985839754,0.4775177423402023,0.5378278344505169,0.6247044660030691,0.7117699923127047,0.6214518011560919,0.7739466766858906,0.5276243830645976,0.113762881831954,0.6498385469733203,0.7245912152454407,0.6213400707290871,0.7029689320326364,0.7337522503408057,0.36220756980179375,0.6212399624801438,0.5344007461413443,0.3742698800505522,0.6542609294079181,0.6621888928906522,0.4772301979613993,0.698068529207843,0.32106653290781917,0.5596297219846907,0.4300805685964801,0.528372649702413,0.49151323169014827,0.6089674556340016,0.35849368214565547,0.475546556319457,0.44004350739563575,0.2642082434033429,0.31031901942803586,0.3799322757946925,0.28400865704404726,0.2977357098333541,0.3287523866299113,0.26224478721395417,0.34451197280065643,0.3626581424771648,0.3742434958679189,0.37363617749751704,0.40403588641959337,0.24668530346090753,0.25658768573161284,0.3149325718997781,0.23522476444989465,0.10798798262355973,0.2451519103175627,0.18305239174660493,0.18247271374397142,0.041644794276244866],[0.06763255770928756,0.12985729536684976,0.23819249375661716,0,0.20340879507525514,0.1981347567904803,0.03537558100945902,0.12140974608373614,0.1783686707838365,0.22949896979652956,0.11727819584311826,0.05156247035187421,0.10912694673257152,0.2528208746074556,0.17912971915428322,0.35537304285829097,0.2931139098022148,0.17144010671501286,0.27148072699880316,0.47888730910211325,0.361865405842848,0.4058314502215969,0.3365411925162599,0.39398860089612575,0.4955410907712027,0.5172427773861119,0.4150345188211598,0.47354644693874093,0.46107593847199285,0.6457706662686731,0.588317445939227,0.804874114577992,0.7181728296684112,0.6500280351877737,0.571805239033369,0.8880357033213507,0.74173133052105,0.5989100426110457,0.5470031132453006,0.6697146061569068,0.7299812159593596,0.8136675864388017,0.8973510609816032,0.799371617145075,0.959505044312212,0.7518218472593113,0.3325101804042747,0.8637298169473876,0.9410941173188907,0.8399968170969372,0.9299401782037643,0.9703820851312708,0.6169885061322823,0.8780463690299992,0.7886618224542808,0.6337474806077501,0.8897215096426928,0.9047950381743222,0.7358057927290989,0.949862413759231,0.583621028982395,0.8004969229156949,0.691578403959736,0.7890962465586642,0.754194697562599,0.86156026927112,0.566591328453485,0.7246634706901626,0.7030639997306688,0.5248948277770172,0.5610178772326333,0.6427333452096667,0.49386178386553575,0.5333453410373384,0.590570337187914,0.4670602603916729,0.5573888716986862,0.5969801638111669,0.62853978732133,0.617269688753234,0.6627907433586255,0.49967568876831664,0.5184291612863058,0.5727398682493943,0.47793079926894033,0.2528804624791179,0.37109122462392075,0.3122880516244514,0.03198215563764978,0.28018595419167325],[0.14709990487798155,0.1451996330308553,0.05562851956013625,0.20340879507525514,0,0.263014009542473,0.19816174081382437,0.0627364359040109,0.20108367819056006,0.12243473741455309,0.1357637728382709,0.18127197893095767,0.1973237120267618,0.24644143023147635,0.06889286557742472,0.3605600704598581,0.1919849194451647,0.059302319744449994,0.3033343821834319,0.3686789164035615,0.26313940174510003,0.2729038045852844,0.32697389723021114,0.3752072712528958,0.45221570065942746,0.4307975452493406,0.33116059207672777,0.38241829087965495,0.4118907939048307,0.5621465394548935,0.5077808393987194,0.7231848609693877,0.6333819293259775,0.5756051766599393,0.502284723026336,0.80470186400391,0.6535872149351657,0.48307455302461044,0.4318363148198576,0.5578382475134519,0.6180633652188727,0.7049442022053845,0.7920386791775479,0.7019099476773296,0.8541642885880611,0.6045996588151392,0.1942143566632093,0.7280017037434737,0.8021574554003036,0.6988899921536704,0.778633322803334,0.8066851138773486,0.42865316581055873,0.6836162451856034,0.5996090239856497,0.41048322401678955,0.7278858050521545,0.7332384916243992,0.5386239551945267,0.7641410811490756,0.3760186543326475,0.631908527761622,0.4870395160854883,0.5861251889465547,0.544020192307977,0.6749490675856389,0.43835784677648915,0.5446439131932715,0.48867669003126635,0.3252508290121212,0.3336197655783608,0.43276426047287375,0.27186628969657617,0.30547716273688197,0.3713343054484379,0.3426255620187552,0.33530697184973957,0.369538062238378,0.40192975152429816,0.3890279664295094,0.46591827974606487,0.27344390334844687,0.30029503625217374,0.34848189618724246,0.24976474778505342,0.1752880219711798,0.3183377916001386,0.25390230071396114,0.1471611365415514,0.1221075180913136],[0.1339173243240124,0.09594710422950986,0.2286695944493245,0.1981347567904803,0.263014009542473,0,0.13796849971270855,0.19513946937591775,0.03913088626299876,0.15729628747480082,0.29900164392569034,0.2628258187529646,0.06824868548442654,0.06101902726327551,0.17317978262822528,0.13474898476824593,0.16625200481341756,0.29784760967614604,0.049769338410736746,0.30610956461903605,0.20376440633586276,0.26656654355987036,0.12247558872316122,0.17804269246708204,0.2822943287937292,0.32370055299000783,0.23253857706623063,0.28754875507315675,0.2523925490470809,0.442856594363304,0.38657458021157765,0.5963484536776287,0.5132124298862635,0.4426764460183417,0.3655626307115654,0.6786302164973065,0.5376272910019938,0.4181423517122112,0.37014787343744515,0.4818083560308849,0.5393043074354082,0.6181616286102125,0.6978520900057507,0.598198205248004,0.7587844856376554,0.5863221249323394,0.22253700656871467,0.6843717312322364,0.7618403028122683,0.6656026092812757,0.7609774491649457,0.8115929929270874,0.5062733778779057,0.7596497513284851,0.6667606959194017,0.5923009214730727,0.7317587464717066,0.756292711406913,0.6289333563514694,0.8165848770102881,0.506989459899855,0.6531791151683799,0.6000304448138595,0.6887381988060486,0.6695066599938573,0.7328554256045411,0.3980454112276866,0.5947141615800817,0.6308632474979164,0.4413715152511488,0.5471293652354754,0.5653157014732696,0.53748553050295,0.5459103950498972,0.5395842141078574,0.30772375721146683,0.597560480834457,0.6099919202297441,0.6036501794822808,0.6150520308429244,0.5605940679055255,0.4836428692417186,0.4720501634595128,0.5401995207032235,0.4816420626116462,0.1305074460861193,0.17534814582690209,0.13706048129198783,0.18779566254970798,0.21731307807639597],[0.030261675552979497,0.08148071763221866,0.21423090146438753,0.03537558100945902,0.19816174081382437,0.13796849971270855,0,0.11061216163984172,0.12088422438123297,0.18892457884547148,0.15625264593679541,0.10409158079606225,0.049769338410736746,0.19470138341127788,0.1498340803331712,0.29529691009771974,0.24559726694441147,0.1888964286107895,0.21128691021627946,0.42685840639944445,0.31087061642328295,0.35921113251718817,0.27709294644065957,0.3344748254291952,0.436594315543928,0.4616792290645075,0.36066153828275965,0.4190684255258281,0.4027537501382784,0.588903503033339,0.5315314172997928,0.7471594909009095,0.6610450186199426,0.59234479415992,0.5141733080608999,0.8302168305554724,0.6848042877062864,0.5461528165994013,0.4947194876529317,0.6158249753921307,0.675707458830843,0.7585829008240974,0.8415625511958238,0.7431095970797982,0.9035304352391857,0.7029131256432961,0.2898038414334723,0.8121664898735693,0.8897215096426928,0.7894510082608851,0.8808277148271878,0.923674361002118,0.579433495646161,0.840445452198241,0.7497796935823806,0.6133289292764662,0.8429712032603582,0.8602508893969403,0.7001380781076274,0.9090216382100877,0.5537735019780778,0.7558207645126199,0.6592376688905391,0.7553427479202252,0.7240189469043655,0.8214460099595895,0.5160760392858907,0.6835376793456414,0.6755614303246587,0.4925725622916187,0.5468926198838431,0.6133689994299587,0.4947339637319788,0.5260183121039554,0.5671861885862459,0.4174626787702725,0.5582382618826053,0.590680321423435,0.6123782930549352,0.6070421076993338,0.627655118075904,0.4839681810533895,0.49514491612827194,0.5538566883102045,0.46716728072350966,0.2041260352337982,0.314214594740272,0.2575108816532371,0.04265534231943099,0.2453913807370029],[0.06022692494608605,0.07469934386494034,0.09464484157953104,0.12140974608373614,0.0627364359040109,0.19513946937591775,0.11061216163984172,0,0.13967809930943903,0.11246526024989137,0.10581847200854184,0.1194630530036829,0.11688601462508975,0.2012766879698698,0.047621285870769935,0.31814487022710874,0.18678159703068314,0.07821887582284351,0.24854593671337327,0.3765699076964001,0.26136314440301167,0.28981818369162066,0.28855355237545915,0.3425395859210988,0.4318956017227024,0.42882893548184553,0.3250445224246632,0.3814086777841649,0.39292413670464893,0.5612976801592827,0.5046849302972919,0.7233276259439638,0.6339689973135326,0.5708893442991259,0.49421836666901386,0.8062291139954457,0.655887056530007,0.49604960285759464,0.44359897396715564,0.5699467491185211,0.6308724238673074,0.7170645845051005,0.8032480950312588,0.708858287465689,0.865780925053463,0.6346513486833177,0.21075116927560128,0.7531513030286362,0.8293068185804969,0.7265156491342193,0.8118429349068181,0.8464189909293638,0.48041395835375045,0.7402109930875587,0.6526886269311715,0.4875036195846035,0.7663039863438195,0.7768884224790259,0.5964767839508629,0.815812217289431,0.4402731908840416,0.6734642812933062,0.5495359750399866,0.6478512885350535,0.6105556186559615,0.7268599231035882,0.4567849000255201,0.5921449044315974,0.5582073028293367,0.38365746609515006,0.4157691515803484,0.4989065280670055,0.35941083901548443,0.3915355423283169,0.44462864325102236,0.35709018672093423,0.4228711720325805,0.45596902763843455,0.4827812663524216,0.4737848322495739,0.5232780144128666,0.353906356580662,0.37255126452961634,0.42653859094452834,0.3339720958225629,0.1554617789023086,0.29740911334539516,0.2318011008874737,0.06469005154993822,0.14688980199033747],[0.09594710422950986,0.04155422336012639,0.16479801516940246,0.1783686707838365,0.20108367819056006,0.03913088626299876,0.12088422438123297,0.13967809930943903,0,0.09585989298283971,0.25519987107427583,0.23131414309061044,0.04760052200355577,0.049769338410736746,0.1097989969739756,0.16010747647861667,0.11954642569894698,0.24258234135184945,0.08445289096306419,0.2854663880087727,0.17288329170935673,0.22928596038137003,0.13606322164765078,0.19330600853423627,0.2929624788775866,0.31633754053634044,0.21656647617996874,0.27464677453785435,0.25793677390668385,0.44319097160897913,0.3858133620107244,0.6017493052059096,0.5153775714172446,0.4469044992543667,0.3686942064835583,0.684880593834835,0.5391016216478081,0.40322138424876314,0.35257349433704455,0.47156252143135785,0.5310526579085226,0.6133336435427584,0.6959846911507749,0.5974251219365142,0.7578932805462151,0.5646526114562758,0.17338478578010844,0.6700415622221524,0.7477009880688206,0.6486267934928115,0.7417215188963527,0.7879958714196453,0.4638387520459275,0.7214433479615359,0.6290713946086107,0.5358835606092496,0.7074956669841673,0.7283233290582154,0.5865682057103289,0.7833932985878371,0.45610979403413493,0.6242156354686222,0.5534614466591958,0.6450547317566411,0.6218566621326143,0.6977355189663539,0.3763449978126666,0.5590967208473347,0.5802171365346098,0.3911451820293113,0.48685140500618973,0.5152076877963598,0.47364000413221324,0.4833854296975387,0.4842282808236878,0.28020568000049406,0.5339029079599275,0.547718173089861,0.5450241532930822,0.554030820975653,0.5163735184781083,0.42309622812466086,0.4152567464261831,0.48209330354886215,0.4193631422719158,0.07907651570236982,0.16849808372474342,0.11366516735644464,0.15276342774038412,0.1574943990432611],[0.13829156710031895,0.08465915812031444,0.05646543647516235,0.22949896979652956,0.12243473741455309,0.15729628747480082,0.18892457884547148,0.11246526024989137,0.09585989298283971,0,0.24230093901289754,0.2515828880898323,0.13936692133380374,0.11014491192413263,0.041281766188743935,0.21748074648339077,0.05007117470356434,0.19349211446482817,0.17292893462920478,0.23927116666226514,0.12469516610504235,0.15459199070281585,0.18253075446493205,0.22845588755525023,0.30590496256429894,0.29314229507199807,0.1901875250772424,0.24526888751214657,0.26577566841191236,0.42568130088108797,0.36960289944219027,0.5877210054984215,0.4981103484164704,0.4365551943007007,0.3610281608725605,0.6703618732537996,0.5196571642405878,0.3588349324050503,0.3063640039924987,0.4326557683287641,0.49358330491771574,0.5797669781282826,0.6659859505829973,0.5718959949484556,0.7285150402962505,0.5011877595406774,0.07833558379128343,0.6175601148294984,0.6941480098721243,0.5917620079233183,0.6790663012193023,0.7170443086721084,0.3656782068303446,0.626695370835276,0.536181261968099,0.4173640394722722,0.636491772887115,0.6505627737674761,0.48660734540255746,0.6961996046802091,0.3446300626005647,0.5463292979765833,0.44733477975584485,0.5424393282725941,0.5135757540259663,0.6082574225589381,0.32043538618730655,0.47079525745854645,0.46809585138979215,0.2814851328621352,0.36617094776573395,0.40427432683219877,0.3592463823858378,0.3638829153645461,0.366901217280284,0.22044238789465687,0.4177754579521277,0.4278729875753873,0.42488258792222805,0.4333949779987081,0.41435346135070095,0.3024025590944171,0.2967362146840229,0.3623319180862292,0.2995353874022271,0.028259536880774545,0.17141711345090055,0.1066448149572163,0.1810529111565113,0.03770397560737011],[0.14030780513330113,0.18949382560144964,0.20627090888563168,0.11727819584311826,0.1357637728382709,0.29900164392569034,0.15625264593679541,0.10581847200854184,0.25519987107427583,0.24230093901289754,0,0.04974917255938955,0.20731647720202223,0.32434733778803243,0.17637497867239788,0.43957408259666575,0.31702025914847237,0.061054062259448566,0.3633213949530056,0.5060609149974705,0.3916764158592992,0.41667294733690763,0.41264789830490867,0.4682789153025187,0.5607584909659759,0.5594418109003011,0.4556936319635627,0.5119360563779812,0.5222561437980683,0.6919310642934714,0.6353375519084482,0.853969177316769,0.7645813772604902,0.7015041465713943,0.6247160452029903,0.9368489302085318,0.7864305888672398,0.6248897084384538,0.5725611170387377,0.6991248214790349,0.7600044070231606,0.8464431619540794,0.9328739665942896,0.8390309402743739,0.9953822045975277,0.7579932074594056,0.33681581607150063,0.8788057668894846,0.954249378831109,0.851114573231651,0.9338912188515417,0.9646628698668381,0.5889966321044311,0.8441369884548802,0.7601653869855939,0.5614259854471747,0.8853011776133606,0.8923542990638169,0.6991081988995455,0.9246571107480758,0.5356447489022321,0.7902911030878093,0.6468375383647611,0.7459465619208199,0.7023072475452583,0.8354573838784254,0.5840831604164985,0.704455527116606,0.6456091428380037,0.48583028389649396,0.4773020994929757,0.5915765713129395,0.38404393817316634,0.4369886028996949,0.5263977557973452,0.485075638813614,0.4459309360981078,0.49692965759577495,0.5470899144824007,0.5241061985486325,0.626473689862063,0.42166334211384177,0.4568067626302451,0.4988720616123636,0.3904647906834005,0.2860475665082317,0.42691501678927646,0.36162026147726084,0.09055876246956643,0.2683933642191845],[0.11061216163984172,0.17153971308224672,0.236977265514416,0.05156247035187421,0.18127197893095767,0.2628258187529646,0.10409158079606225,0.1194630530036829,0.23131414309061044,0.2515828880898323,0.04974917255938955,0,0.17005570933704234,0.30510808179708104,0.19035535787425015,0.41481902179237623,0.32283630155997145,0.12434265635198688,0.33333429200741954,0.5129607540023567,0.39584850786333264,0.4309460858489006,0.39221057991638714,0.4494232386505897,0.5476892725568361,0.5588880227029158,0.45502012545909054,0.5130194889087613,0.5111480055677867,0.6900334694337941,0.6326868219933007,0.8510939657425559,0.7628588203549955,0.6967689202073399,0.6188139974650224,0.9343570989238069,0.7857126987635329,0.633297366686476,0.5808408356692605,0.706149027118902,0.7669786825833352,0.8522883997922294,0.9375228536480662,0.8411996086523804,1,0.7771754390636455,0.35308332200016673,0.8939257670916456,0.9705634451855779,0.868154173528861,0.9547808208824702,0.9904100949661184,0.6239351446785062,0.8829445875368589,0.7961715158101013,0.6161348309552093,0.9101903368709486,0.9211684984986591,0.7386797477584259,0.9596410423493685,0.5795131499789798,0.817683621551245,0.6898545880938199,0.7886525768676945,0.7487692342333161,0.8706034500704158,0.5965954053438778,0.7363099134665442,0.6942986311380493,0.5252230895827806,0.5363099487749993,0.6372124231495052,0.4525057083074729,0.5007901172828663,0.5774262253677838,0.4964912586410518,0.5151714761816693,0.5623720115727934,0.6055166861944797,0.5870699036336381,0.6655241723376344,0.47794575872939427,0.5062422219744326,0.5539060745375417,0.45045611469879926,0.28625555789832724,0.4178026456967586,0.3550366024523739,0.05390891052644702,0.29111584295339715],[0.042633050140588435,0.03406212185494732,0.18709413399844713,0.10912694673257152,0.1973237120267618,0.06824868548442654,0.049769338410736746,0.11688601462508975,0.04760052200355577,0.13936692133380374,0.20731647720202223,0.17005570933704234,0,0.12038787851106338,0.1221075180913136,0.22183671119125412,0.18325489754653085,0.21551733736315665,0.1388531033371742,0.3571531988542601,0.2430319702000673,0.29604784181384886,0.2026231706556047,0.2600514050322314,0.36199375279506507,0.38869708169741957,0.28892292971321853,0.34706084168001355,0.3282287277710338,0.5149541554792736,0.4576555138668563,0.6727789246499509,0.5869346824480315,0.5179998123860793,0.43986874254047675,0.7557918605355337,0.6107899510308598,0.47540223825549716,0.424534587536911,0.5439778813903888,0.60348740433535,0.6856961330463662,0.7681651331122386,0.6694524971257005,0.8299986568069884,0.6354993098593095,0.23283064134888704,0.7420903496139387,0.8197361301070643,0.7203238175024679,0.812920965498293,0.8580404214806183,0.5249769116022358,0.7846541818289343,0.692889507562382,0.5791745465177711,0.7774286037184186,0.7969242021618916,0.6471241393485523,0.849493687424476,0.5087514988406089,0.6926065120588993,0.6103448824248094,0.7042533632159574,0.6772624922339708,0.7629428417617358,0.44756410243916356,0.6244195526589127,0.63229321188551,0.44522744204969233,0.5212984693525835,0.568366511940287,0.4886239594487716,0.5091798328434182,0.5299068304818051,0.3503669270070496,0.5510425087000401,0.5741780025192058,0.5834504212223327,0.5854822434378736,0.575692853441344,0.4574060362177305,0.4589445051280503,0.5222808890034641,0.4471053456411271,0.1412886397309834,0.24049289680636807,0.18589117894204374,0.09478325137345367,0.20095713404938223],[0.16968487268305546,0.11073427044456019,0.1909765983798462,0.2528208746074556,0.24644143023147635,0.06101902726327551,0.19470138341127788,0.2012766879698698,0.049769338410736746,0.11014491192413263,0.32434733778803243,0.30510808179708104,0.12038787851106338,0,0.15300888631079296,0.09209973468811714,0.09070206739493054,0.3014173614859086,0.03913088626299876,0.22147054927963392,0.11819611479715254,0.18203688927936665,0.06348901012647724,0.11987943615253362,0.21839158012730991,0.24503488241816576,0.14903132089629892,0.2057039387865938,0.18342109428701425,0.369839274277169,0.3126136207382376,0.5276243830645976,0.44172952601625587,0.3728161503794083,0.2946619386215721,0.61068581397588,0.46562393491535786,0.33586205969730604,0.28668561054004327,0.4019403256766933,0.46065473820326347,0.5417282261244956,0.6235083806613207,0.5245526798288523,0.6851857363425333,0.5019307449637639,0.14660926428326018,0.602768774708338,0.6803921345706988,0.5828665311624139,0.677483134897378,0.7268579219664415,0.4225518685784738,0.674342622881007,0.5814093081869953,0.5203722219867495,0.646828580113465,0.6707252908073901,0.5449396774225018,0.7307381230460525,0.4287725639502359,0.5674706965603167,0.5181632819852127,0.6051968334680636,0.5881579611127129,0.6471241393485523,0.31337502833434144,0.5090868684803077,0.5519195027054645,0.36295306140407047,0.4833765501459191,0.48613654010381774,0.49201697548568873,0.49004286812360065,0.466368653443798,0.2219342626067939,0.5489700051585396,0.5524851866348943,0.5356340134023808,0.5529644110035441,0.47754169694274445,0.4212049255972884,0.40157007432