"trial_id","rt","stimulus","response","trial_type","trial_index","plugin_version","time_elapsed","participant_number","success","raw_payload","placements","dissimilarity_vector","n_words","trial_category","distance_matrix","value"
"consent_form","4193","
    <div style=""max-width:800px; margin:0 auto; text-align:left; font-size: 16px; padding: 10px 0;"">
      <h1>Informed Consent Form</h1>
      <p>You are being invited to participate in a research study titled <strong>""Reproducibility of Psychological Science and Instruction.""</strong> This study is being done by Dr. Bria Long from UC San Diego and associated graduate students in the Experimental Methods course. You were selected to participate in this study because you are an adult in the U.S. and have been a represented population in previous psychology studies.</p>
      
      <p>The purpose of this study is to better understand how well previously published studies in the psychological field replicate online and with different populations. Your participation in this research should last approximately <strong>5-30 minutes</strong>. If you agree to take part in this study, you may be asked to view a set of stimuli, including pictures, sounds, written text, or videos and then giving some responses via key-presses, verbally, or with paper-and-pencil. We may also observe your choices or preferences among an array of stimuli. These stimuli will be taken directly from or closely adapted from studies that already exist in the published psychological literature. Stimuli will include, e.g., pictures of objects and human faces, audio and video clips, short text passages, etc. None of the stimuli will be disturbing, threatening, or offensive. The online and in-person experiments described in this protocol will take no more than 30 minutes. An example game you might play would be to click on an image on the screen that matches a word you hear being said out loud. Your total expected time commitment for this study is between 5-30 minutes, and is specified in the study description.</p>
      
      <p>Your participation in this study is completely voluntary and you can withdraw at any time. Choosing not to participate or withdrawing will result in no penalty or loss of benefits to which you are entitled. You are free to skip any question that you choose.</p>
      
      <p>We will not be asking for any personally identifying information, and we will handle responses as confidentially as possible. Your SONA or Prolific IDs will never be tied to your responses on this survey. However, we cannot guarantee the confidentiality of information transmitted over the Internet. To minimize this risk, data containing anything that might be personally identifying (e.g. Prolific IDs or IP addresses) will be encrypted on transfer and storage and will only be accessible to qualified lab personnel. We will be keeping data collected as part of this experiment indefinitely. This anonymized data (containing neither Prolific IDs nor IP addresses) may be shared with the scientific community or with other participants to be used as stimuli in future studies.</p>
      
      <p>If you have questions about this project or if you have a research-related problem, you may contact the researcher(s), <strong>Dr. Bria Long, <a href=""mailto:brlong@ucsd.edu"">brlong@ucsd.edu</a></strong>. If you have any questions concerning your rights as a research subject, you may contact the UC San Diego Office of IRB Administration at <a href=""mailto:irb@ucsd.edu"">irb@ucsd.edu</a> or 858-246-4777.</p>
      
      <h3 style=""margin-top: 25px;"">Consent Statement</h3>
      <p style=""font-weight: bold;"">By participating in this research you are indicating that you are at least 18 years old, have read this consent form, and agree to participate in this research study. Please keep this consent form for your records.</p>
    </div>
  ","0","html-button-response","0","2.1.0","4197","6htd45bd2g_fsetxf","","","","","","","",""
"","38615","","{""participant_date"":""11/26/2025"",""participant_time"":""12:00:00 P.M""}","survey-html-form","1","2.1.0","42815","6htd45bd2g_fsetxf","","","","","","","",""
"","1982196","
    <div style=""display:flex; align-items:center; justify-content:center; height:100vh; font-family:sans-serif;"">
      <div style=""max-width:900px; margin:0 auto; text-align:center;"">
        <h1 style= ""font-size: 24px;"">Welcome! Thank you for participating in the study.</h1>
        <h2 style= ""font-size: 22px;"">The study will be in Madarin Chinese.</h2>
        <h2 style= ""font-size: 22px;"">Please use desktop computers or laptops for the study. Tablets and phones are not allowed.</h2>
        <p style=""font-size:16px; margin-top:30px;""><em>Press any key to continue.</em></p>
      </div>
    </div>
  "," ","html-keyboard-response","2","2.1.0","31513988","6htd45bd2g_fsetxf","","","","","","","",""
"","8156","
    <div style=""display:flex; align-items:center; justify-content:center; height:100vh; font-family:sans-serif;"">
      <div style=""max-width:900px; margin:0 auto; text-align:center;"">
        <p style=""font-size:18px; line-height:1.6;"">
          In this task, you will be presented with <strong>90 words</strong> arranged <strong>outside a circle</strong>.<br>
          Your job is to <strong>drag these words into the circle</strong> and <strong>rearrange them</strong> based on their <strong>meaning similarity</strong>.<br><br>
          Words that are <strong>similar in meaning</strong> should be placed <strong>closer together</strong>.<br>
          Words that are <strong>different in meaning</strong> should be placed <strong>farther apart</strong>.<br><br>
          You can place the words <strong>anywhere inside the circle</strong>. There is no single correct answer — 
          we are interested in <strong>your personal judgment</strong> of how these words relate to each other.<br><br>
          <strong>You must move all words into the circle before you can finish.</strong><br>
          After the initial arrangement, you will arrange words from specific categories.
        </p>
        <p style=""font-size:16px; margin-top:30px;""><em>Press any key to continue.</em></p>
      </div>
    </div>
  "," ","html-keyboard-response","3","2.1.0","31522147","6htd45bd2g_fsetxf","","","","","","","",""
"","1984","","","fullscreen","4","2.1.0","31525137","6htd45bd2g_fsetxf","true","{""placements"":[{""word"":""骄傲"",""x"":583,""y"":244.7,""cx"":602,""cy"":262.1,""angle_rad"":-0.336,""angle_deg"":340.8},{""word"":""冰箱"",""x"":35,""y"":170.7,""cx"":54,""cy"":188.1,""angle_rad"":-2.641,""angle_deg"":208.7},{""word"":""兔子"",""x"":558,""y"":592.7,""cx"":577,""cy"":610.1,""angle_rad"":0.853,""angle_deg"":48.9},{""word"":""反感"",""x"":470,""y"":357.2,""cx"":489,""cy"":374.6,""angle_rad"":0.175,""angle_deg"":10},{""word"":""协议"",""x"":643,""y"":195.2,""cx"":662,""cy"":212.6,""angle_rad"":-0.415,""angle_deg"":336.2},{""word"":""嘴唇"",""x"":52,""y"":532.7,""cx"":71,""cy"":550.1,""angle_rad"":2.519,""angle_deg"":144.4},{""word"":""剪刀"",""x"":4,""y"":408.7,""cx"":23,""cy"":426.1,""angle_rad"":2.913,""angle_deg"":166.9},{""word"":""长颈鹿"",""x"":641,""y"":451.7,""cx"":667,""cy"":469.1,""angle_rad"":0.359,""angle_deg"":20.6},{""word"":""制度"",""x"":591,""y"":140.2,""cx"":610,""cy"":157.6,""angle_rad"":-0.637,""angle_deg"":323.5},{""word"":""过失"",""x"":451,""y"":15.2,""cx"":470,""cy"":32.6,""angle_rad"":-1.209,""angle_deg"":290.7},{""word"":""友情"",""x"":593,""y"":421.2,""cx"":612,""cy"":438.6,""angle_rad"":0.326,""angle_deg"":18.7},{""word"":""方法"",""x"":605,""y"":133.2,""cx"":624,""cy"":150.6,""angle_rad"":-0.629,""angle_deg"":324},{""word"":""蚂蚁"",""x"":496,""y"":636.7,""cx"":515,""cy"":654.1,""angle_rad"":1.074,""angle_deg"":61.5},{""word"":""沮丧"",""x"":559,""y"":261.7,""cx"":578,""cy"":279.1,""angle_rad"":-0.301,""angle_deg"":342.7},{""word"":""沙发"",""x"":18,""y"":204.7,""cx"":37,""cy"":222.1,""angle_rad"":-2.754,""angle_deg"":202.2},{""word"":""暴力"",""x"":532,""y"":56.2,""cx"":551,""cy"":73.6,""angle_rad"":-0.942,""angle_deg"":306},{""word"":""筷子"",""x"":2,""y"":436.7,""cx"":21,""cy"":454.1,""angle_rad"":2.835,""angle_deg"":162.4},{""word"":""概念"",""x"":406,""y"":1.2,""cx"":425,""cy"":18.6,""angle_rad"":-1.348,""angle_deg"":282.8},{""word"":""麻雀"",""x"":526,""y"":620.7,""cx"":545,""cy"":638.1,""angle_rad"":0.976,""angle_deg"":55.9},{""word"":""椅子"",""x"":1,""y"":313.7,""cx"":20,""cy"":331.1,""angle_rad"":-3.084,""angle_deg"":183.3},{""word"":""买卖"",""x"":335,""y"":-4.8,""cx"":354,""cy"":12.6,""angle_rad"":-1.559,""angle_deg"":270.7},{""word"":""魔力"",""x"":509,""y"":40.2,""cx"":528,""cy"":57.6,""angle_rad"":-1.024,""angle_deg"":301.3},{""word"":""结果"",""x"":303,""y"":-9.8,""cx"":322,""cy"":7.6,""angle_rad"":-1.652,""angle_deg"":265.3},{""word"":""敌意"",""x"":396,""y"":-6.8,""cx"":415,""cy"":10.6,""angle_rad"":-1.382,""angle_deg"":280.8},{""word"":""纠纷"",""x"":568,""y"":75.2,""cx"":587,""cy"":92.6,""angle_rad"":-0.827,""angle_deg"":312.6},{""word"":""关系"",""x"":652,""y"":224.2,""cx"":671,""cy"":241.6,""angle_rad"":-0.326,""angle_deg"":341.3},{""word"":""铅笔"",""x"":215,""y"":9.2,""cx"":234,""cy"":26.6,""angle_rad"":-1.915,""angle_deg"":250.3},{""word"":""愤怒"",""x"":392,""y"":425.2,""cx"":411,""cy"":442.6,""angle_rad"":0.988,""angle_deg"":56.6},{""word"":""团队"",""x"":631,""y"":166.2,""cx"":650,""cy"":183.6,""angle_rad"":-0.506,""angle_deg"":331},{""word"":""洗衣机"",""x"":-7,""y"":238.7,""cx"":19,""cy"":256.1,""angle_rad"":-2.865,""angle_deg"":195.8},{""word"":""大腿"",""x"":259,""y"":671.7,""cx"":278,""cy"":689.1,""angle_rad"":1.78,""angle_deg"":102},{""word"":""慈善"",""x"":657,""y"":253.2,""cx"":676,""cy"":270.6,""angle_rad"":-0.239,""angle_deg"":346.3},{""word"":""手指"",""x"":150,""y"":623.7,""cx"":169,""cy"":641.1,""angle_rad"":2.127,""angle_deg"":121.9},{""word"":""性质"",""x"":658,""y"":420.7,""cx"":677,""cy"":438.1,""angle_rad"":0.263,""angle_deg"":15.1},{""word"":""猫"",""x"":387,""y"":672.7,""cx"":399,""cy"":690.1,""angle_rad"":1.428,""angle_deg"":81.8},{""word"":""眼睛"",""x"":64,""y"":554.7,""cx"":83,""cy"":572.1,""angle_rad"":2.448,""angle_deg"":140.2},{""word"":""床"",""x"":0,""y"":381.7,""cx"":12,""cy"":399.1,""angle_rad"":2.997,""angle_deg"":171.7},{""word"":""鼠标"",""x"":415,""y"":671.7,""cx"":434,""cy"":689.1,""angle_rad"":1.328,""angle_deg"":76.1},{""word"":""微波炉"",""x"":55,""y"":139.7,""cx"":81,""cy"":157.1,""angle_rad"":-2.519,""angle_deg"":215.6},{""word"":""原因"",""x"":559,""y"":432.2,""cx"":578,""cy"":449.6,""angle_rad"":0.412,""angle_deg"":23.6},{""word"":""锤子"",""x"":264,""y"":-8.3,""cx"":283,""cy"":9.1,""angle_rad"":-1.765,""angle_deg"":258.9},{""word"":""勺子"",""x"":30,""y"":491.7,""cx"":49,""cy"":509.1,""angle_rad"":2.655,""angle_deg"":152.1},{""word"":""缘分"",""x"":546,""y"":389.2,""cx"":565,""cy"":406.6,""angle_rad"":0.257,""angle_deg"":14.7},{""word"":""胳膊"",""x"":173,""y"":644.7,""cx"":192,""cy"":662.1,""angle_rad"":2.039,""angle_deg"":116.8},{""word"":""老鼠"",""x"":459,""y"":649.7,""cx"":478,""cy"":667.1,""angle_rad"":1.187,""angle_deg"":68},{""word"":""兴奋"",""x"":528,""y"":288.2,""cx"":547,""cy"":305.6,""angle_rad"":-0.222,""angle_deg"":347.3},{""word"":""耳朵"",""x"":90,""y"":583.7,""cx"":109,""cy"":601.1,""angle_rad"":2.336,""angle_deg"":133.8},{""word"":""社会"",""x"":635,""y"":298.2,""cx"":654,""cy"":315.6,""angle_rad"":-0.113,""angle_deg"":353.5},{""word"":""牙刷"",""x"":24,""y"":456.7,""cx"":43,""cy"":474.1,""angle_rad"":2.757,""angle_deg"":158},{""word"":""过程"",""x"":558,""y"":406.2,""cx"":577,""cy"":423.6,""angle_rad"":0.314,""angle_deg"":18},{""word"":""光彩"",""x"":637,""y"":328.2,""cx"":656,""cy"":345.6,""angle_rad"":-0.014,""angle_deg"":359.2},{""word"":""空调"",""x"":-11,""y"":267.7,""cx"":8,""cy"":285.1,""angle_rad"":-2.954,""angle_deg"":190.7},{""word"":""乌龟"",""x"":634,""y"":505.7,""cx"":653,""cy"":523.1,""angle_rad"":0.519,""angle_deg"":29.7},{""word"":""地位"",""x"":583,""y"":383.2,""cx"":602,""cy"":400.6,""angle_rad"":0.198,""angle_deg"":11.4},{""word"":""创伤"",""x"":522,""y"":427.2,""cx"":541,""cy"":444.6,""angle_rad"":0.46,""angle_deg"":26.3},{""word"":""死亡"",""x"":577,""y"":387.2,""cx"":596,""cy"":404.6,""angle_rad"":0.218,""angle_deg"":12.5},{""word"":""快乐"",""x"":528,""y"":233.2,""cx"":547,""cy"":250.6,""angle_rad"":-0.467,""angle_deg"":333.2},{""word"":""身份"",""x"":611,""y"":372.2,""cx"":630,""cy"":389.6,""angle_rad"":0.14,""angle_deg"":8},{""word"":""婚姻"",""x"":622,""y"":399.2,""cx"":641,""cy"":416.6,""angle_rad"":0.225,""angle_deg"":12.9},{""word"":""错误"",""x"":416,""y"":323.2,""cx"":435,""cy"":340.6,""angle_rad"":-0.11,""angle_deg"":353.7},{""word"":""脚踝"",""x"":343,""y"":678.7,""cx"":362,""cy"":696.1,""angle_rad"":1.536,""angle_deg"":88},{""word"":""老虎"",""x"":611,""y"":537.7,""cx"":630,""cy"":555.1,""angle_rad"":0.632,""angle_deg"":36.2},{""word"":""冷漠"",""x"":482,""y"":391.2,""cx"":501,""cy"":408.6,""angle_rad"":0.37,""angle_deg"":21.2},{""word"":""疾病"",""x"":584,""y"":446.2,""cx"":603,""cy"":463.6,""angle_rad"":0.422,""angle_deg"":24.2},{""word"":""扫帚"",""x"":74,""y"":100.7,""cx"":93,""cy"":118.1,""angle_rad"":-2.407,""angle_deg"":222.1},{""word"":""难过"",""x"":445,""y"":412.2,""cx"":464,""cy"":429.6,""angle_rad"":0.61,""angle_deg"":34.9},{""word"":""钥匙"",""x"":108,""y"":64.7,""cx"":127,""cy"":82.1,""angle_rad"":-2.265,""angle_deg"":230.2},{""word"":""天堂"",""x"":430,""y"":369.2,""cx"":449,""cy"":386.6,""angle_rad"":0.354,""angle_deg"":20.3},{""word"":""义务"",""x"":422,""y"":3.2,""cx"":441,""cy"":20.6,""angle_rad"":-1.301,""angle_deg"":285.4},{""word"":""数据"",""x"":607,""y"":157.2,""cx"":626,""cy"":174.6,""angle_rad"":-0.566,""angle_deg"":327.6},{""word"":""爱心"",""x"":438,""y"":281.2,""cx"":457,""cy"":298.6,""angle_rad"":-0.448,""angle_deg"":334.3},{""word"":""内容"",""x"":671,""y"":361.2,""cx"":690,""cy"":378.6,""angle_rad"":0.084,""angle_deg"":4.8},{""word"":""现象"",""x"":659,""y"":335.2,""cx"":678,""cy"":352.6,""angle_rad"":0.008,""angle_deg"":0.5},{""word"":""柜子"",""x"":146,""y"":40.7,""cx"":165,""cy"":58.1,""angle_rad"":-2.136,""angle_deg"":237.6},{""word"":""奇迹"",""x"":673,""y"":311.2,""cx"":692,""cy"":328.6,""angle_rad"":-0.062,""angle_deg"":356.4},{""word"":""恐惧"",""x"":585,""y"":155.2,""cx"":604,""cy"":172.6,""angle_rad"":-0.61,""angle_deg"":325.1},{""word"":""膝盖"",""x"":302,""y"":671.7,""cx"":321,""cy"":689.1,""angle_rad"":1.656,""angle_deg"":94.9},{""word"":""舒心"",""x"":662,""y"":289.2,""cx"":681,""cy"":306.6,""angle_rad"":-0.13,""angle_deg"":352.5},{""word"":""债务"",""x"":586,""y"":105.2,""cx"":605,""cy"":122.6,""angle_rad"":-0.728,""angle_deg"":318.3},{""word"":""大象"",""x"":647,""y"":478.7,""cx"":666,""cy"":496.1,""angle_rad"":0.433,""angle_deg"":24.8},{""word"":""作用"",""x"":484,""y"":30.2,""cx"":503,""cy"":47.6,""angle_rad"":-1.102,""angle_deg"":296.8},{""word"":""纪律"",""x"":642,""y"":358.2,""cx"":661,""cy"":375.6,""angle_rad"":0.082,""angle_deg"":4.7},{""word"":""电视"",""x"":188,""y"":25.7,""cx"":207,""cy"":43.1,""angle_rad"":-2.007,""angle_deg"":245},{""word"":""肩膀"",""x"":216,""y"":653.7,""cx"":235,""cy"":671.1,""angle_rad"":1.915,""angle_deg"":109.7},{""word"":""鼻子"",""x"":119,""y"":606.7,""cx"":138,""cy"":624.1,""angle_rad"":2.229,""angle_deg"":127.7},{""word"":""斧头"",""x"":251,""y"":-6.8,""cx"":270,""cy"":10.6,""angle_rad"":-1.802,""angle_deg"":256.7},{""word"":""风景"",""x"":664,""y"":388.7,""cx"":683,""cy"":406.1,""angle_rad"":0.167,""angle_deg"":9.6},{""word"":""熊猫"",""x"":586,""y"":566.7,""cx"":605,""cy"":584.1,""angle_rad"":0.743,""angle_deg"":42.6},{""word"":""骗局"",""x"":356,""y"":-9.8,""cx"":375,""cy"":7.6,""angle_rad"":-1.498,""angle_deg"":274.2},{""word"":""桌子"",""x"":-7,""y"":354.7,""cx"":12,""cy"":372.1,""angle_rad"":3.076,""angle_deg"":176.3}],""n_words"":90,""words"":[""骄傲"",""冰箱"",""兔子"",""反感"",""协议"",""嘴唇"",""剪刀"",""长颈鹿"",""制度"",""过失"",""友情"",""方法"",""蚂蚁"",""沮丧"",""沙发"",""暴力"",""筷子"",""概念"",""麻雀"",""椅子"",""买卖"",""魔力"",""结果"",""敌意"",""纠纷"",""关系"",""铅笔"",""愤怒"",""团队"",""洗衣机"",""大腿"",""慈善"",""手指"",""性质"",""猫"",""眼睛"",""床"",""鼠标"",""微波炉"",""原因"",""锤子"",""勺子"",""缘分"",""胳膊"",""老鼠"",""兴奋"",""耳朵"",""社会"",""牙刷"",""过程"",""光彩"",""空调"",""乌龟"",""地位"",""创伤"",""死亡"",""快乐"",""身份"",""婚姻"",""错误"",""脚踝"",""老虎"",""冷漠"",""疾病"",""扫帚"",""难过"",""钥匙"",""天堂"",""义务"",""数据"",""爱心"",""内容"",""现象"",""柜子"",""奇迹"",""恐惧"",""膝盖"",""舒心"",""债务"",""大象"",""作用"",""纪律"",""电视"",""肩膀"",""鼻子"",""斧头"",""风景"",""熊猫"",""骗局"",""桌子""],""distance_matrix"":[[0,0.7900126628778201,0.4946033605028273,0.22037601549979768,0.10215607243342291,0.863981740832481,0.860658955033856,0.30362753991533054,0.14127207418287976,0.37280216615562695,0.24546199074379027,0.15407397480331106,0.5708039164576851,0.03213504314355469,0.8094681357074387,0.27223321917069615,0.8753146656701886,0.4253195247246185,0.5400547833369614,0.8379293172519158,0.49878731185953584,0.304368064942879,0.5372791431606112,0.44322421963067304,0.23587836202664164,0.0937567968278901,0.6219957350047123,0.3699677191077781,0.12275292066532198,0.8335214751434892,0.7654546118655754,0.09738385972527032,0.8225318890894544,0.2664959155135438,0.6752627918935881,0.864647657326758,0.8663317448787766,0.6537801034713375,0.7588927876723455,0.2631895650740588,0.5789250861430577,0.8662708010146074,0.20547918175496804,0.8187120900344886,0.6026776503399847,0.09106756758150696,0.8556327288880048,0.09755862007510346,0.8549731924315515,0.22612355293146,0.13350444690438165,0.8500440385867761,0.37451445345711093,0.1900457763066841,0.2681038161063376,0.19601869764635954,0.0708980042253346,0.17852091882772098,0.22022163523214042,0.2566757103202358,0.7074533480386465,0.4156227622691363,0.24713917406692984,0.2812443141470278,0.7552768502198645,0.30371509441082273,0.7248558049511135,0.27509487413301326,0.4097052732646759,0.12089937619078919,0.2060025895939002,0.2009035568193199,0.16063018036616453,0.6876671692044836,0.15154538303857396,0.1191487170965512,0.7294933177475305,0.12081159958470734,0.19154000453453912,0.34072633371410926,0.3315340800078711,0.17472925166799658,0.6433397989413885,0.7850102463742382,0.8414477787312977,0.59246852049381,0.22872117327795302,0.45568937977594864,0.48321112224396745,0.8583261668677656],[0.7900126628778201,0,0.9623389728675605,0.6746731500778433,0.8703795083973586,0.5141482013111416,0.33698604521370157,0.9656902193790788,0.7956032729193756,0.6324322851318726,0.8749470287825062,0.8164424665022747,0.9384197601753861,0.7594250719996393,0.0445871676936461,0.7278337679164957,0.37755876323244625,0.5799929332672291,0.9536496744629369,0.20233016099918552,0.4926730250636407,0.701224278784376,0.4572852771717914,0.5718740619702026,0.7733865466469756,0.8860443675588817,0.33962146279217803,0.6242034300760303,0.8523193794050772,0.10026761653277759,0.7839651004815757,0.8978161328361745,0.6660967593858934,0.961278623782358,0.8712886671908859,0.5469994344364637,0.3009844130554709,0.8997873678879345,0.04906940502636625,0.8372785623025735,0.41030020710384135,0.4542779767260581,0.7940381067075079,0.7041827005013966,0.9155532648269185,0.7231871926518382,0.5926731025083078,0.8774780585674281,0.40386384992294966,0.8198349536647742,0.8903103478955289,0.1449615322262914,0.9830268539350643,0.8403651383319747,0.7863147508064168,0.8344039532768814,0.7089101658340283,0.8728904160837347,0.9013746736399487,0.5836123418687514,0.8495118026073372,0.9782052334165242,0.7110537571066993,0.8787102364798903,0.10555458893819898,0.6783563094010542,0.1758672627182688,0.6294773722902811,0.5999790913704406,0.8177844313003635,0.5944514753820903,0.9506077921735897,0.9236855501512994,0.2370061222357294,0.9352203281668037,0.786024095551422,0.811337994495524,0.9132357647831298,0.7927712559386965,0.9813190825200947,0.6705840539840866,0.9091821074310158,0.294693768911402,0.7362026800086754,0.632294968497208,0.3942574955974784,0.9531974969648737,0.9717751428077172,0.5226437397478115,0.2627594369195056],[0.4946033605028273,0.9623389728675605,0,0.35347950236118986,0.5779665955982479,0.7271476674885052,0.8345722793414152,0.23169902779407905,0.6463125024458654,0.8397430509911475,0.2429316022009175,0.6581761342197706,0.09961268629849414,0.4686991866667249,0.9520868050827936,0.7670776566496549,0.825472394385562,0.8735993977471158,0.051111844192479584,0.8913330275273313,0.9127410960398031,0.792465974816412,0.9366008573694261,0.8884870470489198,0.7388028366297062,0.540060968618328,0.9693233061604039,0.33092386894852294,0.6159149769746521,0.946120890131089,0.43722809670672913,0.5014692798665338,0.5818597970264918,0.2775600390149039,0.2720506216640202,0.7067583417360799,0.8625919833732936,0.22604714386695662,0.9619210058198261,0.22189613987257797,0.9580473412443129,0.76771980076284,0.28464750679451833,0.5519244277444858,0.15492355784893255,0.43247127503617294,0.6671350752413799,0.4301922057745581,0.7872225300343965,0.25952763989122224,0.38914857362560873,0.9380983972951938,0.15678214609868987,0.29497261688491877,0.2347315267368006,0.2882996111384573,0.5117606531250857,0.3178347641759189,0.28458359197142413,0.43051307753960943,0.32475675992029246,0.10012557041023638,0.3012979656179387,0.2049399093487722,0.9885941785230372,0.2978203013654004,0.9937864271346104,0.3623872095576276,0.8653002068614285,0.6239425456549793,0.47277137905285577,0.3624574559237914,0.38995007682786925,0.98662908149091,0.42973545192650037,0.6240647453839495,0.3773751036203171,0.45396732104088394,0.6963998374302001,0.19891500117584535,0.8108179886706763,0.35013032082124657,0.9696095762961643,0.4924329700035108,0.6253542517899074,0.9645295542372677,0.32234449695553447,0.044872029917958196,0.9094156255299424,0.8770210108131062],[0.22037601549979768,0.6746731500778433,0.35347950236118986,0,0.33264056583749274,0.6458002261695144,0.6682215903189567,0.28128382197013707,0.34921023687925756,0.4853833173708898,0.19026905372564779,0.3681449436975487,0.3958954920120913,0.178526463244545,0.6800850835913363,0.4344179090762967,0.6767146718363579,0.5131466670938989,0.3795068195411991,0.6713712594036019,0.548823289879662,0.45189113752682775,0.5732232327217817,0.5272439002677851,0.4217144194647367,0.3158620737883175,0.6140685515809798,0.13935219449455652,0.3511625263440477,0.691195902075159,0.537778161545038,0.2992977522349555,0.5923746762210395,0.2768032891119848,0.46447848940415254,0.643109397903978,0.6809478496731268,0.4517217155948315,0.6588354943331519,0.15803676214314252,0.596883545320279,0.6555714937144971,0.10892875851538475,0.5879141271859242,0.41326605498781066,0.12004103547882221,0.6299274501579512,0.2432157240307412,0.6510350224314188,0.13536122022532726,0.23491841236286815,0.6977784327856599,0.30981877776973404,0.15740750541277831,0.11578836261099337,0.1504209274841745,0.1877212021800368,0.19481632517629893,0.2178326011656751,0.08193232159107897,0.4899397252210604,0.32111203520638093,0.04175340364480772,0.19891500117584535,0.6725304243981688,0.07701503992452731,0.6632510235075219,0.05001264514153877,0.5066795727570605,0.3404786195107648,0.10892875851538475,0.28057456063157565,0.2649937131903255,0.6451996676912263,0.29086190915465093,0.32602958624493983,0.5056945018096334,0.28440508976135187,0.3911330265837304,0.30033191832462436,0.46334046511875576,0.2385425348595338,0.6195591664264775,0.5547106349892277,0.6129305087205201,0.6044794812286183,0.27406195491252744,0.336204886993186,0.5458480132216544,0.6800471517468608],[0.10215607243342291,0.8703795083973586,0.5779665955982479,0.33264056583749274,0,0.9747256162756204,0.9648024602254262,0.360925893746374,0.09912609126705894,0.3705257078933783,0.32461607860157904,0.09482469776043119,0.6631437099900025,0.14464602997484402,0.8943779207796799,0.24705272619647167,0.9811027627272395,0.4329080780974651,0.6283499701858573,0.9345797516860264,0.5211534073694991,0.2861517218349404,0.5642637312937557,0.4514445003135725,0.1944024584877554,0.03351537355364548,0.6650832137840266,0.4823651817282588,0.034992234812686374,0.9224566238129767,0.8754131297688599,0.07593011781588234,0.9350840480681863,0.3167030215675383,0.7786698179058635,0.9761007761765276,0.9684257307524526,0.7542078484323387,0.834410153726804,0.3535392347034233,0.6122612383260736,0.9752508264443475,0.3035307846576369,0.9309631011354182,0.6993374070818205,0.20365063485669826,0.9678465237199804,0.13910719262066445,0.9622638489911663,0.31884412069722873,0.1822801207064285,0.9420512703001055,0.4392112239223327,0.2752223510845424,0.3683220146899904,0.2834512469137487,0.16488125070665707,0.24992958470966758,0.286420065288983,0.36679204428002404,0.813225550234126,0.4875029067411374,0.35672609830397467,0.3627965597275021,0.8244932720555677,0.4147858803172478,0.786701250086915,0.3876874601709339,0.4133346662315175,0.06533308234779406,0.3113616086906424,0.23324740474808495,0.19353625509049488,0.7429485935609187,0.16300072289952708,0.09154895208964647,0.8377418941971405,0.12838205632199784,0.143770399803313,0.39997975150868365,0.32125341305311295,0.22551491777265525,0.6924088299719008,0.8965013286464076,0.9540052348210973,0.6279049348089284,0.2713051039734288,0.5336153179133557,0.5001018411574175,0.9583753341969001],[0.863981740832481,0.5141482013111416,0.7271476674885052,0.6458002261695144,0.9747256162756204,0,0.18203532966209793,0.8602258689296709,0.954731702336578,0.9354673550258509,0.7891394992254723,0.977085801391538,0.6496647480713821,0.8217265274581168,0.466898413739084,0.9686076659039176,0.14624393618946555,0.9139580044651522,0.6874195009389547,0.3150551661182473,0.8688688072885923,0.9621151997076582,0.8548306302111265,0.9157560494430753,0.9877992106311557,0.9661647734550607,0.783231821426214,0.5057391570916404,0.9814830737737286,0.421743510539954,0.3504897151978356,0.9542626558416551,0.18314798199085855,0.8816261677746156,0.505795478131445,0.02583686806181712,0.2242326503473663,0.5522242915041506,0.5586285426316788,0.737743554136264,0.8306614291991485,0.0569149944027195,0.7342050125027567,0.22823003141394102,0.6025699873398869,0.7641724601938551,0.081625573538074,0.8991866270719308,0.10680335812236155,0.7445586162119587,0.8866215002849669,0.3838506059975382,0.8329353349433902,0.7880879497030786,0.6868341291552258,0.778165137546224,0.8036349496320677,0.8314286878969435,0.8369868422165098,0.5975042601597969,0.4608394765777784,0.7987682203724906,0.6448384288713991,0.7697652690329612,0.6157087860843298,0.5845850680283915,0.6718424556858253,0.585723181395633,0.9246204707623065,0.9595479538564743,0.6564486926310023,0.9193428348767945,0.9135578377714179,0.7146326759692738,0.9439533724637401,0.9350109140633428,0.4036210146702597,0.9403117719128338,0.9797377238904297,0.8543870539681844,0.9488008052201002,0.8801807179965513,0.7494092353683596,0.28457915292785557,0.1340619902191389,0.8219421009691601,0.8996480843007957,0.7641126084311245,0.8897425634062097,0.2610089525204588],[0.860658955033856,0.33698604521370157,0.8345722793414152,0.6682215903189567,0.9648024602254262,0.18203532966209793,0,0.9238523686310384,0.9239378690784976,0.851608695694064,0.8423539968580049,0.9465821586217826,0.7745068449377784,0.8206481363017246,0.2855541387737384,0.9085382016269431,0.030196000263296364,0.8181562516279756,0.8051158652503237,0.12714638797582942,0.7562698926368175,0.8944960185978694,0.734085411195349,0.8164399324347096,0.9380235626477966,0.9648465048212325,0.6435565021529844,0.5517143347554032,0.9626859752698339,0.23571135933244783,0.5198312979252847,0.9612357652428761,0.36575746767098166,0.9364113890896423,0.6545982281362476,0.21805279827675564,0.031764295351886115,0.6958805017527069,0.3878979278053173,0.7936655574421577,0.700904379188882,0.11546424568356779,0.7746353015054712,0.40973955932988176,0.7348768851121124,0.7678695693741803,0.2718168729584738,0.9168582853818158,0.0648336679720477,0.7915063231874145,0.9132334962652766,0.19481632517629893,0.912257232900788,0.8284990691068608,0.7398648126706345,0.8195850688180365,0.7894840330635559,0.869804819025079,0.8842463325958285,0.5986543551798512,0.6169006603214827,0.887840844564282,0.681948764101339,0.8308871661565393,0.4467731514526701,0.6279463751610607,0.5097741554255508,0.6088583630081761,0.8325641298728622,0.935305631729728,0.6443426001259224,0.9575152318482326,0.9436503451226007,0.5605381962015522,0.9681955878584002,0.9071497050644207,0.5648977869947605,0.9576223805891887,0.9396988871134443,0.925828373329014,0.8744120115490541,0.9159799942440046,0.604629395540068,0.4585485910302691,0.32101011098866816,0.6892625232490615,0.9453758208513419,0.8625223774146826,0.7811500123408152,0.06933404147401225],[0.30362753991533054,0.9656902193790788,0.23169902779407905,0.28128382197013707,0.360925893746374,0.8602258689296709,0.9238523686310384,0,0.4479568795695462,0.6827820073883512,0.08059849244773018,0.454785516663149,0.33615274717939203,0.2932724050646437,0.9690963154850206,0.5861799260893944,0.9249237827307116,0.7298107697931885,0.29127888584139816,0.9471859884405252,0.7907730809237884,0.6182890189181153,0.8236345373150263,0.7468973755962687,0.546727315584298,0.31892763023377285,0.8857451404237925,0.36211171607483394,0.4035659775173881,0.9769412404328898,0.6364690009846513,0.27719329583276753,0.7522209390241401,0.03671232391467675,0.49239130018897825,0.8479717002490437,0.9430986651482411,0.4534272666894208,0.9505573714196208,0.12144864237128451,0.8569454658719586,0.8860125209829735,0.16272414274326713,0.731732746763743,0.3857882206644113,0.2831382610843142,0.8195809665452718,0.21255428854218947,0.8928548723943343,0.13554254853109435,0.169040411293321,0.9799754985544735,0.07031304062808867,0.12625446559664424,0.17536750933615228,0.12841412757279724,0.3504091548654092,0.11649396721124212,0.0743663013512653,0.3734631639786148,0.5399196413813522,0.12508251909797818,0.24531456028978427,0.08254559871307009,0.9634842301498666,0.28892321240162006,0.9512428671742555,0.3269663060507396,0.7165493844939252,0.4199732677336297,0.3811209011641639,0.12472837240617246,0.15894998030506577,0.9287064987042338,0.19613538018262602,0.4283384610061096,0.5830808111946617,0.22565807142832678,0.4990999417213906,0.028671994443107612,0.6442561915542426,0.12518491347453567,0.8971073102291045,0.6798844004836494,0.7875035579278961,0.8674808192599591,0.08365167269286011,0.1786802559706285,0.7800904859548845,0.9480400568965387],[0.14127207418287976,0.7956032729193756,0.6463125024458654,0.34921023687925756,0.09912609126705894,0.954731702336578,0.9239378690784976,0.4479568795695462,0,0.2612404312180933,0.3963303614602412,0.01221921557314726,0.7213025474188355,0.17143526821615798,0.824239761035455,0.13815135079784707,0.944096069406345,0.3245222582306292,0.6914392524168339,0.8797712522791247,0.41544567746007266,0.17675925934340747,0.4596085103908005,0.3430516970554601,0.08936837510016167,0.13983402821993487,0.5659239132062159,0.4927266442722964,0.058620023273322365,0.856857589093196,0.8966919143666888,0.1789902322362881,0.9368464182373712,0.40701851992298266,0.8186833434640385,0.9601029675922461,0.9231133747715592,0.8000130933414205,0.755310029389355,0.4147735609405021,0.5094301589567818,0.9478643297295979,0.3558376012309782,0.9379418176878547,0.751432356467908,0.2223995176889862,0.9581081892181045,0.2269756685921752,0.9295274802374566,0.37755876323244625,0.26972679608188843,0.8803101076636629,0.522285928887716,0.3415041542588474,0.4168431375516111,0.34767760539202286,0.15216349905505375,0.3266362248441561,0.36715014681064745,0.35608922725825615,0.8477535092150379,0.5656861929573144,0.3856745056974416,0.4326244119981437,0.7401203008567129,0.4364269892584257,0.6972131041752895,0.3947742822445341,0.30448036583138,0.02335478320917298,0.29074018220999737,0.32978254723680506,0.2885020737708081,0.6496222903749239,0.264079286881855,0.012947354495646513,0.8653085812274323,0.22848011370526666,0.04073987503682468,0.4862135699138726,0.21169637468144173,0.31364551713626704,0.5960082945055108,0.9099815186011384,0.9501934459035573,0.5257551187933018,0.36447490329884136,0.6069793812925748,0.39312394693093305,0.9091923606895967],[0.37280216615562695,0.6324322851318726,0.8397430509911475,0.4853833173708898,0.3705257078933783,0.9354673550258509,0.851608695694064,0.6827820073883512,0.2612404312180933,0,0.6121716394163828,0.2703991037604833,0.8915621648519196,0.37912511453570225,0.6737427542421786,0.12097712916875039,0.8810190646442548,0.057780515755707244,0.872744518180457,0.7712356301149194,0.15995363246785432,0.08098607438456243,0.20683235648441153,0.07530923558057571,0.17989511585618842,0.4093029822226676,0.3312911993815272,0.5891660588086213,0.3296593479793941,0.7181688527037113,0.9796784697040348,0.4452030933604395,0.9722616842926279,0.6485961262050034,0.9468514256739318,0.9506546674746662,0.8386715011013083,0.941298611888593,0.5807908916238901,0.6131014945827202,0.2623804783904218,0.9099655827136106,0.5481334772338234,0.9856895168984188,0.9080980347678845,0.4001577654333196,0.9643833999403771,0.4781890948023869,0.8786513194973162,0.5763596808526431,0.5166029614619665,0.751688090915251,0.747385551969723,0.5554882408431356,0.5947384904390705,0.5580962283247474,0.32423124793565217,0.5558602243590521,0.5980395485752829,0.4382730018635394,0.9626439862155112,0.7805674484546874,0.5356829610567245,0.6424802899843074,0.5491421342493986,0.5643001902218013,0.4912111315089293,0.5028912461178233,0.034992234812686374,0.2949202986768957,0.37506654066186923,0.5830808111946617,0.5420286425649924,0.4326013561496165,0.5251510142196127,0.2700855606898577,0.9640394210085449,0.4901610940629716,0.2244245445908415,0.7180178546711269,0.04203368359023561,0.5578566163924286,0.3705676444126987,0.9744278019347432,0.9714329531553618,0.2808156694629109,0.611954950259499,0.8114492221696029,0.13175977658127133,0.8148165331085327],[0.24546199074379027,0.8749470287825062,0.2429316022009175,0.19026905372564779,0.32461607860157904,0.7891394992254723,0.8423539968580049,0.08059849244773018,0.3963303614602412,0.6121716394163828,0,0.4068145583703774,0.3316504789522711,0.2256314447629406,0.8789411534145775,0.5252409888052751,0.8453512665718271,0.6550659510732951,0.29419635810190514,0.860518526399594,0.7104883025602252,0.5543188797969966,0.7415312488561323,0.6715859686598199,0.49171576744616974,0.28724124221551467,0.7989261590494718,0.28057456063157565,0.36276006645822506,0.8876836686933931,0.593909108391812,0.2497967634259257,0.6946412280362738,0.08365445638019091,0.4666377036752127,0.7793174607131949,0.8599650110747544,0.4343925909499603,0.8595351923352469,0.04128964696914241,0.7727206217405262,0.81089070088011,0.07186794800968711,0.6782498283609922,0.373004410399626,0.20384629289951575,0.7547269612197609,0.17770272006137747,0.8148127245152278,0.04468228534217623,0.1384894072439981,0.8916678562418096,0.12551668097268429,0.04644090008578737,0.09270323444949627,0.043955219777962545,0.2775054666475279,0.06512539415472393,0.042252857652072644,0.28242633611586626,0.5090773639991284,0.16020093702674282,0.15600343743465026,0.028023711776056105,0.8725380848514163,0.20419314665418709,0.8608757179662098,0.2372261933027566,0.6433061454197793,0.3722488655102513,0.29190327260503757,0.13201006079082434,0.1464844720383556,0.8392919070031133,0.1864482154298552,0.3747810771017497,0.5453699066070558,0.20516719975239198,0.4470961339894784,0.10374530630789386,0.577130478536267,0.10509302272302047,0.8089827438592979,0.6307171857851451,0.7263663760171566,0.7826068616996479,0.10259255855523225,0.2004221508529461,0.7015535993525829,0.8634031436573212],[0.15407397480331106,0.8164424665022747,0.6581761342197706,0.3681449436975487,0.09482469776043119,0.977085801391538,0.9465821586217826,0.454785516663149,0.01221921557314726,0.2703991037604833,0.4068145583703774,0,0.7352805610743393,0.18712948815882313,0.8455471211475131,0.14315090733909686,0.9667535544534603,0.3352325868408211,0.7044425141391044,0.9020810425595459,0.42848826602953616,0.1830397122212586,0.4732497673646074,0.35370039115587476,0.08914769136119415,0.13781959028414692,0.5819500013135177,0.5127483200947218,0.05037550988875401,0.8785381879450427,0.916097600134197,0.17887405061505202,0.9580238123361973,0.41274152269416914,0.8357038124742298,0.9823065812315732,0.9457004904211481,0.8161586026453754,0.77563154426328,0.4274678635296757,0.5239824166493114,0.9704198207433554,0.369845829728184,0.9587169993530417,0.7665115105218351,0.24009043488125476,0.9800159595263064,0.23232128999253945,0.9521621790077283,0.39055341880871464,0.2756071880731374,0.9022532447319068,0.5304014600583762,0.352844870536548,0.43177232191707926,0.3594637615137242,0.17225573002499464,0.33563243067549076,0.3753925261121894,0.37749395212145914,0.8655490110117132,0.5751555147112895,0.4032970126228534,0.4436599079966593,0.7596431205981383,0.45512263157768473,0.7157895115062893,0.4148548622323852,0.3144978441362751,0.024423000416463073,0.3125704587784998,0.33315016706026984,0.292232290764012,0.6673395333045431,0.26538522477816834,0.03260007245294599,0.8839851593418322,0.22997950238027173,0.038543248726289836,0.4933680700125976,0.21957916665209742,0.3196322438613353,0.6129204245517411,0.9301737251028047,0.9717551427963045,0.5406083287187644,0.36914058358411517,0.6176721641833788,0.405209510993454,0.9316928797298357],[0.5708039164576851,0.9384197601753861,0.09961268629849414,0.3958954920120913,0.6631437099900025,0.6496647480713821,0.7745068449377784,0.33615274717939203,0.7213025474188355,0.8915621648519196,0.3316504789522711,0.7352805610743393,0,0.5399957817752159,0.9221946364574941,0.8314722434717815,0.7610278697187803,0.9186518451750157,0.0387779691278459,0.8451464894086884,0.9469564849557534,0.8532235915546943,0.9662066111396217,0.932233174548534,0.809009593314978,0.6279447340101554,0.9848088070690507,0.33072738821573083,0.6981097245835327,0.9101098493522513,0.33634917515890556,0.5916286159038999,0.49076347518218744,0.380397131751825,0.1653765469481877,0.6260640744864929,0.8058939790256346,0.11729003395576187,0.9446795328340637,0.29931212755319875,0.981784841893935,0.6960154693598155,0.35506520231996214,0.4572600768922467,0.04633027583002557,0.49615112242094234,0.5822488154364347,0.5192565348886223,0.7207965999176056,0.3350787358550371,0.4805595849396373,0.8972619886577305,0.2649937131903255,0.3775216331913806,0.2951475176286563,0.3692785646259488,0.5754774636999959,0.4070586729165761,0.37873765107961005,0.4579075733280577,0.21922817908394907,0.2092158284497161,0.345509797798075,0.2933181089872144,0.9770547689880018,0.3228140423362452,0.990069657015519,0.38839011938804874,0.9128125897856637,0.702011451343254,0.510965555701998,0.46201235463546236,0.48569225125212506,0.9900570911082548,0.525892364786998,0.698358091814293,0.27491777933105976,0.5470280955276906,0.7698807442529404,0.3059242314481658,0.8676657724674595,0.44473896081799846,0.9800262728430074,0.39561886626048154,0.5370088908305412,0.986281480122725,0.4231665823321465,0.15460646856625862,0.947086698690081,0.8242946740382291],[0.03213504314355469,0.7594250719996393,0.4686991866667249,0.178526463244545,0.14464602997484402,0.8217265274581168,0.8206481363017246,0.2932724050646437,0.17143526821615798,0.37912511453570225,0.2256314447629406,0.18712948815882313,0.5399957817752159,0,0.7770147869222298,0.28958742403554694,0.8346987343253399,0.42687472351393174,0.5114189699189335,0.800788029847196,0.4935011428354,0.31825895987687314,0.5297249739000309,0.4442392162902156,0.25984180198667456,0.1347148633396461,0.6072593031775368,0.32786869130998786,0.16268783716194993,0.7994204891391986,0.7249626609822726,0.13195304942393282,0.7801948460884891,0.2606884145370977,0.6384757223144077,0.8222098379132378,0.8270801428833189,0.6185934719666923,0.7303466257044237,0.2363670186963762,0.5684414562882707,0.8245556967443541,0.17507971802323608,0.7766887537959889,0.5695606701026257,0.04859657015561897,0.8130636748236238,0.11160428179924684,0.8138330148549371,0.1987360179796429,0.13793437861828053,0.8147044896413632,0.35906985811021974,0.16883598685010298,0.2350432793940204,0.17308679588176892,0.05051747290203397,0.16634075382858263,0.20849561558757862,0.2148911890405432,0.6693579999782656,0.39611137425063003,0.20765176075063843,0.25907320367970504,0.7292893971141424,0.2628600843251294,0.70196549555661,0.23263290126930594,0.4130533513385889,0.15602389362453223,0.16697375780192214,0.