"trial_id","rt","stimulus","response","trial_type","trial_index","plugin_version","time_elapsed","participant_number","success","raw_payload","placements","dissimilarity_vector","n_words","trial_category","distance_matrix","value"
"consent_form","6981","
    <div style=""max-width:800px; margin:0 auto; text-align:left; font-size: 16px; padding: 10px 0;"">
      <h1>Informed Consent Form</h1>
      <p>You are being invited to participate in a research study titled <strong>""Reproducibility of Psychological Science and Instruction.""</strong> This study is being done by Dr. Bria Long from UC San Diego and associated graduate students in the Experimental Methods course. You were selected to participate in this study because you are an adult in the U.S. and have been a represented population in previous psychology studies.</p>
      
      <p>The purpose of this study is to better understand how well previously published studies in the psychological field replicate online and with different populations. Your participation in this research should last approximately <strong>5-30 minutes</strong>. If you agree to take part in this study, you may be asked to view a set of stimuli, including pictures, sounds, written text, or videos and then giving some responses via key-presses, verbally, or with paper-and-pencil. We may also observe your choices or preferences among an array of stimuli. These stimuli will be taken directly from or closely adapted from studies that already exist in the published psychological literature. Stimuli will include, e.g., pictures of objects and human faces, audio and video clips, short text passages, etc. None of the stimuli will be disturbing, threatening, or offensive. The online and in-person experiments described in this protocol will take no more than 30 minutes. An example game you might play would be to click on an image on the screen that matches a word you hear being said out loud. Your total expected time commitment for this study is between 5-30 minutes, and is specified in the study description.</p>
      
      <p>Your participation in this study is completely voluntary and you can withdraw at any time. Choosing not to participate or withdrawing will result in no penalty or loss of benefits to which you are entitled. You are free to skip any question that you choose.</p>
      
      <p>We will not be asking for any personally identifying information, and we will handle responses as confidentially as possible. Your SONA or Prolific IDs will never be tied to your responses on this survey. However, we cannot guarantee the confidentiality of information transmitted over the Internet. To minimize this risk, data containing anything that might be personally identifying (e.g. Prolific IDs or IP addresses) will be encrypted on transfer and storage and will only be accessible to qualified lab personnel. We will be keeping data collected as part of this experiment indefinitely. This anonymized data (containing neither Prolific IDs nor IP addresses) may be shared with the scientific community or with other participants to be used as stimuli in future studies.</p>
      
      <p>If you have questions about this project or if you have a research-related problem, you may contact the researcher(s), <strong>Dr. Bria Long, <a href=""mailto:brlong@ucsd.edu"">brlong@ucsd.edu</a></strong>. If you have any questions concerning your rights as a research subject, you may contact the UC San Diego Office of IRB Administration at <a href=""mailto:irb@ucsd.edu"">irb@ucsd.edu</a> or 858-246-4777.</p>
      
      <h3 style=""margin-top: 25px;"">Consent Statement</h3>
      <p style=""font-weight: bold;"">By participating in this research you are indicating that you are at least 18 years old, have read this consent form, and agree to participate in this research study. Please keep this consent form for your records.</p>
    </div>
  ","0","html-button-response","0","2.1.0","6985","bm02dta2gn_foqd45","","","","","","","",""
"","47722","","{""participant_date"":""11/26/2025"",""participant_time"":""7:40 PM""}","survey-html-form","1","2.1.0","54711","bm02dta2gn_foqd45","","","","","","","",""
"","4872","
    <div style=""display:flex; align-items:center; justify-content:center; height:100vh; font-family:sans-serif;"">
      <div style=""max-width:900px; margin:0 auto; text-align:center;"">
        <h1 style= ""font-size: 24px;"">Welcome! Thank you for participating in the study.</h1>
        <h2 style= ""font-size: 22px;"">The study will be in Madarin Chinese.</h2>
        <h2 style= ""font-size: 22px;"">Please use desktop computers or laptops for the study. Tablets and phones are not allowed.</h2>
        <p style=""font-size:16px; margin-top:30px;""><em>Press any key to continue.</em></p>
      </div>
    </div>
  "," ","html-keyboard-response","2","2.1.0","59585","bm02dta2gn_foqd45","","","","","","","",""
"","8243","
    <div style=""display:flex; align-items:center; justify-content:center; height:100vh; font-family:sans-serif;"">
      <div style=""max-width:900px; margin:0 auto; text-align:center;"">
        <p style=""font-size:18px; line-height:1.6;"">
          In this task, you will be presented with <strong>90 words</strong> arranged <strong>outside a circle</strong>.<br>
          Your job is to <strong>drag these words into the circle</strong> and <strong>rearrange them</strong> based on their <strong>meaning similarity</strong>.<br><br>
          Words that are <strong>similar in meaning</strong> should be placed <strong>closer together</strong>.<br>
          Words that are <strong>different in meaning</strong> should be placed <strong>farther apart</strong>.<br><br>
          You can place the words <strong>anywhere inside the circle</strong>. There is no single correct answer — 
          we are interested in <strong>your personal judgment</strong> of how these words relate to each other.<br><br>
          <strong>You must move all words into the circle before you can finish.</strong><br>
          After the initial arrangement, you will arrange words from specific categories.
        </p>
        <p style=""font-size:16px; margin-top:30px;""><em>Press any key to continue.</em></p>
      </div>
    </div>
  "," ","html-keyboard-response","3","2.1.0","67829","bm02dta2gn_foqd45","","","","","","","",""
"","10440","","","fullscreen","4","2.1.0","79272","bm02dta2gn_foqd45","true","{""placements"":[{""word"":""骄傲"",""x"":486,""y"":312.7,""cx"":505,""cy"":330.1,""angle_rad"":-0.128,""angle_deg"":352.7},{""word"":""冰箱"",""x"":406,""y"":359.7,""cx"":425,""cy"":377.1,""angle_rad"":0.347,""angle_deg"":19.9},{""word"":""兔子"",""x"":157,""y"":85.7,""cx"":176,""cy"":103.1,""angle_rad"":-2.185,""angle_deg"":234.8},{""word"":""反感"",""x"":602,""y"":384.7,""cx"":621,""cy"":402.1,""angle_rad"":0.19,""angle_deg"":10.9},{""word"":""协议"",""x"":583,""y"":404.7,""cx"":602,""cy"":422.1,""angle_rad"":0.279,""angle_deg"":16},{""word"":""嘴唇"",""x"":616,""y"":289.7,""cx"":635,""cy"":307.1,""angle_rad"":-0.149,""angle_deg"":351.4},{""word"":""剪刀"",""x"":419,""y"":342.7,""cx"":438,""cy"":360.1,""angle_rad"":0.114,""angle_deg"":6.5},{""word"":""长颈鹿"",""x"":146,""y"":111.7,""cx"":172,""cy"":129.1,""angle_rad"":-2.249,""angle_deg"":231.1},{""word"":""制度"",""x"":515,""y"":440.7,""cx"":534,""cy"":458.1,""angle_rad"":0.531,""angle_deg"":30.4},{""word"":""过失"",""x"":391,""y"":433.7,""cx"":410,""cy"":451.1,""angle_rad"":1.035,""angle_deg"":59.3},{""word"":""友情"",""x"":508,""y"":528.7,""cx"":527,""cy"":546.1,""angle_rad"":0.837,""angle_deg"":47.9},{""word"":""方法"",""x"":455,""y"":509.7,""cx"":474,""cy"":527.1,""angle_rad"":0.96,""angle_deg"":55},{""word"":""蚂蚁"",""x"":105,""y"":102.7,""cx"":124,""cy"":120.1,""angle_rad"":-2.348,""angle_deg"":225.5},{""word"":""沮丧"",""x"":441,""y"":562.7,""cx"":460,""cy"":580.1,""angle_rad"":1.125,""angle_deg"":64.4},{""word"":""沙发"",""x"":400,""y"":393.7,""cx"":419,""cy"":411.1,""angle_rad"":0.725,""angle_deg"":41.5},{""word"":""暴力"",""x"":382,""y"":563.7,""cx"":401,""cy"":581.1,""angle_rad"":1.354,""angle_deg"":77.6},{""word"":""筷子"",""x"":334,""y"":391.7,""cx"":353,""cy"":409.1,""angle_rad"":1.52,""angle_deg"":87.1},{""word"":""概念"",""x"":354,""y"":555.7,""cx"":373,""cy"":573.1,""angle_rad"":1.468,""angle_deg"":84.1},{""word"":""麻雀"",""x"":126,""y"":104.7,""cx"":145,""cy"":122.1,""angle_rad"":-2.303,""angle_deg"":228},{""word"":""椅子"",""x"":405,""y"":344.7,""cx"":424,""cy"":362.1,""angle_rad"":0.162,""angle_deg"":9.3},{""word"":""买卖"",""x"":258,""y"":548.7,""cx"":277,""cy"":566.1,""angle_rad"":1.897,""angle_deg"":108.7},{""word"":""魔力"",""x"":302,""y"":454.7,""cx"":321,""cy"":472.1,""angle_rad"":1.804,""angle_deg"":103.4},{""word"":""结果"",""x"":293,""y"":482.7,""cx"":312,""cy"":500.1,""angle_rad"":1.819,""angle_deg"":104.2},{""word"":""敌意"",""x"":301,""y"":609.7,""cx"":320,""cy"":627.1,""angle_rad"":1.679,""angle_deg"":96.2},{""word"":""纠纷"",""x"":237,""y"":595.7,""cx"":256,""cy"":613.1,""angle_rad"":1.914,""angle_deg"":109.7},{""word"":""关系"",""x"":413,""y"":599.7,""cx"":432,""cy"":617.1,""angle_rad"":1.273,""angle_deg"":72.9},{""word"":""铅笔"",""x"":339,""y"":398.7,""cx"":358,""cy"":416.1,""angle_rad"":1.45,""angle_deg"":83.1},{""word"":""愤怒"",""x"":72,""y"":265.7,""cx"":91,""cy"":283.1,""angle_rad"":-2.889,""angle_deg"":194.5},{""word"":""团队"",""x"":235,""y"":432.7,""cx"":254,""cy"":450.1,""angle_rad"":2.335,""angle_deg"":133.8},{""word"":""洗衣机"",""x"":361,""y"":368.7,""cx"":387,""cy"":386.1,""angle_rad"":0.773,""angle_deg"":44.3},{""word"":""大腿"",""x"":597,""y"":279.7,""cx"":616,""cy"":297.1,""angle_rad"":-0.196,""angle_deg"":348.8},{""word"":""慈善"",""x"":164,""y"":571.7,""cx"":183,""cy"":589.1,""angle_rad"":2.18,""angle_deg"":124.9},{""word"":""手指"",""x"":604,""y"":326.7,""cx"":623,""cy"":344.1,""angle_rad"":-0.022,""angle_deg"":358.8},{""word"":""性质"",""x"":176,""y"":551.7,""cx"":195,""cy"":569.1,""angle_rad"":2.186,""angle_deg"":125.3},{""word"":""猫"",""x"":155,""y"":121.7,""cx"":167,""cy"":139.1,""angle_rad"":-2.285,""angle_deg"":229.1},{""word"":""眼睛"",""x"":587,""y"":299.7,""cx"":606,""cy"":317.1,""angle_rad"":-0.128,""angle_deg"":352.7},{""word"":""床"",""x"":402,""y"":385.7,""cx"":414,""cy"":403.1,""angle_rad"":0.693,""angle_deg"":39.7},{""word"":""鼠标"",""x"":344,""y"":375.7,""cx"":363,""cy"":393.1,""angle_rad"":1.278,""angle_deg"":73.2},{""word"":""微波炉"",""x"":318,""y"":388.7,""cx"":344,""cy"":406.1,""angle_rad"":1.677,""angle_deg"":96.1},{""word"":""原因"",""x"":145,""y"":485.7,""cx"":164,""cy"":503.1,""angle_rad"":2.453,""angle_deg"":140.5},{""word"":""锤子"",""x"":354,""y"":373.7,""cx"":373,""cy"":391.1,""angle_rad"":1.06,""angle_deg"":60.8},{""word"":""勺子"",""x"":353,""y"":367.7,""cx"":372,""cy"":385.1,""angle_rad"":1.011,""angle_deg"":57.9},{""word"":""缘分"",""x"":131,""y"":398.7,""cx"":150,""cy"":416.1,""angle_rad"":2.822,""angle_deg"":161.7},{""word"":""胳膊"",""x"":617,""y"":269.7,""cx"":636,""cy"":287.1,""angle_rad"":-0.216,""angle_deg"":347.6},{""word"":""老鼠"",""x"":131,""y"":91.7,""cx"":150,""cy"":109.1,""angle_rad"":-2.264,""angle_deg"":230.3},{""word"":""兴奋"",""x"":170,""y"":194.7,""cx"":189,""cy"":212.1,""angle_rad"":-2.433,""angle_deg"":220.6},{""word"":""耳朵"",""x"":435,""y"":152.7,""cx"":454,""cy"":170.1,""angle_rad"":-1.047,""angle_deg"":300},{""word"":""社会"",""x"":133,""y"":340.7,""cx"":152,""cy"":358.1,""angle_rad"":3.101,""angle_deg"":177.7},{""word"":""牙刷"",""x"":340,""y"":349.7,""cx"":359,""cy"":367.1,""angle_rad"":1.086,""angle_deg"":62.2},{""word"":""过程"",""x"":45,""y"":297.7,""cx"":64,""cy"":315.1,""angle_rad"":-3.02,""angle_deg"":187},{""word"":""光彩"",""x"":184,""y"":192.7,""cx"":203,""cy"":210.1,""angle_rad"":-2.381,""angle_deg"":223.6},{""word"":""空调"",""x"":384,""y"":385.7,""cx"":403,""cy"":403.1,""angle_rad"":0.786,""angle_deg"":45.1},{""word"":""乌龟"",""x"":141,""y"":95.7,""cx"":160,""cy"":113.1,""angle_rad"":-2.247,""angle_deg"":231.3},{""word"":""地位"",""x"":223,""y"":261.7,""cx"":242,""cy"":279.1,""angle_rad"":-2.561,""angle_deg"":213.3},{""word"":""创伤"",""x"":71,""y"":207.7,""cx"":90,""cy"":225.1,""angle_rad"":-2.694,""angle_deg"":205.7},{""word"":""死亡"",""x"":61,""y"":227.7,""cx"":80,""cy"":245.1,""angle_rad"":-2.771,""angle_deg"":201.2},{""word"":""快乐"",""x"":190,""y"":173.7,""cx"":209,""cy"":191.1,""angle_rad"":-2.297,""angle_deg"":228.4},{""word"":""身份"",""x"":216,""y"":108.7,""cx"":235,""cy"":126.1,""angle_rad"":-2.045,""angle_deg"":242.8},{""word"":""婚姻"",""x"":420,""y"":261.7,""cx"":439,""cy"":279.1,""angle_rad"":-0.673,""angle_deg"":321.5},{""word"":""错误"",""x"":36,""y"":206.7,""cx"":55,""cy"":224.1,""angle_rad"":-2.738,""angle_deg"":203.1},{""word"":""脚踝"",""x"":588,""y"":284.7,""cx"":607,""cy"":302.1,""angle_rad"":-0.184,""angle_deg"":349.4},{""word"":""老虎"",""x"":174,""y"":64.7,""cx"":193,""cy"":82.1,""angle_rad"":-2.101,""angle_deg"":239.6},{""word"":""冷漠"",""x"":317,""y"":84.7,""cx"":336,""cy"":102.1,""angle_rad"":-1.627,""angle_deg"":266.8},{""word"":""疾病"",""x"":73,""y"":205.7,""cx"":92,""cy"":223.1,""angle_rad"":-2.684,""angle_deg"":206.2},{""word"":""扫帚"",""x"":302,""y"":85.7,""cx"":321,""cy"":103.1,""angle_rad"":-1.688,""angle_deg"":263.3},{""word"":""难过"",""x"":280,""y"":10.7,""cx"":299,""cy"":28.1,""angle_rad"":-1.728,""angle_deg"":261},{""word"":""钥匙"",""x"":250,""y"":72.7,""cx"":269,""cy"":90.1,""angle_rad"":-1.873,""angle_deg"":252.7},{""word"":""天堂"",""x"":327,""y"":43.7,""cx"":346,""cy"":61.1,""angle_rad"":-1.585,""angle_deg"":269.2},{""word"":""义务"",""x"":337,""y"":139.7,""cx"":356,""cy"":157.1,""angle_rad"":-1.54,""angle_deg"":271.8},{""word"":""数据"",""x"":442,""y"":207.7,""cx"":461,""cy"":225.1,""angle_rad"":-0.844,""angle_deg"":311.6},{""word"":""爱心"",""x"":192,""y"":148.7,""cx"":211,""cy"":166.1,""angle_rad"":-2.218,""angle_deg"":232.9},{""word"":""内容"",""x"":407,""y"":92.7,""cx"":426,""cy"":110.1,""angle_rad"":-1.264,""angle_deg"":287.6},{""word"":""现象"",""x"":498,""y"":138.7,""cx"":517,""cy"":156.1,""angle_rad"":-0.86,""angle_deg"":310.7},{""word"":""柜子"",""x"":363,""y"":340.7,""cx"":382,""cy"":358.1,""angle_rad"":0.248,""angle_deg"":14.2},{""word"":""奇迹"",""x"":330,""y"":217.7,""cx"":349,""cy"":235.1,""angle_rad"":-1.579,""angle_deg"":269.5},{""word"":""恐惧"",""x"":61,""y"":245.7,""cx"":80,""cy"":263.1,""angle_rad"":-2.83,""angle_deg"":197.8},{""word"":""膝盖"",""x"":579,""y"":283.7,""cx"":598,""cy"":301.1,""angle_rad"":-0.195,""angle_deg"":348.8},{""word"":""舒心"",""x"":218,""y"":180.7,""cx"":237,""cy"":198.1,""angle_rad"":-2.21,""angle_deg"":233.4},{""word"":""债务"",""x"":281,""y"":284.7,""cx"":300,""cy"":302.1,""angle_rad"":-2.378,""angle_deg"":223.8},{""word"":""大象"",""x"":159,""y"":79.7,""cx"":178,""cy"":97.1,""angle_rad"":-2.168,""angle_deg"":235.8},{""word"":""作用"",""x"":576,""y"":156.7,""cx"":595,""cy"":174.1,""angle_rad"":-0.623,""angle_deg"":324.3},{""word"":""纪律"",""x"":464,""y"":57.7,""cx"":483,""cy"":75.1,""angle_rad"":-1.12,""angle_deg"":295.8},{""word"":""电视"",""x"":397,""y"":354.7,""cx"":416,""cy"":372.1,""angle_rad"":0.323,""angle_deg"":18.5},{""word"":""肩膀"",""x"":567,""y"":251.7,""cx"":586,""cy"":269.1,""angle_rad"":-0.33,""angle_deg"":341.1},{""word"":""鼻子"",""x"":592,""y"":273.7,""cx"":611,""cy"":291.1,""angle_rad"":-0.222,""angle_deg"":347.3},{""word"":""斧头"",""x"":326,""y"":410.7,""cx"":345,""cy"":428.1,""angle_rad"":1.635,""angle_deg"":93.7},{""word"":""风景"",""x"":421,""y"":209.7,""cx"":440,""cy"":227.1,""angle_rad"":-0.939,""angle_deg"":306.2},{""word"":""熊猫"",""x"":145,""y"":102.7,""cx"":164,""cy"":120.1,""angle_rad"":-2.251,""angle_deg"":231},{""word"":""骗局"",""x"":46,""y"":266.7,""cx"":65,""cy"":284.1,""angle_rad"":-2.914,""angle_deg"":193},{""word"":""桌子"",""x"":386,""y"":339.7,""cx"":405,""cy"":357.1,""angle_rad"":0.128,""angle_deg"":7.4}],""n_words"":90,""words"":[""骄傲"",""冰箱"",""兔子"",""反感"",""协议"",""嘴唇"",""剪刀"",""长颈鹿"",""制度"",""过失"",""友情"",""方法"",""蚂蚁"",""沮丧"",""沙发"",""暴力"",""筷子"",""概念"",""麻雀"",""椅子"",""买卖"",""魔力"",""结果"",""敌意"",""纠纷"",""关系"",""铅笔"",""愤怒"",""团队"",""洗衣机"",""大腿"",""慈善"",""手指"",""性质"",""猫"",""眼睛"",""床"",""鼠标"",""微波炉"",""原因"",""锤子"",""勺子"",""缘分"",""胳膊"",""老鼠"",""兴奋"",""耳朵"",""社会"",""牙刷"",""过程"",""光彩"",""空调"",""乌龟"",""地位"",""创伤"",""死亡"",""快乐"",""身份"",""婚姻"",""错误"",""脚踝"",""老虎"",""冷漠"",""疾病"",""扫帚"",""难过"",""钥匙"",""天堂"",""义务"",""数据"",""爱心"",""内容"",""现象"",""柜子"",""奇迹"",""恐惧"",""膝盖"",""舒心"",""债务"",""大象"",""作用"",""纪律"",""电视"",""肩膀"",""鼻子"",""斧头"",""风景"",""熊猫"",""骗局"",""桌子""],""distance_matrix"":[[0,0.14967739994841794,0.6603715417071773,0.22246211566508162,0.2177392525562954,0.21495888830094662,0.1174397035172036,0.6424809823489792,0.21366955512701952,0.2512627180100641,0.35655355951650364,0.3271138279547479,0.7191551038319339,0.4179515189730438,0.19186543281559015,0.44736099549410757,0.2803246437347336,0.45542201141646155,0.6870882520173867,0.14020521711514003,0.5412933945631674,0.38201865813224484,0.4232373053983567,0.5774986455744041,0.6224945272386467,0.4880358680358722,0.2786686063987662,0.6885693918402908,0.45820542102938294,0.21262111672823594,0.18797493464833132,0.6828753694466931,0.19300995410879151,0.646598095073093,0.6412713756733628,0.16473311473879507,0.18940646345413364,0.2537758913907581,0.29152710302807167,0.6315226150824657,0.2372454833208502,0.2347669292648979,0.6030604872413687,0.22470565800889045,0.6910826799143303,0.5565456187461116,0.27471352181627595,0.5844920426661026,0.24590137531098805,0.72949393980917,0.536004521450251,0.2039977056166832,0.6734471536984127,0.4410488489802941,0.7075673007130477,0.7164517495351898,0.5394064149925142,0.5583579560145853,0.13407665374160257,0.7645369436364667,0.171289086372931,0.6584497513237002,0.4675134886264015,0.7051689355577668,0.4814945100842045,0.6035590831491678,0.5553506135755849,0.5152217088779529,0.37519324709092167,0.18472175104585078,0.5554395860180369,0.38423515089891974,0.2854984762046925,0.20518819257849863,0.2992033384286914,0.7111807211936714,0.15738443182218284,0.49237122920026655,0.3395583792857512,0.6633785530202336,0.29496047346083576,0.42116206972722864,0.15904127854599154,0.16401265055877481,0.18322508543111662,0.30748510761351516,0.19794722254554756,0.6616420390773854,0.7313957378250691,0.1676410787316136],[0.14967739994841794,0,0.6113312177350759,0.3240585653244959,0.2991714527188842,0.3636117114291343,0.030902622204162615,0.5847739040168565,0.2212523675417777,0.12092581759838453,0.3237384109551443,0.2578566008169299,0.653845682452132,0.33804721128296866,0.05274021986115388,0.3370684569517852,0.12639318884480713,0.3326986747878626,0.625434056458772,0.020307568320029373,0.3947142235391146,0.2296662619912344,0.27320838338065134,0.44646598201039667,0.47827229444105035,0.3947973913664493,0.12428558403037274,0.5726231161961154,0.3046611594304766,0.060270815040252515,0.33984776511270154,0.5306116874962751,0.32928852051928115,0.493806120076534,0.5793360297898267,0.312573809458381,0.042267418023289795,0.10183479447677835,0.13844643668572962,0.477526531887678,0.08489706229119269,0.08447896826077643,0.45744225359069685,0.376978145037307,0.6342126654324183,0.47442788038608646,0.34308278413894433,0.4506347539717615,0.10636396266910966,0.6047526863239401,0.45752311919930166,0.051963881291558156,0.6176890167119278,0.34069843766142294,0.6073907740700526,0.609918451143111,0.4695814623292212,0.5190917753679903,0.16001058101756738,0.6614924501031383,0.3228267899302479,0.6197495660229547,0.47623017796767464,0.6057512418516565,0.48293585760389995,0.6126779748890204,0.5388158679141406,0.5372651744244455,0.3789315805618657,0.25520184083903075,0.49533932953656734,0.43955573647792134,0.39360365979905293,0.07351436781818818,0.26327836938185806,0.5998633997658329,0.30969870966872837,0.4272168830793519,0.2378454706876754,0.6165492364115096,0.43586051639507084,0.5069719823151897,0.01242460957677028,0.31786981881770465,0.33625744861758244,0.15315310638035134,0.2461222236189895,0.6047640427358532,0.6139591536879895,0.04235574203406195],[0.6603715417071773,0.6113312177350759,0,0.8873409710842521,0.8808166816103163,0.8310523692670991,0.6059507570148499,0.03906393668098311,0.8341802339811621,0.6930574322364179,0.9357232934273385,0.8576002401369281,0.08632246652170251,0.918992948182218,0.6480671979727095,0.8743400290107017,0.583485637205004,0.8432399935339621,0.055791737020312045,0.5919442203687362,0.7837919245568923,0.6549713842557875,0.6935433090393499,0.8994955478085591,0.8542547127462398,0.9507380321046074,0.597734836971018,0.3265083736092237,0.5870707466986799,0.582649576683226,0.7954089969599175,0.8040285565447639,0.8402652710977259,0.7713110900587938,0.05703738000843285,0.7944742057854852,0.6324661849477612,0.569442187755162,0.5717616969888925,0.6611495152847232,0.5758772235858568,0.5667136966103155,0.5178852927440363,0.8196437602655625,0.03969194768328169,0.17794323386468802,0.4710996342934322,0.4214610067736101,0.5297757966596691,0.3942391418939908,0.1789107595343569,0.6212551451749533,0.026688033185395865,0.3080521487004437,0.2436542260389954,0.28049457228204816,0.1516729775705517,0.10065895357793728,0.5218435760708843,0.28001851678074285,0.7851811147301522,0.04024965729336025,0.26152151639916194,0.23901829734752342,0.2365579564461391,0.23499803636637995,0.15154014137323768,0.28666002311016225,0.3079813247995673,0.5111240729319485,0.11520942839343327,0.41142950820399976,0.5694928163168832,0.5407378839336516,0.3573688077274419,0.3057599366768398,0.7709024903747865,0.1831440440462833,0.3854291627688883,0.005817175154616198,0.7024023252022765,0.5082284252294058,0.595128130888033,0.7312828970216431,0.7837901689818023,0.6048003818320618,0.48060254697224103,0.029917128846199015,0.34857976691566306,0.5643273939397789],[0.22246211566508162,0.3240585653244959,0.8873409710842521,0,0.04119427511947508,0.15507063726241513,0.30770229961447787,0.8696363044983095,0.16744820659551568,0.3557172645657933,0.2814249564822899,0.3163600440759984,0.9460919626019016,0.3946449037855383,0.3317331622107454,0.46720852425731063,0.44136859475414164,0.4965227530923087,0.9141713197887968,0.3297689456824585,0.62939117469535,0.5078693700073718,0.534674200133499,0.6205847245941006,0.696789016163599,0.47160267880603557,0.43351662412931274,0.8991112036530073,0.6111424367121225,0.3855533289193655,0.17020029891900787,0.7877198913587138,0.09185682493825863,0.7566306239909151,0.8682974686195006,0.13890983999189505,0.33972319824329095,0.42483871711342147,0.45623957958546757,0.7740408670312197,0.4083444068567484,0.41056705676532307,0.7793324471601231,0.18826208999127603,0.9182508374023421,0.7805444490900895,0.4709250437296202,0.7790852299899412,0.4351057869340461,0.9333179934418057,0.7606618204696762,0.3580257930366998,0.9006124341174749,0.6582869147909601,0.9266119376258024,0.9325975627930304,0.7654882998454494,0.7848480722600795,0.3607934446912954,0.9825293838384785,0.1633055756385632,0.8844779873537502,0.6838008366228892,0.9245167980299892,0.7000472740449875,0.8164537843184537,0.7779381817567582,0.7241956829659209,0.5957946995281813,0.3922947776799501,0.7824319381106679,0.5795279801801331,0.43968658409796724,0.3996466322555923,0.5263669497894128,0.9246955451766558,0.16764911038677982,0.718793582024612,0.5547199870044753,0.8902040765262279,0.37711956131691576,0.5858531262917445,0.3400244924182413,0.2241256629339116,0.1807336586694457,0.4565607993291387,0.4142045173997771,0.888809303770099,0.9410221085096996,0.3624108413962815],[0.2177392525562954,0.2991714527188842,0.8808166816103163,0.04119427511947508,0,0.19436356883769582,0.28702087180410907,0.8610751483480005,0.12331611225219306,0.3183843628305751,0.2364202158287907,0.2707619530867117,0.9360735525364781,0.3487599609041372,0.30033539074969934,0.42172402787205887,0.4101668575875629,0.4517036023943756,0.9048943163242645,0.3078396288510389,0.5867618958310745,0.4701910624484842,0.4949710126268495,0.5753906291260072,0.6528927938937175,0.42574010890880726,0.4014058622104354,0.8764366523365905,0.576199010509854,0.35801052782389126,0.2045805675300165,0.7457988907894503,0.12969869021645916,0.7153145060110284,0.8587777311600352,0.17012905552113902,0.30969870966872837,0.39588045743602907,0.4254023083615576,0.7364352481013758,0.37980018870165666,0.3829089189433368,0.74743865639686,0.226933447038448,0.9100902547976739,0.7662140647624063,0.4815599891684994,0.7515792578545449,0.4098464200786938,0.9079996557990423,0.7470796878798643,0.32791383720435463,0.8926308421377437,0.639821146563771,0.9080906509721477,0.9124176157251902,0.7537980464711171,0.7798054741538467,0.3560857801051186,0.9632335238917575,0.19513393598934872,0.8802600006965958,0.6876722913325339,0.9061900008767373,0.7026372033650372,0.82230773865717,0.7776993703033201,0.7316608456486212,0.596925481074309,0.398388282236498,0.7729148603471173,0.5913290867725578,0.459936584941458,0.3765245342178868,0.518766616420744,0.9032431434888114,0.19673455915658386,0.7078607008507999,0.536004521450251,0.8841930505558168,0.4081030410560321,0.6056718711027326,0.3157645094728584,0.2512573100066922,0.21377729016927333,0.42303023490755165,0.4171122480869825,0.8805211839306384,0.9178352947080745,0.3404619044267625],[0.21495888830094662,0.3636117114291343,0.8310523692670991,0.15507063726241513,0.19436356883769582,0,0.3347356633669413,0.8206456466341531,0.29756371986838215,0.43977690878378284,0.4316806637716055,0.4489016587329433,0.9006858249417838,0.5348512527092868,0.39418362100645543,0.5948303575598736,0.494261306516427,0.6165291825085558,0.8667739285544751,0.35810592486654963,0.7305094718809606,0.585496732021713,0.6213634955880932,0.742425194028318,0.8057930484418271,0.6118523126596941,0.4905913338485293,0.9013307967260663,0.6724175928743974,0.42836910674632533,0.031019054609998348,0.8817400625639726,0.060014662892228655,0.8473683133953863,0.8226474527868554,0.04633485683971945,0.39620860476727965,0.46995489885645286,0.5067392697060437,0.844134128213018,0.45309058406430314,0.4517369635774628,0.8224098349070875,0.028613191535916474,0.8669391073464493,0.7540370830935413,0.37300065794064735,0.8034206944262503,0.465253833422583,0.9454686334942689,0.7319916265160927,0.41305961596274793,0.8490189159912989,0.6508604035398565,0.91232101186808,0.924497431691481,0.7299199182293001,0.7258176189590081,0.32472735559447496,0.9701818306564498,0.042619725046036644,0.8205382999383394,0.598499506428776,0.9095332291669938,0.6183358922155653,0.7219722301112647,0.7032690299350403,0.6267770417018693,0.5223585958301454,0.315349570969493,0.7387699922700632,0.4731810561404171,0.31415795626883203,0.42472591010422744,0.4860146365731668,0.9216506586794079,0.05766196962735239,0.6819083346271387,0.5527592695040378,0.8321315794587522,0.22638300595324154,0.4567888196072712,0.37539724342999775,0.09846844680235135,0.04328775202830067,0.5181395204429721,0.3459960222811707,0.8384941155483361,0.944483289199891,0.3869271622589292],[0.1174397035172036,0.030902622204162615,0.6059507570148499,0.30770229961447787,0.28702087180410907,0.3347356633669413,0,0.5814865345166788,0.22355632311124013,0.15371332745998778,0.33838225670656014,0.27954653387208,0.6528906888595619,0.36317548496887664,0.08584982477795952,0.3681315769656801,0.15854175043836785,0.3658374439222439,0.6233833403903148,0.018824774237360866,0.43032088313579775,0.26478760213430536,0.3086888435644337,0.4810045605736021,0.5138647667047058,0.42303023490755165,0.15777680037856887,0.5867080644070373,0.3361112621649399,0.09054337393935316,0.309469679954261,0.5655642743817818,0.3042626717454036,0.5285960806764592,0.577137133988727,0.2838385510990863,0.07723092044325187,0.1316313484961619,0.16942296813624783,0.5095544806203619,0.11511704346296074,0.11272488845865404,0.48346924019518067,0.3464220532052671,0.630945783473337,0.47726237027771395,0.31255199412663415,0.4711781791498272,0.12725617876467915,0.6220772551520666,0.4591732814799922,0.08754600460719142,0.6140575960265225,0.34816810981919233,0.6163709567932434,0.6209454691717792,0.4688512448485627,0.5107374941386956,0.13007922284463974,0.6715481934562132,0.29259061327661934,0.6118523126596941,0.4569087850394274,0.6144869794410485,0.46514189118318017,0.5941673384811915,0.5252919652192535,0.5158150897898803,0.3595794845130025,0.22315572381561014,0.4921400362165044,0.41174540368055024,0.3592905740078399,0.0885310907938375,0.2506129397283081,0.6124447475393833,0.2790396182169177,0.42483871711342147,0.24436662741506662,0.6106387375064268,0.4002897222265398,0.47537745323390956,0.03699078761089636,0.28437536116086015,0.3051976350120338,0.18698816799636214,0.21661628766812055,0.6013612794023853,0.6286769151428215,0.05042862652304615],[0.6424809823489792,0.5847739040168565,0.03906393668098311,0.8696363044983095,0.8610751483480005,0.8206456466341531,0.5814865345166788,0,0.8092153223110651,0.6615319282334942,0.9065136341455512,0.8265866502560317,0.07655234052775674,0.8856619104353045,0.6190486777576627,0.8383873995158947,0.5500485368513112,0.8062369855004203,0.04170412935268121,0.5663574777104194,0.7431085553661633,0.6175310859253281,0.6550867860520925,0.8597294584077456,0.8126554453872206,0.9153275652165981,0.5643468548991806,0.2848155677028401,0.5465541260028044,0.5528188617358638,0.7851776097512259,0.7609023302208907,0.8266166232565696,0.7284052527728097,0.013896669887072131,0.7822630937925457,0.6035590831491678,0.5374694664369343,0.5378165863082902,0.617731273083642,0.5447431641799696,0.5358304075462006,0.4742313813124679,0.8108718547710108,0.0447648332026573,0.13626374765926985,0.4694442672793959,0.37777519346485783,0.49891424182307337,0.3531657120611519,0.13960215482477548,0.5916007522923011,0.028571620234518997,0.27071672310985334,0.20536618373552418,0.24163955213409047,0.11542855786853838,0.10023770192766862,0.5048601603743365,0.24606150972337218,0.7742257108649623,0.08094782212121227,0.2718452533320042,0.20067481095260103,0.24695967969869156,0.2652853869453328,0.16924798789028406,0.30613423934943923,0.30497421646336886,0.5019942832099217,0.08474244050928931,0.41910280269616434,0.5710913475449331,0.5122820749252015,0.3385758686763161,0.26574642972958923,0.7597062683241211,0.15302151673292516,0.3533706599797939,0.04946616249872442,0.7030910801350692,0.5205063781925182,0.5682740802442836,0.7224654376772284,0.7738897601542153,0.5700711117314781,0.4700948618315065,0.015329703549369515,0.30868000943842605,0.5377145152877792],[0.21366955512701952,0.2212523675417777,0.8341802339811621,0.16744820659551568,0.12331611225219306,0.29756371986838215,0.22355632311124013,0.8092153223110651,0,0.20194474305911236,0.1421786989481441,0.14743748180053623,0.879419625071585,0.23271182628487302,0.20200502141297066,0.29671990125295256,0.30729882270555275,0.3245003716361428,0.8505676102523388,0.23822184713583208,0.4591374708104986,0.3504672442629521,0.3712300153066064,0.44901150592063266,0.5248948179674108,0.30961064106665664,0.2963614817564666,0.787826443323468,0.4613733196985395,0.2676488760917068,0.29592436802493316,0.6186690710131577,0.23593750279966222,0.5888201981532375,0.8043793675110162,0.2587198117551389,0.21493368000595195,0.2996812232585127,0.3230591562659416,0.6154698618235469,0.28545077263409574,0.29094709664874613,0.6380382182792886,0.32659195033706623,0.8586863486321147,0.7003222063027779,0.49263849909470686,0.6523178691668648,0.3234896547283378,0.8127181053906091,0.6834790761565945,0.23169514217970813,0.8419199117353489,0.5651733313555312,0.8296068263771558,0.8297063705653803,0.6951452981524093,0.7387104096075287,0.33247705697977226,0.8823161023199076,0.2818745254733257,0.8398834749044404,0.6730918868372875,0.8282186063437349,0.684140532902184,0.8106426894764225,0.7498439267117397,0.7261813482991691,0.577144271258631,0.401562626711188,0.7197897212396493,0.601571372203338,0.4985842981723258,0.2980304755951941,0.47740308306400764,0.817432618620385,0.2773956654778037,0.6520755341060348,0.46323477592015844,0.8388995133555731,0.4786161044348793,0.6381889582389076,0.2382446390897871,0.3214545809552583,0.3012778303063451,0.3137061471154668,0.41025693605349245,0.8291404696106335,0.8276333999657947,0.2678978086925742],[0.2512627180100641,0.12092581759838453,0.6930574322364179,0.3557172645657933,0.3183843628305751,0.43977690878378284,0.15371332745998778,0.6615319282334942,0.20194474305911236,0,0.24606150972337218,0.16061455573542185,0.723152323880202,0.22549475205499311,0.06351332471807118,0.21211734241145772,0.11310149742553903,0.20741866186652483,0.6982083620360381,0.1452010313784967,0.2878453493747404,0.1474465799422911,0.17760186821550078,0.32420590003391847,0.3672022226848421,0.27391477415846016,0.0995893630135701,0.595183514269266,0.2548660869609577,0.11001783273128404,0.42324700936924875,0.4373160059663133,0.3919075531612133,0.4033678743948424,0.6533052505780904,0.39034785174884695,0.0754373948754987,0.11950745344632124,0.12820732773199636,0.41365562043250836,0.1125833483324667,0.12201194609726981,0.4318075296387616,0.45990977132229893,0.7101164291867506,0.5369202569243283,0.46854421752087616,0.45161563849334857,0.15880440462476367,0.6138763605045865,0.5239032631249224,0.07600536899963888,0.6948089670858949,0.39534794151826375,0.6471398404923734,0.6425793640909441,0.5421066163444643,0.6094700970628169,0.28552232504968184,0.6964100386565449,0.4062781749807959,0.7075673007130477,0.588901822127195,0.6463578833557673,0.5929641759760195,0.7229487991817065,0.6401496644406793,0.6528906888595619,0.49266076510294016,0.38078894825431847,0.5736627845933059,0.5633047571860428,0.5174321430392215,0.15689691439227121,0.3687510971875643,0.6272306407738106,0.3954724892223276,0.5052647667542063,0.3034551666511776,0.6995344351955,0.5495317740520048,0.6325986945423115,0.12711974011999658,0.41655728191239755,0.4227583026628885,0.11001783273128404,0.371333102311269,0.6814888629759527,0.6330524940598513,0.15192063704651396],[0.35655355951650364,0.3237384109551443,0.9357232934273385,0.2814249564822899,0.2364202158287907,0.4316806637716055,0.33838225670656014,0.9065136341455512,0.1421786989481441,0.24606150972337218,0,0.08897543302972326,0.9710277378824265,0.12030726340753536,0.2829544741381799,0.21288210947680541,0.36378079818572134,0.25544139973156627,0.9448784242680132,0.34615387182931895,0.4125954684237282,0.35949967689287293,0.36112657752239763,0.3651494233349692,0.4597846206333112,0.19263152282669466,0.3500616792573399,0.8425148566378158,0.4768026135987356,0.3490418193984157,0.4352725677389285,0.5721265774685121,0.3674254793830348,0.5490295283913732,0.8993990943150451,0.39836080851265226,0.2985512936107016,0.3684841247658492,0.378671697577214,0.6035090143566396,0.3588491626946903,0.3671501101684231,0.6588274616284354,0.4628500508945982,0.955602375511817,0.785948330814203,0.6325986945423115,0.6932736395994787,0.40376117928093386,0.8562346483112363,0.7719440838594863,0.31022660409933617,0.939730239404762,0.6450937172642427,0.8975000800460177,0.8919595435549856,0.7883066227853327,0.8464255334432063,0.46306020916322127,0.9459973244550018,0.4225477601213165,0.9465562810185804,0.7995177760739598,0.896800162179343,0.8081942398643542,0.9369853804950343,0.8670518556603264,0.8566461602721173,0.7023240151419272,0.5405754360685403,0.8176262256595684,0.7399606443761728,0.6444244596892802,0.39033733963375167,0.5915264629092907,0.8755816192280216,0.41971967499493146,0.7490271061959355,0.5498089386229824,0.941522562797233,0.6245173412469535,0.7823985238808701,0.3387048826802548,0.466530445452818,0.4420135972180385,0.35620086404346274,0.5454607160280189,0.9265450494057151,0.8790187177788138,0.36959525361904066],[0.3271138279547479,0.2578566008169299,0.8576002401369281,0.3163600440759984,0.2707619530867117,0.4489016587329433,0.27954653387208,0.8265866502560317,0.14743748180053623,0.16061455573542185,0.08897543302972326,0,0.888462207554902,0.08650476709165274,0.20890134291176946,0.14637837949049445,0.2765110233234605,0.17995569055051142,0.8634972361641371,0.28216419608538174,0.32944183460313176,0.26581807687687226,0.2685622088686227,0.30081603570369897,0.38522686469604894,0.16054755644217591,0.2624350709838669,0.750899893343085,0.38312313407602283,0.2709679068525916,0.44504933853734086,0.4903537173777436,0.3879508574856917,0.46474988314005744,0.8185296836377451,0.4080057843976114,0.22450041093590004,0.28481556770284006,0.29079723278220837,0.5126434189864922,0.27716003238003123,0.2862035744486862,0.5651538986206452,0.4770871397914757,0.8752702061020159,0.7021047008153194,0.59023420406154,0.6003760689407833,0.3231478345123941,0.7632906682972641,0.6892180172051036,0.23304393258931255,0.8598639615459871,0.5603506926954265,0.808151666927196,0.801482758032336,0.707316551853812,0.7720331964718997,0.41202784402695036,0.8556556266064597,0.43018403462720556,0.8709904819489173,0.7387923345374978,0.8076065362695294,0.745309953328955,0.8751537910837541,0.7984447248583431,0.799385229321942,0.6414834880684996,0.49825413807749225,0.738458992663405,0.6937177455459256,0.6167296924165764,0.3154576796584498,0.5237958857882383,0.7844271861294824,0.42421629776632125,0.6699599338560397,0.4685559174494567,0.8638957454440337,0.6161948554364988,0.7475214709584314,0.27066143193804065,0.463282104833952,0.4493408880323617,0.26585900958560044,0.49765654760178524,0.8465637647674255,0.7868757030204102,0.3005667389147959],[0.7191551038319339,0.653845682452132,0.08632246652170251,0.9460919626019016,0.9360735525364781,0.9006858249417838,0.6528906888595619,0.07655234052775674,0.879419625071585,0.723152323880202,0.9710277378824265,0.888462207554902,0,0.9431216566395846,0.684767224790968,0.8901669520491146,0.6088206425945034,0.855398158506529,0.030393618991795695,0.6366238476898679,0.7798407632397227,0.6664690326610765,0.700720667748244,0.8997297491826045,0.84448630218452,0.9681691417871703,0.6231166080794646,0.27201038408138456,0.585447476417948,0.6176979130285942,0.8652922726483402,0.781809145083528,0.9053933428382182,0.7516634492098269,0.07351436781818818,0.8616888943596405,0.6695063381096017,0.5990133338017156,0.5956702065919645,0.6360300044552701,0.6076462718743975,0.5991944454227767,0.48970178312397017,0.8913773446585567,0.042267418023289795,0.18272354109217162,0.5506445875829091,0.3940308987036395,0.5625658530830254,0.3347642086249341,0.19455122956699664,0.6565307493356447,0.05631573565997489,0.3247483647172382,0.1789333747806412,0.2157891452636905,0.17957298676065872,0.18025529630298262,0.5824044207933596,0.20296042991160956,0.854114495675341,0.12636150829762804,0.34930781303222597,0.17475504292242314,0.32429847665204137,0.3242606075480888,0.24166764653410122,0.37750003738239046,0.38619481592827815,0.5826118670531377,0.15904127854599154,0.4980641978486588,0.6519406306411359,0.5793360297898267,0.415734982718288,0.24423876804246097,0.8395228221619654,0.22375635934657068,0.41655728191239755,0.09295441018068194,0.7841201484192574,0.5973050021338835,0.6370640163936221,0.8030009171494857,0.8541096601956141,0.6260488490019683,0.5504077402900256,0.06184943402837822,0.28529329517655333,0.606940567134997],[0.4179515189730438,0.33804721128296866,0.918992948182218,0.3946449037855383,0.3487599609041372,0.5348512527092868,0.36317548496887664,0.8856619104353045,0.23271182628487302,0.22549475205499311,0.12030726340753536,0.08650476709165274,0.9431216566395846,0,0.284648176748767,0.09347745688855139,0.33092988365328163,0.14052010745795837,0.9201970469825002,0.36293458673331785,0.3006755479950828,0.2881811073965833,0.27522332642738206,0.2410150292603992,0.3391399475627896,0.0724990516333448,0.3166444748331652,0.7834407317200717,0.40060063865043527,0.3401850750220256,0.5329777078458062,0.45643473975154647,0.4725288676782721,0.4366045451021064,0.8762606839474866,0.49580418453729547,0.29958570633330095,0.34581045822879336,0.3432499119510563,0.5041968887636231,0.34148704744562086,0.3512614334924244,0.5788333422241932,0.5640061919644155,0.93349949010662,0.7557209782618193,0.6775620341637362,0.627020316485306,0.38752758350239014,0.7881180778945345,0.7448742537493757,0.3046969534087278,0.9188490702772508,0.6136816409656287,0.8484739373912672,0.8381903498060007,0.7655907388037673,0.8383808319342329,0.4973423210615217,0.8925012511971891,0.518541795016946,0.9354921687208491,0.8169593521077719,0.8483895643559589,0.8219812808201264,0.952030953014