"trial_id","rt","stimulus","response","trial_type","trial_index","plugin_version","time_elapsed","participant_number","success","raw_payload","placements","dissimilarity_vector","n_words","trial_category","distance_matrix","value"
"consent_form","2707","
    <div style=""max-width:800px; margin:0 auto; text-align:left; font-size: 16px; padding: 10px 0;"">
      <h1>Informed Consent Form</h1>
      <p>You are being invited to participate in a research study titled <strong>""Reproducibility of Psychological Science and Instruction.""</strong> This study is being done by Dr. Bria Long from UC San Diego and associated graduate students in the Experimental Methods course. You were selected to participate in this study because you are an adult in the U.S. and have been a represented population in previous psychology studies.</p>
      
      <p>The purpose of this study is to better understand how well previously published studies in the psychological field replicate online and with different populations. Your participation in this research should last approximately <strong>5-30 minutes</strong>. If you agree to take part in this study, you may be asked to view a set of stimuli, including pictures, sounds, written text, or videos and then giving some responses via key-presses, verbally, or with paper-and-pencil. We may also observe your choices or preferences among an array of stimuli. These stimuli will be taken directly from or closely adapted from studies that already exist in the published psychological literature. Stimuli will include, e.g., pictures of objects and human faces, audio and video clips, short text passages, etc. None of the stimuli will be disturbing, threatening, or offensive. The online and in-person experiments described in this protocol will take no more than 30 minutes. An example game you might play would be to click on an image on the screen that matches a word you hear being said out loud. Your total expected time commitment for this study is between 5-30 minutes, and is specified in the study description.</p>
      
      <p>Your participation in this study is completely voluntary and you can withdraw at any time. Choosing not to participate or withdrawing will result in no penalty or loss of benefits to which you are entitled. You are free to skip any question that you choose.</p>
      
      <p>We will not be asking for any personally identifying information, and we will handle responses as confidentially as possible. Your SONA or Prolific IDs will never be tied to your responses on this survey. However, we cannot guarantee the confidentiality of information transmitted over the Internet. To minimize this risk, data containing anything that might be personally identifying (e.g. Prolific IDs or IP addresses) will be encrypted on transfer and storage and will only be accessible to qualified lab personnel. We will be keeping data collected as part of this experiment indefinitely. This anonymized data (containing neither Prolific IDs nor IP addresses) may be shared with the scientific community or with other participants to be used as stimuli in future studies.</p>
      
      <p>If you have questions about this project or if you have a research-related problem, you may contact the researcher(s), <strong>Dr. Bria Long, <a href=""mailto:brlong@ucsd.edu"">brlong@ucsd.edu</a></strong>. If you have any questions concerning your rights as a research subject, you may contact the UC San Diego Office of IRB Administration at <a href=""mailto:irb@ucsd.edu"">irb@ucsd.edu</a> or 858-246-4777.</p>
      
      <h3 style=""margin-top: 25px;"">Consent Statement</h3>
      <p style=""font-weight: bold;"">By participating in this research you are indicating that you are at least 18 years old, have read this consent form, and agree to participate in this research study. Please keep this consent form for your records.</p>
    </div>
  ","0","html-button-response","0","2.1.0","2709","evfahdtpm7_fc532r","","","","","","","",""
"","19518","","{""participant_date"":""11/25/2025"",""participant_time"":""5:35pm""}","survey-html-form","1","2.1.0","22229","evfahdtpm7_fc532r","","","","","","","",""
"","19526","
    <div style=""display:flex; align-items:center; justify-content:center; height:100vh; font-family:sans-serif;"">
      <div style=""max-width:900px; margin:0 auto; text-align:center;"">
        <h1 style= ""font-size: 24px;"">Welcome! Thank you for participating in the study.</h1>
        <h2 style= ""font-size: 22px;"">The study will be in Madarin Chinese.</h2>
        <h2 style= ""font-size: 22px;"">Please use desktop computers or laptops for the study. Tablets and phones are not allowed.</h2>
        <p style=""font-size:16px; margin-top:30px;""><em>Press any key to continue.</em></p>
      </div>
    </div>
  "," ","html-keyboard-response","2","2.1.0","41758","evfahdtpm7_fc532r","","","","","","","",""
"","30761","
    <div style=""display:flex; align-items:center; justify-content:center; height:100vh; font-family:sans-serif;"">
      <div style=""max-width:900px; margin:0 auto; text-align:center;"">
        <p style=""font-size:18px; line-height:1.6;"">
          In this task, you will be presented with <strong>90 words</strong> arranged <strong>outside a circle</strong>.<br>
          Your job is to <strong>drag these words into the circle</strong> and <strong>rearrange them</strong> based on their <strong>meaning similarity</strong>.<br><br>
          Words that are <strong>similar in meaning</strong> should be placed <strong>closer together</strong>.<br>
          Words that are <strong>different in meaning</strong> should be placed <strong>farther apart</strong>.<br><br>
          You can place the words <strong>anywhere inside the circle</strong>. There is no single correct answer — 
          we are interested in <strong>your personal judgment</strong> of how these words relate to each other.<br><br>
          <strong>You must move all words into the circle before you can finish.</strong><br>
          After the initial arrangement, you will arrange words from specific categories.
        </p>
        <p style=""font-size:16px; margin-top:30px;""><em>Press any key to continue.</em></p>
      </div>
    </div>
  ","Enter","html-keyboard-response","3","2.1.0","72520","evfahdtpm7_fc532r","","","","","","","",""
"","1351","","","fullscreen","4","2.1.0","74876","evfahdtpm7_fc532r","true","{""placements"":[{""word"":""骄傲"",""x"":467,""y"":493.8,""cx"":486,""cy"":511.2,""angle_rad"":0.87,""angle_deg"":49.8},{""word"":""冰箱"",""x"":421,""y"":323.8,""cx"":440,""cy"":341.2,""angle_rad"":-0.097,""angle_deg"":354.4},{""word"":""兔子"",""x"":146,""y"":371.8,""cx"":165,""cy"":389.2,""angle_rad"":2.933,""angle_deg"":168},{""word"":""反感"",""x"":451,""y"":400.8,""cx"":470,""cy"":418.2,""angle_rad"":0.517,""angle_deg"":29.6},{""word"":""协议"",""x"":417,""y"":195.8,""cx"":436,""cy"":213.2,""angle_rad"":-1.01,""angle_deg"":302.2},{""word"":""嘴唇"",""x"":229,""y"":519.8,""cx"":248,""cy"":537.2,""angle_rad"":2.07,""angle_deg"":118.6},{""word"":""剪刀"",""x"":501,""y"":318.8,""cx"":520,""cy"":336.2,""angle_rad"":-0.081,""angle_deg"":355.4},{""word"":""长颈鹿"",""x"":83,""y"":381.8,""cx"":109,""cy"":399.2,""angle_rad"":2.94,""angle_deg"":168.5},{""word"":""制度"",""x"":415,""y"":295.8,""cx"":434,""cy"":313.2,""angle_rad"":-0.413,""angle_deg"":336.3},{""word"":""过失"",""x"":428,""y"":484.8,""cx"":447,""cy"":502.2,""angle_rad"":1.003,""angle_deg"":57.5},{""word"":""友情"",""x"":358,""y"":508.8,""cx"":377,""cy"":526.2,""angle_rad"":1.419,""angle_deg"":81.3},{""word"":""方法"",""x"":491,""y"":174.8,""cx"":510,""cy"":192.2,""angle_rad"":-0.778,""angle_deg"":315.4},{""word"":""蚂蚁"",""x"":102,""y"":337.8,""cx"":121,""cy"":355.2,""angle_rad"":3.119,""angle_deg"":178.7},{""word"":""沮丧"",""x"":431,""y"":424.8,""cx"":450,""cy"":442.2,""angle_rad"":0.745,""angle_deg"":42.7},{""word"":""沙发"",""x"":542,""y"":385.8,""cx"":561,""cy"":403.2,""angle_rad"":0.247,""angle_deg"":14.2},{""word"":""暴力"",""x"":438,""y"":510.8,""cx"":457,""cy"":528.2,""angle_rad"":1.03,""angle_deg"":59},{""word"":""筷子"",""x"":459,""y"":360.8,""cx"":478,""cy"":378.2,""angle_rad"":0.217,""angle_deg"":12.4},{""word"":""概念"",""x"":545,""y"":190.8,""cx"":564,""cy"":208.2,""angle_rad"":-0.585,""angle_deg"":326.5},{""word"":""麻雀"",""x"":126,""y"":323.8,""cx"":145,""cy"":341.2,""angle_rad"":-3.099,""angle_deg"":182.5},{""word"":""椅子"",""x"":504,""y"":410.8,""cx"":523,""cy"":428.2,""angle_rad"":0.425,""angle_deg"":24.3},{""word"":""买卖"",""x"":466,""y"":260.8,""cx"":485,""cy"":278.2,""angle_rad"":-0.489,""angle_deg"":332},{""word"":""魔力"",""x"":501,""y"":208.8,""cx"":520,""cy"":226.2,""angle_rad"":-0.629,""angle_deg"":323.9},{""word"":""结果"",""x"":332,""y"":207.8,""cx"":351,""cy"":225.2,""angle_rad"":-1.563,""angle_deg"":270.5},{""word"":""敌意"",""x"":311,""y"":588.8,""cx"":330,""cy"":606.2,""angle_rad"":1.649,""angle_deg"":94.5},{""word"":""纠纷"",""x"":443,""y"":611.8,""cx"":462,""cy"":629.2,""angle_rad"":1.189,""angle_deg"":68.1},{""word"":""关系"",""x"":322,""y"":605.8,""cx"":341,""cy"":623.2,""angle_rad"":1.604,""angle_deg"":91.9},{""word"":""铅笔"",""x"":392,""y"":342.8,""cx"":411,""cy"":360.2,""angle_rad"":0.166,""angle_deg"":9.5},{""word"":""愤怒"",""x"":468,""y"":540.8,""cx"":487,""cy"":558.2,""angle_rad"":0.989,""angle_deg"":56.7},{""word"":""团队"",""x"":319,""y"":382.8,""cx"":338,""cy"":400.2,""angle_rad"":1.805,""angle_deg"":103.4},{""word"":""洗衣机"",""x"":366,""y"":319.8,""cx"":392,""cy"":337.2,""angle_rad"":-0.296,""angle_deg"":343.1},{""word"":""大腿"",""x"":179,""y"":500.8,""cx"":198,""cy"":518.2,""angle_rad"":2.306,""angle_deg"":132.1},{""word"":""慈善"",""x"":382,""y"":237.8,""cx"":401,""cy"":255.2,""angle_rad"":-1.077,""angle_deg"":298.3},{""word"":""手指"",""x"":202,""y"":563.8,""cx"":221,""cy"":581.2,""angle_rad"":2.08,""angle_deg"":119.2},{""word"":""性质"",""x"":425,""y"":138.8,""cx"":444,""cy"":156.2,""angle_rad"":-1.119,""angle_deg"":295.9},{""word"":""猫"",""x"":158,""y"":339.8,""cx"":170,""cy"":357.2,""angle_rad"":3.102,""angle_deg"":177.7},{""word"":""眼睛"",""x"":174,""y"":604.8,""cx"":193,""cy"":622.2,""angle_rad"":2.094,""angle_deg"":120},{""word"":""床"",""x"":430,""y"":360.8,""cx"":442,""cy"":378.2,""angle_rad"":0.297,""angle_deg"":17},{""word"":""鼠标"",""x"":335,""y"":330.8,""cx"":354,""cy"":348.2,""angle_rad"":-0.421,""angle_deg"":335.9},{""word"":""微波炉"",""x"":547,""y"":349.8,""cx"":573,""cy"":367.2,""angle_rad"":0.077,""angle_deg"":4.4},{""word"":""原因"",""x"":316,""y"":303.8,""cx"":335,""cy"":321.2,""angle_rad"":-2.051,""angle_deg"":242.5},{""word"":""锤子"",""x"":414,""y"":276.8,""cx"":433,""cy"":294.2,""angle_rad"":-0.592,""angle_deg"":326.1},{""word"":""勺子"",""x"":380,""y"":304.8,""cx"":399,""cy"":322.2,""angle_rad"":-0.516,""angle_deg"":330.4},{""word"":""缘分"",""x"":443,""y"":565.8,""cx"":462,""cy"":583.2,""angle_rad"":1.123,""angle_deg"":64.3},{""word"":""胳膊"",""x"":168,""y"":465.8,""cx"":187,""cy"":483.2,""angle_rad"":2.456,""angle_deg"":140.7},{""word"":""老鼠"",""x"":59,""y"":360.8,""cx"":78,""cy"":378.2,""angle_rad"":3.038,""angle_deg"":174.1},{""word"":""兴奋"",""x"":324,""y"":453.8,""cx"":343,""cy"":471.2,""angle_rad"":1.628,""angle_deg"":93.3},{""word"":""耳朵"",""x"":181,""y"":546.8,""cx"":200,""cy"":564.2,""angle_rad"":2.182,""angle_deg"":125},{""word"":""社会"",""x"":346,""y"":275.8,""cx"":365,""cy"":293.2,""angle_rad"":-1.312,""angle_deg"":284.8},{""word"":""牙刷"",""x"":467,""y"":335.8,""cx"":486,""cy"":353.2,""angle_rad"":0.024,""angle_deg"":1.3},{""word"":""过程"",""x"":391,""y"":130.8,""cx"":410,""cy"":148.2,""angle_rad"":-1.282,""angle_deg"":286.6},{""word"":""光彩"",""x"":460,""y"":164.8,""cx"":479,""cy"":182.2,""angle_rad"":-0.915,""angle_deg"":307.6},{""word"":""空调"",""x"":556,""y"":317.8,""cx"":575,""cy"":335.2,""angle_rad"":-0.066,""angle_deg"":356.2},{""word"":""乌龟"",""x"":88,""y"":310.8,""cx"":107,""cy"":328.2,""angle_rad"":-3.052,""angle_deg"":185.1},{""word"":""地位"",""x"":342,""y"":241.8,""cx"":361,""cy"":259.2,""angle_rad"":-1.45,""angle_deg"":276.9},{""word"":""创伤"",""x"":393,""y"":582.8,""cx"":412,""cy"":600.2,""angle_rad"":1.328,""angle_deg"":76.1},{""word"":""死亡"",""x"":338,""y"":563.8,""cx"":357,""cy"":581.2,""angle_rad"":1.54,""angle_deg"":88.3},{""word"":""快乐"",""x"":424,""y"":393.8,""cx"":443,""cy"":411.2,""angle_rad"":0.582,""angle_deg"":33.3},{""word"":""身份"",""x"":326,""y"":523.8,""cx"":345,""cy"":541.2,""angle_rad"":1.597,""angle_deg"":91.5},{""word"":""婚姻"",""x"":375,""y"":537.8,""cx"":394,""cy"":555.2,""angle_rad"":1.36,""angle_deg"":77.9},{""word"":""错误"",""x"":350,""y"":405.8,""cx"":369,""cy"":423.2,""angle_rad"":1.317,""angle_deg"":75.4},{""word"":""脚踝"",""x"":149,""y"":533.8,""cx"":168,""cy"":551.2,""angle_rad"":2.306,""angle_deg"":132.1},{""word"":""老虎"",""x"":104,""y"":278.8,""cx"":123,""cy"":296.2,""angle_rad"":-2.909,""angle_deg"":193.3},{""word"":""冷漠"",""x"":319,""y"":434.8,""cx"":338,""cy"":452.2,""angle_rad"":1.688,""angle_deg"":96.7},{""word"":""疾病"",""x"":352,""y"":611.8,""cx"":371,""cy"":629.2,""angle_rad"":1.496,""angle_deg"":85.7},{""word"":""扫帚"",""x"":481,""y"":316.8,""cx"":500,""cy"":334.2,""angle_rad"":-0.105,""angle_deg"":354},{""word"":""难过"",""x"":395,""y"":406.8,""cx"":414,""cy"":424.2,""angle_rad"":0.859,""angle_deg"":49.2},{""word"":""钥匙"",""x"":445,""y"":301.8,""cx"":464,""cy"":319.2,""angle_rad"":-0.264,""angle_deg"":344.9},{""word"":""天堂"",""x"":468,""y"":204.8,""cx"":487,""cy"":222.2,""angle_rad"":-0.751,""angle_deg"":317},{""word"":""义务"",""x"":358,""y"":441.8,""cx"":377,""cy"":459.2,""angle_rad"":1.328,""angle_deg"":76.1},{""word"":""数据"",""x"":462,""y"":92.8,""cx"":481,""cy"":110.2,""angle_rad"":-1.071,""angle_deg"":298.6},{""word"":""爱心"",""x"":391,""y"":463.8,""cx"":410,""cy"":481.2,""angle_rad"":1.142,""angle_deg"":65.4},{""word"":""内容"",""x"":408,""y"":90.8,""cx"":427,""cy"":108.2,""angle_rad"":-1.262,""angle_deg"":287.7},{""word"":""现象"",""x"":518,""y"":159.8,""cx"":537,""cy"":177.2,""angle_rad"":-0.746,""angle_deg"":317.3},{""word"":""柜子"",""x"":578,""y"":407.8,""cx"":597,""cy"":425.2,""angle_rad"":0.296,""angle_deg"":16.9},{""word"":""奇迹"",""x"":484,""y"":239.8,""cx"":503,""cy"":257.2,""angle_rad"":-0.545,""angle_deg"":328.8},{""word"":""恐惧"",""x"":403,""y"":533.8,""cx"":422,""cy"":551.2,""angle_rad"":1.227,""angle_deg"":70.3},{""word"":""膝盖"",""x"":213,""y"":493.8,""cx"":232,""cy"":511.2,""angle_rad"":2.203,""angle_deg"":126.2},{""word"":""舒心"",""x"":459,""y"":440.8,""cx"":478,""cy"":458.2,""angle_rad"":0.702,""angle_deg"":40.2},{""word"":""债务"",""x"":309,""y"":403.8,""cx"":328,""cy"":421.2,""angle_rad"":1.87,""angle_deg"":107.2},{""word"":""大象"",""x"":142,""y"":277.8,""cx"":161,""cy"":295.2,""angle_rad"":-2.859,""angle_deg"":196.2},{""word"":""作用"",""x"":370,""y"":174.8,""cx"":389,""cy"":192.2,""angle_rad"":-1.328,""angle_deg"":283.9},{""word"":""纪律"",""x"":408,""y"":240.8,""cx"":427,""cy"":258.2,""angle_rad"":-0.873,""angle_deg"":310},{""word"":""电视"",""x"":520,""y"":356.8,""cx"":539,""cy"":374.2,""angle_rad"":0.127,""angle_deg"":7.3},{""word"":""肩膀"",""x"":254,""y"":546.8,""cx"":273,""cy"":564.2,""angle_rad"":1.916,""angle_deg"":109.8},{""word"":""鼻子"",""x"":244,""y"":585.8,""cx"":263,""cy"":603.2,""angle_rad"":1.902,""angle_deg"":109},{""word"":""斧头"",""x"":499,""y"":362.8,""cx"":518,""cy"":380.2,""angle_rad"":0.178,""angle_deg"":10.2},{""word"":""风景"",""x"":494,""y"":124.8,""cx"":513,""cy"":142.2,""angle_rad"":-0.906,""angle_deg"":308.1},{""word"":""熊猫"",""x"":162,""y"":295.8,""cx"":181,""cy"":313.2,""angle_rad"":-2.927,""angle_deg"":192.3},{""word"":""骗局"",""x"":434,""y"":205.8,""cx"":453,""cy"":223.2,""angle_rad"":-0.889,""angle_deg"":309.1},{""word"":""桌子"",""x"":504,""y"":280.8,""cx"":523,""cy"":298.2,""angle_rad"":-0.291,""angle_deg"":343.3}],""n_words"":90,""words"":[""骄傲"",""冰箱"",""兔子"",""反感"",""协议"",""嘴唇"",""剪刀"",""长颈鹿"",""制度"",""过失"",""友情"",""方法"",""蚂蚁"",""沮丧"",""沙发"",""暴力"",""筷子"",""概念"",""麻雀"",""椅子"",""买卖"",""魔力"",""结果"",""敌意"",""纠纷"",""关系"",""铅笔"",""愤怒"",""团队"",""洗衣机"",""大腿"",""慈善"",""手指"",""性质"",""猫"",""眼睛"",""床"",""鼠标"",""微波炉"",""原因"",""锤子"",""勺子"",""缘分"",""胳膊"",""老鼠"",""兴奋"",""耳朵"",""社会"",""牙刷"",""过程"",""光彩"",""空调"",""乌龟"",""地位"",""创伤"",""死亡"",""快乐"",""身份"",""婚姻"",""错误"",""脚踝"",""老虎"",""冷漠"",""疾病"",""扫帚"",""难过"",""钥匙"",""天堂"",""义务"",""数据"",""爱心"",""内容"",""现象"",""柜子"",""奇迹"",""恐惧"",""膝盖"",""舒心"",""债务"",""大象"",""作用"",""纪律"",""电视"",""肩膀"",""鼻子"",""斧头"",""风景"",""熊猫"",""骗局"",""桌子""],""distance_matrix"":[[0,0.2794950746323997,0.5725266564988235,0.1363020950362209,0.5002944335525964,0.3903789067270136,0.28327630725519193,0.6599040455545668,0.32959384552957094,0.04111490711103199,0.16373468300859212,0.5313618228949349,0.6663057421850177,0.10733047728557382,0.20132583279565217,0.029887645876886852,0.20439603097062733,0.5190599970231352,0.6384311516603305,0.13018397181442565,0.379144129935069,0.4737663111355649,0.5249847874674866,0.2909444791338657,0.1819320507058916,0.2919403127883005,0.26633405468488486,0.05335134065537928,0.295060974162577,0.31742528851238044,0.47563033686457556,0.4435004689202058,0.45111478965983787,0.5971790450711932,0.5867605908737582,0.5198348430458439,0.2163928874395795,0.3384058009501783,0.26570482565581544,0.3961231518618042,0.36228701042920636,0.3354584804369306,0.10394616458168042,0.4970410119281777,0.7226931943175577,0.23110643081685672,0.480507519247444,0.40774330565276967,0.24776631342015293,0.6206419684223976,0.5474295923562927,0.31647183423933756,0.7082203871968197,0.4637431158254307,0.1737508880202035,0.22809265458339442,0.1616779655391769,0.22351670362287104,0.14963933427142767,0.22744736513882308,0.5324203524183554,0.7100161848696791,0.2500902475779478,0.2596241989540124,0.2820160715822002,0.1688178290677496,0.30952316729796814,0.47723603126034536,0.18254938187887096,0.673472860663806,0.11412700421705992,0.6844466063401411,0.5628385739944827,0.21696739170794888,0.4169205055731631,0.10320553932479638,0.41592510717099407,0.06489427881611491,0.28951714679523616,0.6545564177100056,0.5550443748450659,0.4260643387055341,0.22831335379228035,0.3554840628359359,0.39356043117922646,0.20721862222700144,0.6190933115196039,0.6079643007880199,0.47878226826100534,0.34969459524698066],[0.2794950746323997,0,0.45999262820451653,0.11575774321468553,0.19532614203928572,0.4516098224551228,0.11141072269052316,0.5596363308617428,0.02116470535399644,0.25328770593105443,0.31333572376896657,0.2593689436582516,0.5303204906153008,0.14878707030675822,0.20915907369742315,0.29991504816644726,0.06390870939512526,0.2895219633596742,0.48774292533541574,0.18162634856849705,0.10661965040548144,0.2163928874395795,0.22711213052174797,0.4735954014497909,0.4769510816866176,0.4945268761624841,0.03173458824281886,0.35992740433537407,0.1774104781160825,0.05537579950549276,0.4961887246274823,0.1364134312385597,0.5401200516912249,0.2951367125161872,0.4447812588370014,0.6263436900436871,0.03591078207348132,0.1221454120484876,0.2083847965735816,0.1582354039922606,0.05424079625453159,0.0501595764248702,0.3966533078119043,0.4792050738155636,0.6084073192415657,0.25512412459320766,0.5448662046049706,0.12698088657100443,0.05427765073093685,0.3131339980490332,0.2577738002158516,0.20771170774274486,0.5547501007721966,0.1704552272593231,0.4273268285267697,0.4158319977025062,0.09373330715742387,0.3588490317030786,0.35442120223519064,0.16100090337347953,0.5729320401398911,0.5318462044701813,0.23506355315215516,0.4897578524862861,0.07681705278193926,0.12335859897669645,0.028034691103695147,0.19512087631687047,0.20531448373196712,0.3819610862694579,0.22180366528240786,0.3797751339528548,0.30476287821258485,0.2829027062464275,0.15492864603687606,0.34020112986318474,0.44155807660878355,0.18648690016329947,0.21209773876493865,0.46631439468268027,0.2468668519286603,0.11816476145142732,0.15379911428535034,0.45901592381651546,0.5248518442731568,0.12376085349490042,0.34229779276478234,0.42732682852676956,0.17895072860412253,0.13474480870874408],[0.5725266564988235,0.45999262820451653,0,0.5076690180767175,0.5370278053028675,0.2682343955971662,0.5997341147859605,0.07064929892007087,0.46064477089995065,0.5031533300274241,0.41314758266750773,0.6669078422002103,0.06840701435997701,0.47878528954902466,0.665093344383293,0.537482968823842,0.5196111731933866,0.7384653789948988,0.062090978653599194,0.6018072005398155,0.5642987686724766,0.6552585465961338,0.40537280176598045,0.44851628302997015,0.6398731149925955,0.4838897649057526,0.4048957325717969,0.6080028363630124,0.27465307972652003,0.3789298175212918,0.20424479641111978,0.44638465480650275,0.321335785686146,0.6077258100571368,0.02773801045178898,0.3820767965133763,0.4565955822867253,0.30976780395990394,0.6867180560027183,0.29172513012174206,0.46906956691454593,0.3973627552197678,0.5923979314258142,0.14010990998694403,0.12461214679265413,0.31429341937567606,0.2836151109460782,0.3596038119705356,0.5368109320744381,0.5729881094588127,0.6297876115379041,0.6953854181235938,0.11844596872117168,0.38298268969234583,0.5400364798079763,0.4466298588813728,0.45948724690907594,0.3836821809405148,0.46643827314180847,0.3332714271646429,0.2548215827139717,0.14975094588425356,0.2935091751419525,0.5250263256734963,0.5656650897717911,0.4114545490706755,0.5089111026536602,0.606382329905519,0.3620752288940504,0.7093993720357127,0.4294199052007188,0.6439798937113138,0.7210075337407889,0.7303424725742862,0.6066116701118554,0.5031533300274242,0.21481231286090124,0.5324367480179046,0.26197469521020245,0.13580946043927092,0.4935295789229716,0.48410807675942935,0.6266502889413109,0.3312201847333445,0.3832953750007727,0.589539799391407,0.7185180941319873,0.10704884761669793,0.5532817690627433,0.6180390559975221],[0.1363020950362209,0.11575774321468553,0.5076690180767175,0,0.3349993620393176,0.4122166965718699,0.13923672887828478,0.6042273174000916,0.16543857064630366,0.12355985881821197,0.22065715794324697,0.3730315244629104,0.5922127376626326,0.025728388888283615,0.1325564820182452,0.16502783946472951,0.042458712931707186,0.3740224713916274,0.5560521907998307,0.06548068550316907,0.21764010219348878,0.3185394958747348,0.3681710470388188,0.3815950781098911,0.34086953910371276,0.39527424760071095,0.1159272182065411,0.2180378810104099,0.20436316222997414,0.16797844962210365,0.4786342031201293,0.2810526894859501,0.4923097040312593,0.43219257121830473,0.5072543505578264,0.5735968899565608,0.05653161821332421,0.20832662395475018,0.17233091633051764,0.26219078861528583,0.19767333783048915,0.18015715959717216,0.2603674074516266,0.47963054416936884,0.6612189201008893,0.2120595559313784,0.5086686220361775,0.25695947965667537,0.0882611671790557,0.4554885512689638,0.38469582578636274,0.2054519413132612,0.6261072066695449,0.3086791733094173,0.30560299560597676,0.31842470329340256,0.019863242533772796,0.2781893643630737,0.24543388037016733,0.14813868584375875,0.5490322404422913,0.6153018239256713,0.20977026239184465,0.37926439636799014,0.12724622714477843,0.06965902010053165,0.14473691207310155,0.3156181476553023,0.14903714590599315,0.5108583939208026,0.12339887220859336,0.5192167329174019,0.4091636537125136,0.1938026975352146,0.25888440088753434,0.21868290905357804,0.4185962918446785,0.042458712931707186,0.21979535176748338,0.5535715180047263,0.39153695140951883,0.2612144580164228,0.1143519295431654,0.4005175519214957,0.4573027595929187,0.0782428260328315,0.4602937251480607,0.5096094065788158,0.31387307878534776,0.20079234231742657],[0.5002944335525964,0.19532614203928572,0.5370278053028675,0.3349993620393176,0,0.6271625274608297,0.23190736101261658,0.6299738859264332,0.14620540510844343,0.47759956376546525,0.5289281076485803,0.10574576953199118,0.5762489860100433,0.37288267167443573,0.3693859494003703,0.524000805859473,0.2692443313884948,0.1953876851394089,0.5278684497490294,0.37727544765299326,0.1135900396209879,0.11989556400545084,0.1213719977381754,0.6840056492346076,0.7011149034287674,0.7082099821182842,0.23219532959606318,0.5818929206689625,0.34081976144787757,0.20147898275549855,0.6486687529911009,0.06677095652557614,0.7175652041592433,0.07182783826941555,0.5008390715223214,0.8043395614861039,0.26021891854114054,0.24768315278845968,0.3320539779859184,0.23001887731828285,0.11298622836632133,0.1726354943427227,0.6207151721466361,0.6143677490658049,0.6614967030589453,0.45139590313181555,0.711888390953999,0.15836646040072774,0.23140706832670166,0.09363326365860035,0.06385915632340369,0.2949662763204642,0.5814909743781486,0.1251206656775392,0.6501974082806018,0.6302997394673906,0.31804915487759333,0.5672495990480432,0.5745711866315972,0.35712054966808865,0.7265914745756977,0.5382218305442007,0.42347793672904416,0.7085345514105339,0.21077691727494466,0.3426075562943357,0.16304889508707132,0.06171967966643854,0.4141319099182803,0.16789275647296892,0.4426522664746119,0.15560304761753907,0.15882443767593002,0.43730370981347116,0.11141072269052316,0.5635717100995614,0.6035922356991874,0.4064205140663229,0.3815352906887167,0.4736686555735712,0.06117687919549652,0.05139043137668389,0.30579551198928767,0.6488973657951885,0.7183456782552573,0.29689266714179685,0.15446930589701885,0.4507951426042391,0.005552984470150202,0.1840596841706373],[0.3903789067270136,0.4516098224551228,0.2682343955971662,0.4122166965718699,0.6271625274608297,0,0.5634292988458907,0.3141011998198549,0.4810101194487885,0.32493446813999916,0.19778836872977815,0.7298351891567428,0.35974985650897634,0.3620163803330376,0.5674039599326648,0.33743995075193806,0.4607826128912367,0.7700684042649372,0.3588490317030786,0.48916900094682514,0.5859578093231295,0.6947264597938058,0.546531972695834,0.15872639374774017,0.37903134795956434,0.19288499288438196,0.39248803207403815,0.3912632542537229,0.25813201078540954,0.4026944237473181,0.06469799432244372,0.5329911839392734,0.06143172260660009,0.7215166956537965,0.31463289329869215,0.1483464267913882,0.4103769416336267,0.35058077037397783,0.613470523682964,0.37889972957508367,0.5059740079784425,0.43121353755566844,0.3544212022351905,0.1137083451904067,0.37873420618293446,0.17362978240339552,0.06747324986827855,0.445004636683861,0.49795888582927467,0.7091250675479072,0.7129002714192118,0.6442716254414136,0.41262333220369973,0.496655902516003,0.27874322332129886,0.17690443557268365,0.37767929702649083,0.141059818177899,0.2286827503304981,0.26220659403184243,0.11326688802118579,0.4465588917565774,0.18784955558116215,0.24005926345310383,0.5378295147543496,0.3227561254151992,0.5085658913908083,0.6636197178466723,0.2350635531521552,0.8230690111564314,0.2712489022795035,0.7852547376940079,0.7796566078258808,0.6130405570951842,0.6343825299840554,0.27677775129921417,0.024480644229912172,0.3969883718403179,0.21783285636042252,0.4214662410555759,0.6238481174911773,0.5516512187860128,0.5552544798647137,0.03546012414107689,0.0895623188823236,0.518096205695434,0.8041922706721543,0.38055128410111705,0.6278659112394743,0.6092083044301324],[0.28327630725519193,0.11141072269052316,0.5997341147859605,0.13923672887828478,0.23190736101261658,0.5634292988458907,0,0.6993434990966483,0.1269415384570587,0.28865380517879197,0.38754890001161624,0.22385063770892502,0.6707069181433063,0.19351330496678107,0.10859625217768042,0.32496480910324027,0.07504791082709214,0.20809379074589154,0.6279336393363566,0.13224279868565159,0.08966579466332188,0.16368691654473239,0.32517712306756186,0.549316160127023,0.49419856468631296,0.5634940354773247,0.16650871107630733,0.36414498817257457,0.3089425803950573,0.19522353266744583,0.6188991731411615,0.22315799176881906,0.6481184079146947,0.31325504774889923,0.5851864516016754,0.7319671359020997,0.1261821426064843,0.26253830983865345,0.07855709777822419,0.2961244242696141,0.14022780688700773,0.1843690901969177,0.4154317499038791,0.6086118705622158,0.7487236056418495,0.36093591606026776,0.6592601551540521,0.2527654835017436,0.03759086532294784,0.35254401971832056,0.25015620439678404,0.06736186377068291,0.6945738179752198,0.28045834825422683,0.4706410775261532,0.48646173889980454,0.15928944913459017,0.4431399253687265,0.4135776286130481,0.2762655603074613,0.6935044222876425,0.6699325121203463,0.34905396434486446,0.5467904814211698,0.006212777075928461,0.21232670889627234,0.07351789340325765,0.17889169921872133,0.301404263242238,0.37272994485329236,0.28981082405808667,0.40232822510528365,0.25110535591244587,0.17715017018633314,0.11255335765464188,0.38488861952994863,0.5613123976014087,0.19701586497664297,0.3388064471856714,0.6039365193784362,0.3120021286937082,0.18361998691276948,0.045424500611307164,0.5598135321409837,0.6201529448569179,0.04815732539807659,0.3110470031703332,0.5661808401934557,0.20111925201223776,0.03777493174169356],[0.6599040455545668,0.5596363308617428,0.07064929892007087,0.6042273174000916,0.6299738859264332,0.3141011998198549,0.6993434990966483,0,0.5598864818751996,0.5899439546967461,0.4904907633762494,0.7614843670291711,0.050892683767320056,0.5730492700330785,0.7627836214025969,0.6211141055558713,0.618411202822621,0.8353819283026053,0.09058021844137128,0.6979667422023832,0.6628905969957758,0.7521130772264566,0.4931036815295073,0.5014120749343033,0.7090086651452767,0.5358964394811672,0.5043973014521055,0.689321984226205,0.37213757918575413,0.47848004862247606,0.23130100061952966,0.5413022226899091,0.34533471737802324,0.6959316235162734,0.10073384466312757,0.3884171913772511,0.5554645093545545,0.40935968534819256,0.7857030353612633,0.38979318864599594,0.5675994263854507,0.4965858523058489,0.6682975196758216,0.1717967931014745,0.03659265867143795,0.3998562542443795,0.3010697756783316,0.45634909117603456,0.6362761828056821,0.6575148355460098,0.7223584065914403,0.794938070569115,0.09542173916818253,0.47596768278407,0.6079185367644443,0.509842922497529,0.5564349156018882,0.45345769680274683,0.5401200516912249,0.4283712098998538,0.25661054174233955,0.15308433281700837,0.38273684178932155,0.5816869562440056,0.665301081834659,0.5070511894736877,0.6084362010543767,0.7021249077516978,0.45206926742846326,0.7961530469764736,0.5174677068376246,0.72605728943342,0.8155638596704359,0.8270245430126804,0.7046114217625933,0.5805025686488922,0.26239619216072907,0.6255753926357778,0.35654797253868004,0.174679482869236,0.5809454114881669,0.5803313840820788,0.7254881595419678,0.3785083841144296,0.4187299467223178,0.6882041168018599,0.8097254112712035,0.16747153889450814,0.6478600671283375,0.7174583389656258],[0.32959384552957094,0.02116470535399644,0.46064477089995065,0.16543857064630366,0.14620540510844343,0.4810101194487885,0.1269415384570587,0.5598864818751996,0,0.3028498134044954,0.35723575765423765,0.22129543589205827,0.5241866490588158,0.19869978628564297,0.24366161591649235,0.34975940884205986,0.10849586534730404,0.2637199404868909,0.47960339712158234,0.22572462414982622,0.07935294893539027,0.18528746850751374,0.18289719782903674,0.5156116629342891,0.5266963510291983,0.5379269426297171,0.06266184589194947,0.410087036607491,0.19794390596316946,0.05573868648828462,0.5185783134071105,0.08789424924205205,0.5706568269425769,0.24657194629269655,0.4398203865154515,0.6574254415836831,0.08572159355048005,0.12396158405209194,0.2322129500121588,0.14498399135823134,0.0043324575839040055,0.03430733082189995,0.4464879140397456,0.4962354611157117,0.6049029071587919,0.2903877616894584,0.5720980295681302,0.09684397158418413,0.08592201877145361,0.26306932204216776,0.21363277100947017,0.22097650064030122,0.5443981731953742,0.13005863019871072,0.47520453365940235,0.45944013506629416,0.14338944526110967,0.3997310291286801,0.40065683071882763,0.1948126247461362,0.5962252565202627,0.5165826553495938,0.2669101045915479,0.5354209701107091,0.09232519106889836,0.16856949583378006,0.024595276041753794,0.15547002790489817,0.24554566404690012,0.3359968913524278,0.2682705238153181,0.33030333923397304,0.26984044071678,0.3174297170523283,0.1266658231588838,0.38842821735364697,0.466472334288199,0.23643114101045462,0.2360783304928118,0.45024485094998135,0.19713801469860312,0.06812308875485995,0.1837137690966508,0.49334457651098357,0.5607195522260174,0.15921610265383337,0.30095820447166,0.4141734530694228,0.13212858060757715,0.1291008457033491],[0.04111490711103199,0.25328770593105443,0.5031533300274241,0.12355985881821197,0.47759956376546525,0.32493446813999916,0.28865380517879197,0.5899439546967461,0.3028498134044954,0,0.10062736888816698,0.5251176987659741,0.597414203911727,0.07623550351747702,0.23548153297495708,0.01980040227990696,0.19489486666195982,0.5252727216653534,0.5704828308706629,0.15681245341835692,0.36898139402801955,0.4710861057100379,0.4845264973531602,0.245210176306091,0.1950113243558118,0.25278181760265483,0.22760883963082518,0.09155135206841619,0.23249471519054993,0.27566188022765487,0.4080663577914449,0.41110261167232953,0.39036793203854264,0.577100065715886,0.5186707622932624,0.4630794909235341,0.18838658028443278,0.28613235793411096,0.29447340063876026,0.34384403683267445,0.33617338445934,0.29732077673444557,0.11530129288326163,0.4276494647736999,0.6528845578788318,0.161097774184329,0.4170856161665504,0.3642698415999258,0.24079381798775482,0.5944683433005351,0.5343299526364516,0.3395731351441302,0.6400267715539906,0.4225275761270299,0.15328643744025933,0.18077240060658153,0.13055940587294063,0.16228848058360948,0.10229725368440612,0.16547012942029404,0.4671963538605183,0.6435397777048898,0.18106473917116486,0.2302556900872432,0.2795796054139997,0.11935879637297815,0.29293783146112035,0.466447562777601,0.11490737440621296,0.6602313299387109,0.04552750347754373,0.6620452738638782,0.561717685830566,0.2663496383739903,0.4112280869755634,0.067361863770683,0.347940415537277,0.06528562186740423,0.22315799176881906,0.5894281762489006,0.5234401240955856,0.3998419446533289,0.2471225524446293,0.2945635012873205,0.3386729469496768,0.21826135037370126,0.6121103665469754,0.5425839511928569,0.45982945658908925,0.3523348734604214],[0.16373468300859212,0.31333572376896657,0.41314758266750773,0.22065715794324697,0.5289281076485803,0.19778836872977815,0.38754890001161624,0.4904907633762494,0.35723575765423765,0.10062736888816698,0,0.6007361869041946,0.5102669792028043,0.16594289793983794,0.35869077644143293,0.11118107800987237,0.28486403820436484,0.6172039096727242,0.4907741933654439,0.27901728894153593,0.4448201147230247,0.55314738198467,0.5002161682394626,0.13353166045970435,0.20492786113185996,0.15223980429658265,0.2678160206454877,0.17167450817677685,0.20204409088253122,0.30310860510339,0.28486403820436484,0.44756112758193345,0.26074888664883517,0.6296571881210197,0.43909335259986915,0.33453966380837424,0.2541505181537574,0.28539149998358154,0.41309206239639523,0.3375529736831452,0.3890598870445958,0.3304143378906344,0.1502737338925414,0.3122359964670814,0.5553988832476114,0.08426806278131693,0.28811241832185946,0.37968129624929925,0.3291743280311879,0.6356486423123525,0.5995047059178467,0.45290089495531466,0.5574926605806514,0.4395356022464172,0.11439473245966765,0.07351789340325765,0.20326267409555604,0.03291051296132799,0.029887645876886804,0.15196872277411042,0.33971047035965124,0.5712270777782943,0.1175274543098902,0.1517311928945332,0.37041667115432714,0.16106548939999085,0.36432055198376406,0.537296070935621,0.08836579017716821,0.7221194729256644,0.06875291457335331,0.708415975347409,0.6435146846970283,0.3950391442502065,0.49132879654073697,0.06117687919549652,0.22635023543865584,0.1842827894822541,0.17397020776863856,0.5249737100865199,0.5564349156018883,0.44854840990073236,0.3601245846843612,0.16495666307629742,0.21197680570310468,0.32653897119362096,0.6845799153085783,0.4780324329618024,0.5181971471088458,0.44524731935424244],[0.5313618228949349,0.2593689436582516,0.6669078422002103,0.3730315244629104,0.10574576953199118,0.7298351891567428,0.22385063770892502,0.7614843670291711,0.22129543589205827,0.5251176987659741,0.6007361869041946,0,0.7098002551281851,0.42135383819334205,0.35124707237490055,0.5668377745163361,0.3015992247005482,0.06965902010053165,0.661578905382282,0.3850220395300982,0.12788316929561896,0.03308374489427617,0.255453312975129,0.7617676700373414,0.7410815962408082,0.7819319026760408,0.31257751517828963,0.613375000423571,0.44378286490331004,0.2984705976260749,0.7614261415063017,0.19153258189891742,0.8198652903748469,0.10269394327607753,0.632993498486956,0.9067703268358503,0.31790324416648036,0.3574501913483454,0.2968032106328679,0.35182761963404435,0.19486745604710565,0.27043536330641216,0.6610433036020298,0.7325414964878569,0.794878485090185,0.5405754376049018,0.8192180298759392,0.28053765968831756,0.2561374530856546,0.1623766832529791,0.02806158557617891,0.24615408688046728,0.7160347505631369,0.2571739992024384,0.7060070415426186,0.7032089514009102,0.3721681743054549,0.6472115146122441,0.6385322824125939,0.44505965564445005,0.8395233988247823,0.6729463343777283,0.5170717182742595,0.774267776618841,0.2203558645946517,0.41080620849360394,0.20760798566190541,0.03722119751195865,0.49350902633416255,0.12335859897669645,0.5066818686391341,0.17785595815820968,0.025108113666055344,0.40666356129212555,0.08552081754656321,0.6184657031840125,0.7121947909441452,0.44030445006323776,0.4833899893661528,0.6084000985838784,0.18295511166201625,0.15675464792746557,0.2938277354633853,0.7436274031043245,0.8109409156743074,0.3006139555066483,0.058745177690433845,0.5850390595344425,0.08466018832900847,0.1580714543648289],[0.6663057421850177,0.5303204906153008,0.06840701435997701,0.5922127376626326,0.5762489860100433,0.35974985650897634,0.6707069181433063,0.050892683767320056,0.5241866490588158,0.597414203911727,0.5102669792028043,0.7098002551281851,0,0.5671080664564042,0.7463053548360613,0.6329934984869561,0.5976419298836977,0.788594091083097,0.019674478361831126,0.6866859024653401,0.6227168133330964,0.7055351675845632,0.433786542349942,0.5431339166677436,0.7372550353640639,0.5783618196303093,0.4790601515493043,0.7041198160035018,0.3592009181901277,0.4467491888084906,0.28677918279826653,0.4918091712815097,0.40390103579018105,0.635549381296816,0.05690748268181399,0.45540304662037673,0.5347274253838936,0.37932451630072345,0.7630315946802178,0.3505605611447954,0.5278684497490294,0.46138365178797314,0.6895355275506365,0.2232674833542061,0.056423924588857165,0.4097584791172952,0.3623810987709938,0.411990625867254,0.610368310478027,0.5936927455710503,0.6674785841326039,0.7670272072589114,0.0242794450472979,0.42378637443050315,0.6373384219835516,0.5433751980003285,0.5435038397983182,0.4810101194487885,0.5638020849273897,0.4214492121218244,0.32406213669018963,0.07441191842175728,0.38736102283770296,0.6207151721466361,0.6359001910540398,0.4982790368143214,0.5751225059462292,0.6531275014483053,0.4550196735927639,0.7337794326034853,0.5232540296752538,0.6598416880413299,0.7635969933561766,0.8137599595332794,0.6618054665405086,0.6001804899877913,0.3063769725519809,0.6218523127394667,0.3515818014795119,0.0973185389737334,0.5204578421174969,0.5332968456030742,0.7039523856206321,0.4236813258484066,0.471585906412223,0.6677891003911605,0.7524724182179827,0.09929494463403954,0.5968334953242729,0.6822132022255782],[0.10733047728557382,0.14878707030675822,0.47878528954902466,0.025728388888283615,0.37288267167443573,0.3620163803330376,0.19351330496678107,0.5730492700330785,0.19869978628564297,0.07623550351747702,0.16594289793983794,0.42135383819334205,0.5671080664564042,0,0.1770906250652716,0.1221454120484877,0.09337026031605226,0.4269467662487073,0.5337904657559096,0.10120601684929761,0.2647453982484685,0.3687346060475984,0.38880292741618183,0.3269659045389708,0.2992380231382393,0.34110589154074117,0.13005863019871072,0.18428278948225416,0.18053091423245304,0.18112315807622234,0.432059491542804,0.30962285542095275,0.4402456041425709,0.47208827025825284,0.48356960552871386,0.5206141793786696,0.08398326019374829,0.20635323674155187,0.22335261063148037,0.26341055256743945,0.23195439799783502,0.19939943520088435,0.21888104153358634,0.437254356456127,0.6321934840292027,0.1651938162495045,0.4582797494646223,0.2714838549564902,0.1391728820737112,0.4907358212692716,0.42925923871571203,0.25922526321134703,0.6041376689188954,0.32745689131863953,0.25565818870458323,0.26