"trial_id","rt","stimulus","response","trial_type","trial_index","plugin_version","time_elapsed","participant_number","success","raw_payload","placements","dissimilarity_vector","n_words","trial_category","distance_matrix","value"
"consent_form","11936","
    <div style=""max-width:800px; margin:0 auto; text-align:left; font-size: 16px; padding: 10px 0;"">
      <h1>Informed Consent Form</h1>
      <p>You are being invited to participate in a research study titled <strong>""Reproducibility of Psychological Science and Instruction.""</strong> This study is being done by Dr. Bria Long from UC San Diego and associated graduate students in the Experimental Methods course. You were selected to participate in this study because you are an adult in the U.S. and have been a represented population in previous psychology studies.</p>
      
      <p>The purpose of this study is to better understand how well previously published studies in the psychological field replicate online and with different populations. Your participation in this research should last approximately <strong>5-30 minutes</strong>. If you agree to take part in this study, you may be asked to view a set of stimuli, including pictures, sounds, written text, or videos and then giving some responses via key-presses, verbally, or with paper-and-pencil. We may also observe your choices or preferences among an array of stimuli. These stimuli will be taken directly from or closely adapted from studies that already exist in the published psychological literature. Stimuli will include, e.g., pictures of objects and human faces, audio and video clips, short text passages, etc. None of the stimuli will be disturbing, threatening, or offensive. The online and in-person experiments described in this protocol will take no more than 30 minutes. An example game you might play would be to click on an image on the screen that matches a word you hear being said out loud. Your total expected time commitment for this study is between 5-30 minutes, and is specified in the study description.</p>
      
      <p>Your participation in this study is completely voluntary and you can withdraw at any time. Choosing not to participate or withdrawing will result in no penalty or loss of benefits to which you are entitled. You are free to skip any question that you choose.</p>
      
      <p>We will not be asking for any personally identifying information, and we will handle responses as confidentially as possible. Your SONA or Prolific IDs will never be tied to your responses on this survey. However, we cannot guarantee the confidentiality of information transmitted over the Internet. To minimize this risk, data containing anything that might be personally identifying (e.g. Prolific IDs or IP addresses) will be encrypted on transfer and storage and will only be accessible to qualified lab personnel. We will be keeping data collected as part of this experiment indefinitely. This anonymized data (containing neither Prolific IDs nor IP addresses) may be shared with the scientific community or with other participants to be used as stimuli in future studies.</p>
      
      <p>If you have questions about this project or if you have a research-related problem, you may contact the researcher(s), <strong>Dr. Bria Long, <a href=""mailto:brlong@ucsd.edu"">brlong@ucsd.edu</a></strong>. If you have any questions concerning your rights as a research subject, you may contact the UC San Diego Office of IRB Administration at <a href=""mailto:irb@ucsd.edu"">irb@ucsd.edu</a> or 858-246-4777.</p>
      
      <h3 style=""margin-top: 25px;"">Consent Statement</h3>
      <p style=""font-weight: bold;"">By participating in this research you are indicating that you are at least 18 years old, have read this consent form, and agree to participate in this research study. Please keep this consent form for your records.</p>
    </div>
  ","0","html-button-response","0","2.1.0","11939","hx6bn4b9ju_f3v7k5","","","","","","","",""
"","72597","","{""participant_date"":""11/25/2025"",""participant_time"":""2:20pm""}","survey-html-form","1","2.1.0","84537","hx6bn4b9ju_f3v7k5","","","","","","","",""
"","13444","
    <div style=""display:flex; align-items:center; justify-content:center; height:100vh; font-family:sans-serif;"">
      <div style=""max-width:900px; margin:0 auto; text-align:center;"">
        <h1 style= ""font-size: 24px;"">Welcome! Thank you for participating in the study.</h1>
        <h2 style= ""font-size: 22px;"">The study will be in Madarin Chinese.</h2>
        <h2 style= ""font-size: 22px;"">Please use desktop computers or laptops for the study. Tablets and phones are not allowed.</h2>
        <p style=""font-size:16px; margin-top:30px;""><em>Press any key to continue.</em></p>
      </div>
    </div>
  ","Enter","html-keyboard-response","2","2.1.0","97982","hx6bn4b9ju_f3v7k5","","","","","","","",""
"","40054","
    <div style=""display:flex; align-items:center; justify-content:center; height:100vh; font-family:sans-serif;"">
      <div style=""max-width:900px; margin:0 auto; text-align:center;"">
        <p style=""font-size:18px; line-height:1.6;"">
          In this task, you will be presented with <strong>90 words</strong> arranged <strong>outside a circle</strong>.<br>
          Your job is to <strong>drag these words into the circle</strong> and <strong>rearrange them</strong> based on their <strong>meaning similarity</strong>.<br><br>
          Words that are <strong>similar in meaning</strong> should be placed <strong>closer together</strong>.<br>
          Words that are <strong>different in meaning</strong> should be placed <strong>farther apart</strong>.<br><br>
          You can place the words <strong>anywhere inside the circle</strong>. There is no single correct answer — 
          we are interested in <strong>your personal judgment</strong> of how these words relate to each other.<br><br>
          <strong>You must move all words into the circle before you can finish.</strong><br>
          After the initial arrangement, you will arrange words from specific categories.
        </p>
        <p style=""font-size:16px; margin-top:30px;""><em>Press any key to continue.</em></p>
      </div>
    </div>
  ","Enter","html-keyboard-response","3","2.1.0","138037","hx6bn4b9ju_f3v7k5","","","","","","","",""
"","7449","","","fullscreen","4","2.1.0","146488","hx6bn4b9ju_f3v7k5","true","{""placements"":[{""word"":""骄傲"",""x"":157.2,""y"":482.8,""cx"":176.5,""cy"":500.2,""angle_rad"":2.428,""angle_deg"":139.1},{""word"":""冰箱"",""x"":260.2,""y"":354.8,""cx"":279.5,""cy"":372.2,""angle_rad"":2.836,""angle_deg"":162.5},{""word"":""兔子"",""x"":387.2,""y"":212.8,""cx"":406.5,""cy"":230.2,""angle_rad"":-1.13,""angle_deg"":295.3},{""word"":""反感"",""x"":92.2,""y"":486.8,""cx"":111.5,""cy"":504.2,""angle_rad"":2.568,""angle_deg"":147.1},{""word"":""协议"",""x"":568.2,""y"":465.8,""cx"":587.5,""cy"":483.2,""angle_rad"":0.511,""angle_deg"":29.3},{""word"":""嘴唇"",""x"":340.2,""y"":574.8,""cx"":359.5,""cy"":592.2,""angle_rad"":1.532,""angle_deg"":87.8},{""word"":""剪刀"",""x"":194.2,""y"":343.8,""cx"":213.5,""cy"":361.2,""angle_rad"":3.06,""angle_deg"":175.3},{""word"":""长颈鹿"",""x"":374.1,""y"":275.8,""cx"":400.5,""cy"":293.2,""angle_rad"":-0.844,""angle_deg"":311.6},{""word"":""制度"",""x"":333.2,""y"":84.8,""cx"":352.5,""cy"":102.2,""angle_rad"":-1.561,""angle_deg"":270.6},{""word"":""过失"",""x"":523.2,""y"":370.8,""cx"":542.5,""cy"":388.2,""angle_rad"":0.196,""angle_deg"":11.2},{""word"":""友情"",""x"":408.2,""y"":448.8,""cx"":427.5,""cy"":466.2,""angle_rad"":0.983,""angle_deg"":56.3},{""word"":""方法"",""x"":565.2,""y"":414.8,""cx"":584.5,""cy"":432.2,""angle_rad"":0.337,""angle_deg"":19.3},{""word"":""蚂蚁"",""x"":420.2,""y"":272.8,""cx"":439.5,""cy"":290.2,""angle_rad"":-0.589,""angle_deg"":326.3},{""word"":""沮丧"",""x"":164.2,""y"":435.8,""cx"":183.5,""cy"":453.2,""angle_rad"":2.587,""angle_deg"":148.2},{""word"":""沙发"",""x"":248.2,""y"":322.8,""cx"":267.5,""cy"":340.2,""angle_rad"":-3.023,""angle_deg"":186.8},{""word"":""暴力"",""x"":87.2,""y"":532.8,""cx"":106.5,""cy"":550.2,""angle_rad"":2.453,""angle_deg"":140.6},{""word"":""筷子"",""x"":226.2,""y"":288.8,""cx"":245.5,""cy"":306.2,""angle_rad"":-2.745,""angle_deg"":202.7},{""word"":""概念"",""x"":576.2,""y"":269.8,""cx"":595.5,""cy"":287.2,""angle_rad"":-0.25,""angle_deg"":345.7},{""word"":""麻雀"",""x"":377.2,""y"":241.8,""cx"":396.5,""cy"":259.2,""angle_rad"":-1.097,""angle_deg"":297.1},{""word"":""椅子"",""x"":188.2,""y"":278.8,""cx"":207.5,""cy"":296.2,""angle_rad"":-2.781,""angle_deg"":200.7},{""word"":""买卖"",""x"":392.2,""y"":368.8,""cx"":411.5,""cy"":386.2,""angle_rad"":0.532,""angle_deg"":30.5},{""word"":""魔力"",""x"":432.2,""y"":480.8,""cx"":451.5,""cy"":498.2,""angle_rad"":0.97,""angle_deg"":55.6},{""word"":""结果"",""x"":597.2,""y"":412.8,""cx"":616.5,""cy"":430.2,""angle_rad"":0.292,""angle_deg"":16.7},{""word"":""敌意"",""x"":356.2,""y"":439.8,""cx"":375.5,""cy"":457.2,""angle_rad"":1.337,""angle_deg"":76.6},{""word"":""纠纷"",""x"":423.2,""y"":412.8,""cx"":442.5,""cy"":430.2,""angle_rad"":0.714,""angle_deg"":40.9},{""word"":""关系"",""x"":380.2,""y"":413.8,""cx"":399.5,""cy"":431.2,""angle_rad"":1.023,""angle_deg"":58.6},{""word"":""铅笔"",""x"":268.2,""y"":402.8,""cx"":287.5,""cy"":420.2,""angle_rad"":2.298,""angle_deg"":131.7},{""word"":""愤怒"",""x"":124.2,""y"":444.8,""cx"":143.5,""cy"":462.2,""angle_rad"":2.644,""angle_deg"":151.5},{""word"":""团队"",""x"":349.2,""y"":393.8,""cx"":368.5,""cy"":411.2,""angle_rad"":1.277,""angle_deg"":73.2},{""word"":""洗衣机"",""x"":180.1,""y"":319.8,""cx"":206.5,""cy"":337.2,""angle_rad"":-3.053,""angle_deg"":185.1},{""word"":""大腿"",""x"":305.2,""y"":603.8,""cx"":324.5,""cy"":621.2,""angle_rad"":1.665,""angle_deg"":95.4},{""word"":""慈善"",""x"":376.2,""y"":101.8,""cx"":395.5,""cy"":119.2,""angle_rad"":-1.376,""angle_deg"":281.2},{""word"":""手指"",""x"":226.2,""y"":594.8,""cx"":245.5,""cy"":612.2,""angle_rad"":1.95,""angle_deg"":111.7},{""word"":""性质"",""x"":549.2,""y"":232.8,""cx"":568.5,""cy"":250.2,""angle_rad"":-0.428,""angle_deg"":335.5},{""word"":""猫"",""x"":354.4,""y"":255.8,""cx"":366.5,""cy"":273.2,""angle_rad"":-1.359,""angle_deg"":282.1},{""word"":""眼睛"",""x"":267.2,""y"":591.8,""cx"":286.5,""cy"":609.2,""angle_rad"":1.811,""angle_deg"":103.8},{""word"":""床"",""x"":157.4,""y"":306.8,""cx"":169.5,""cy"":324.2,""angle_rad"":-3,""angle_deg"":188.1},{""word"":""鼠标"",""x"":149.2,""y"":274.8,""cx"":168.5,""cy"":292.2,""angle_rad"":-2.833,""angle_deg"":197.7},{""word"":""微波炉"",""x"":69.1,""y"":313.8,""cx"":95.5,""cy"":331.2,""angle_rad"":-3.068,""angle_deg"":184.2},{""word"":""原因"",""x"":590.2,""y"":374.8,""cx"":609.5,""cy"":392.2,""angle_rad"":0.161,""angle_deg"":9.2},{""word"":""锤子"",""x"":113.2,""y"":299.8,""cx"":132.5,""cy"":317.2,""angle_rad"":-2.992,""angle_deg"":188.6},{""word"":""勺子"",""x"":33.2,""y"":277.8,""cx"":52.5,""cy"":295.2,""angle_rad"":-2.959,""angle_deg"":190.4},{""word"":""缘分"",""x"":214.2,""y"":187.8,""cx"":233.5,""cy"":205.2,""angle_rad"":-2.248,""angle_deg"":231.2},{""word"":""胳膊"",""x"":285.2,""y"":548.8,""cx"":304.5,""cy"":566.2,""angle_rad"":1.778,""angle_deg"":101.9},{""word"":""老鼠"",""x"":317.2,""y"":238.8,""cx"":336.5,""cy"":256.2,""angle_rad"":-1.714,""angle_deg"":261.8},{""word"":""兴奋"",""x"":90.2,""y"":391.8,""cx"":109.5,""cy"":409.2,""angle_rad"":2.9,""angle_deg"":166.2},{""word"":""耳朵"",""x"":234.2,""y"":548.8,""cx"":253.5,""cy"":566.2,""angle_rad"":1.991,""angle_deg"":114.1},{""word"":""社会"",""x"":110.2,""y"":126.8,""cx"":129.5,""cy"":144.2,""angle_rad"":-2.391,""angle_deg"":223},{""word"":""牙刷"",""x"":56.2,""y"":234.8,""cx"":75.5,""cy"":252.2,""angle_rad"":-2.799,""angle_deg"":199.6},{""word"":""过程"",""x"":631.2,""y"":374.8,""cx"":650.5,""cy"":392.2,""angle_rad"":0.14,""angle_deg"":8},{""word"":""光彩"",""x"":114.2,""y"":175.8,""cx"":133.5,""cy"":193.2,""angle_rad"":-2.515,""angle_deg"":215.9},{""word"":""空调"",""x"":73.2,""y"":263.8,""cx"":92.5,""cy"":281.2,""angle_rad"":-2.881,""angle_deg"":195},{""word"":""乌龟"",""x"":342.2,""y"":221.8,""cx"":361.5,""cy"":239.2,""angle_rad"":-1.467,""angle_deg"":275.9},{""word"":""地位"",""x"":157.2,""y"":177.8,""cx"":176.5,""cy"":195.2,""angle_rad"":-2.413,""angle_deg"":221.7},{""word"":""创伤"",""x"":57.2,""y"":391.8,""cx"":76.5,""cy"":409.2,""angle_rad"":2.928,""angle_deg"":167.8},{""word"":""死亡"",""x"":128.2,""y"":408.8,""cx"":147.5,""cy"":426.2,""angle_rad"":2.782,""angle_deg"":159.4},{""word"":""快乐"",""x"":77.2,""y"":428.8,""cx"":96.5,""cy"":446.2,""angle_rad"":2.779,""angle_deg"":159.2},{""word"":""身份"",""x"":194.2,""y"":145.8,""cx"":213.5,""cy"":163.2,""angle_rad"":-2.202,""angle_deg"":233.8},{""word"":""婚姻"",""x"":154.2,""y"":134.8,""cx"":173.5,""cy"":152.2,""angle_rad"":-2.299,""angle_deg"":228.3},{""word"":""错误"",""x"":526.2,""y"":400.8,""cx"":545.5,""cy"":418.2,""angle_rad"":0.336,""angle_deg"":19.2},{""word"":""脚踝"",""x"":303.2,""y"":513.8,""cx"":322.5,""cy"":531.2,""angle_rad"":1.721,""angle_deg"":98.6},{""word"":""老虎"",""x"":366.2,""y"":200.8,""cx"":385.5,""cy"":218.2,""angle_rad"":-1.308,""angle_deg"":285.1},{""word"":""冷漠"",""x"":35.2,""y"":426.8,""cx"":54.5,""cy"":444.2,""angle_rad"":2.833,""angle_deg"":162.3},{""word"":""疾病"",""x"":211.2,""y"":96.8,""cx"":230.5,""cy"":114.2,""angle_rad"":-2.04,""angle_deg"":243.1},{""word"":""扫帚"",""x"":157.2,""y"":250.8,""cx"":176.5,""cy"":268.2,""angle_rad"":-2.701,""angle_deg"":205.2},{""word"":""难过"",""x"":65.2,""y"":460.8,""cx"":84.5,""cy"":478.2,""angle_rad"":2.692,""angle_deg"":154.2},{""word"":""钥匙"",""x"":184.2,""y"":248.8,""cx"":203.5,""cy"":266.2,""angle_rad"":-2.622,""angle_deg"":209.8},{""word"":""天堂"",""x"":170.2,""y"":106.8,""cx"":189.5,""cy"":124.2,""angle_rad"":-2.189,""angle_deg"":234.6},{""word"":""义务"",""x"":325.2,""y"":42.8,""cx"":344.5,""cy"":60.2,""angle_rad"":-1.59,""angle_deg"":268.9},{""word"":""数据"",""x"":540.2,""y"":159.8,""cx"":559.5,""cy"":177.2,""angle_rad"":-0.69,""angle_deg"":320.5},{""word"":""爱心"",""x"":419.2,""y"":68.8,""cx"":438.5,""cy"":86.2,""angle_rad"":-1.247,""angle_deg"":288.5},{""word"":""内容"",""x"":563.2,""y"":175.8,""cx"":582.5,""cy"":193.2,""angle_rad"":-0.593,""angle_deg"":326},{""word"":""现象"",""x"":543.2,""y"":204.8,""cx"":562.5,""cy"":222.2,""angle_rad"":-0.541,""angle_deg"":329},{""word"":""柜子"",""x"":108.2,""y"":246.8,""cx"":127.5,""cy"":264.2,""angle_rad"":-2.774,""angle_deg"":201.1},{""word"":""奇迹"",""x"":587.2,""y"":224.8,""cx"":606.5,""cy"":242.2,""angle_rad"":-0.398,""angle_deg"":337.2},{""word"":""恐惧"",""x"":203.2,""y"":435.8,""cx"":222.5,""cy"":453.2,""angle_rad"":2.461,""angle_deg"":141},{""word"":""膝盖"",""x"":379.2,""y"":560.8,""cx"":398.5,""cy"":578.2,""angle_rad"":1.361,""angle_deg"":78},{""word"":""舒心"",""x"":193.2,""y"":467.8,""cx"":212.5,""cy"":485.2,""angle_rad"":2.365,""angle_deg"":135.5},{""word"":""债务"",""x"":437.2,""y"":367.8,""cx"":456.5,""cy"":385.2,""angle_rad"":0.319,""angle_deg"":18.3},{""word"":""大象"",""x"":417.2,""y"":224.8,""cx"":436.5,""cy"":242.2,""angle_rad"":-0.895,""angle_deg"":308.7},{""word"":""作用"",""x"":557.2,""y"":346.8,""cx"":576.5,""cy"":364.2,""angle_rad"":0.063,""angle_deg"":3.6},{""word"":""纪律"",""x"":363.2,""y"":52.8,""cx"":382.5,""cy"":70.2,""angle_rad"":-1.455,""angle_deg"":276.6},{""word"":""电视"",""x"":284.2,""y"":309.8,""cx"":303.5,""cy"":327.2,""angle_rad"":-2.686,""angle_deg"":206.1},{""word"":""肩膀"",""x"":357.2,""y"":608.8,""cx"":376.5,""cy"":626.2,""angle_rad"":1.475,""angle_deg"":84.5},{""word"":""鼻子"",""x"":325.2,""y"":550.8,""cx"":344.5,""cy"":568.2,""angle_rad"":1.596,""angle_deg"":91.4},{""word"":""斧头"",""x"":224.2,""y"":354.8,""cx"":243.5,""cy"":372.2,""angle_rad"":2.936,""angle_deg"":168.2},{""word"":""风景"",""x"":618.2,""y"":180.8,""cx"":637.5,""cy"":198.2,""angle_rad"":-0.486,""angle_deg"":332.2},{""word"":""熊猫"",""x"":430.2,""y"":243.8,""cx"":449.5,""cy"":261.2,""angle_rad"":-0.729,""angle_deg"":318.3},{""word"":""骗局"",""x"":449.2,""y"":449.8,""cx"":468.5,""cy"":467.2,""angle_rad"":0.78,""angle_deg"":44.7},{""word"":""桌子"",""x"":249.2,""y"":373.8,""cx"":268.5,""cy"":391.2,""angle_rad"":2.673,""angle_deg"":153.2}],""n_words"":90,""words"":[""骄傲"",""冰箱"",""兔子"",""反感"",""协议"",""嘴唇"",""剪刀"",""长颈鹿"",""制度"",""过失"",""友情"",""方法"",""蚂蚁"",""沮丧"",""沙发"",""暴力"",""筷子"",""概念"",""麻雀"",""椅子"",""买卖"",""魔力"",""结果"",""敌意"",""纠纷"",""关系"",""铅笔"",""愤怒"",""团队"",""洗衣机"",""大腿"",""慈善"",""手指"",""性质"",""猫"",""眼睛"",""床"",""鼠标"",""微波炉"",""原因"",""锤子"",""勺子"",""缘分"",""胳膊"",""老鼠"",""兴奋"",""耳朵"",""社会"",""牙刷"",""过程"",""光彩"",""空调"",""乌龟"",""地位"",""创伤"",""死亡"",""快乐"",""身份"",""婚姻"",""错误"",""脚踝"",""老虎"",""冷漠"",""疾病"",""扫帚"",""难过"",""钥匙"",""天堂"",""义务"",""数据"",""爱心"",""内容"",""现象"",""柜子"",""奇迹"",""恐惧"",""膝盖"",""舒心"",""债务"",""大象"",""作用"",""纪律"",""电视"",""肩膀"",""鼻子"",""斧头"",""风景"",""熊猫"",""骗局"",""桌子""],""distance_matrix"":[[0,0.23140325525514113,0.5409155915030381,0.07017883102999063,0.6330413489175962,0.29729087618345357,0.19814917772190474,0.4601461671043241,0.6717763278664823,0.586549270062661,0.37608515904727324,0.6367421189346025,0.5114443823935723,0.041559181528205036,0.26354727489838536,0.10415636900074234,0.29904825944143976,0.7284380218074576,0.4947967007165279,0.2997580893125395,0.38892682972236897,0.41138708610218333,0.6886108470387924,0.2952886936089228,0.41146688380421725,0.3437965620003296,0.18674412825359132,0.04612820344467375,0.3083461879688516,0.23374796377055618,0.27508898024131806,0.6787316408500222,0.17816656952856197,0.7201510163650711,0.4455505939746574,0.2160607968210282,0.25065749445384,0.30270359196981805,0.2689782762422824,0.6898012273907635,0.2702896573076927,0.3538013049577632,0.4527595204369983,0.19843155982646327,0.4386556577274493,0.14801957410237482,0.12917866559619073,0.548078685397751,0.39963430680911594,0.7546380957527951,0.4682694069096831,0.3456272548517591,0.4843944328957334,0.4601461671043241,0.1841146335061037,0.09351830406354537,0.1212199678358503,0.5154606192141773,0.5300721511917618,0.5788241841250115,0.2069517188252413,0.5349374832048843,0.18253989454311206,0.5979384396055747,0.34147030047247107,0.11808959211879705,0.3472456564978019,0.5759358804254686,0.7299824973921277,0.7788103217421202,0.7608005370155948,0.791794702734279,0.737634686498864,0.35615553302414055,0.7795335896590395,0.07122215701835925,0.34684169799799464,0.027710817459489754,0.45640091502038155,0.5597754395479926,0.6511458212036111,0.7394370591296862,0.3132015082635745,0.34859255670413536,0.25895021060264567,0.1991810436025065,0.8602504897820726,0.5541700505355621,0.4420339695440933,0.196191368961509],[0.23140325525514113,0,0.2740156169504214,0.31164514625759887,0.49654747473281413,0.3448745066754654,0.07308464573545796,0.1992316741731046,0.4190070579111662,0.3926573842895655,0.24933923969778096,0.4696493742285071,0.25659066255165575,0.16850677396433045,0.019868480435971343,0.3678385511585239,0.08500499754192015,0.49628920038418506,0.22874310690181346,0.13450287074103587,0.1801042016103222,0.3109291605093256,0.5202232646981473,0.17275949021733064,0.24557298263986171,0.18169658523278992,0.043418462935503,0.229431830464011,0.12227752604976849,0.09591981828812944,0.3756645479852089,0.41678127255160086,0.3583716453117237,0.47428275901097716,0.1785678332221064,0.3497668051168768,0.1594193515821387,0.18674412825359132,0.2707729717670931,0.5017729548831376,0.21946536774037492,0.353994642817897,0.24591105215049847,0.2823017520571755,0.1744264163749514,0.2471471832001184,0.2825136159378395,0.4079898631714075,0.3490736764221595,0.5683179067352491,0.3398305281085129,0.3023988618193792,0.21831824020261392,0.29723134313398736,0.29976202861636003,0.19616287338821234,0.28521394372016173,0.3206182147472461,0.36131165693087813,0.40316247550760503,0.2320802020530226,0.2682400400371726,0.3483620933109473,0.3912359374222684,0.2022664541606412,0.32512910858951793,0.1763483702780573,0.3932092392814221,0.48241645345107553,0.5190144014442303,0.4962792642512323,0.5364292049297564,0.4850114864181011,0.2674389818457094,0.5363806985060272,0.12532650400304476,0.3510639274973263,0.17787595535161643,0.25283204194801323,0.29568371753019457,0.44731572017027804,0.48303840735974973,0.047219179097602586,0.40632182105251996,0.30001011156558205,0.022833727049961547,0.611409489598803,0.2943731398346589,0.30819635670131157,0],[0.5409155915030381,0.2740156169504214,0,0.6188429249875588,0.47002840106943344,0.5577503275127277,0.34351788531882055,0.0671909770328582,0.19015765995513445,0.30321866495280153,0.3494890171693445,0.40200467509511234,0.07563030067282309,0.4770040323564974,0.2524791640526286,0.67739493035246,0.25374203234548787,0.2852345323899667,0.014178067440125359,0.3051510103112672,0.21804757416058787,0.40609455260463695,0.43576071505668307,0.33676709771359514,0.2946732731095004,0.29127179660017616,0.3287730424655636,0.5344463286287425,0.26497466237865774,0.33305523878668525,0.6137841795881426,0.14564490043123096,0.6382281095221406,0.22967096748345947,0.059782868713325256,0.6105941778234636,0.3787975692267785,0.36413752568231184,0.49589409606491414,0.3865299888672099,0.43166466485501914,0.5494262592925476,0.24847560712066744,0.5351574389453866,0.08570367982043958,0.5280528518857465,0.5645078878163999,0.4358307829879492,0.5036015501165935,0.4404463453503591,0.4121814728536141,0.4814667891568507,0.03891377963884472,0.34252343089758325,0.5746295192160045,0.4923398689040921,0.5785467218116932,0.2964365494557923,0.36375726681365106,0.344405454921546,0.4723408439605629,0.003629002078994396,0.6340089103653097,0.30698763585877703,0.34328782278971504,0.6250459039533656,0.2994743377615286,0.35692367603123576,0.25848340872639985,0.22754103477219803,0.20411958535099414,0.2566855908687459,0.21825060073819055,0.4212335691229858,0.29003272784019457,0.43431499173336857,0.5302005992571109,0.48519417671185244,0.22907771093446147,0.01683651340483207,0.31621098417311283,0.22733010732268713,0.19432032431473162,0.6099293158738217,0.5229620280911265,0.31574879756707064,0.34343075684693475,0.050485908101525354,0.36256454394080606,0.30903687300771904],[0.07017883102999063,0.31164514625759887,0.6188429249875588,0,0.7388930344978393,0.3921109952823747,0.24986264425689025,0.5460310275169216,0.7262819426575776,0.689917790524976,0.481729908330107,0.7421208948758896,0.6009926162566386,0.1077481743303632,0.33227677308032894,0.03953116333259981,0.3529827959961285,0.8266101636574495,0.5752981887236034,0.33673161703186866,0.48838851230984703,0.5171316148172107,0.7940528875876876,0.4002409904909496,0.5156979310750157,0.44731572017027804,0.2813486965855762,0.050147896484953304,0.4086267763371409,0.2766540358882143,0.35938306965671213,0.7420665273607238,0.24409857161715592,0.8142931426142607,0.5236664765208348,0.2960862370579438,0.27175021607809724,0.3211963028772507,0.24675445559979928,0.7941277360924451,0.2702248697115601,0.3173581892261167,0.48929796930945796,0.29386028104680684,0.5086840857022275,0.11878405984178066,0.21620247973656997,0.5502905981838538,0.37814348626009564,0.8592765113358911,0.4711637809748865,0.3281525164848714,0.5565734376220725,0.4776428411692615,0.12889789902237472,0.10396725772171517,0.06170131410857173,0.5429402449656363,0.5453627910456245,0.6835798163419706,0.3101276364628929,0.6081995141917985,0.09884917233572241,0.6271883825314678,0.36225916347444564,0.02524517128422925,0.3791258167572272,0.5949532910346115,0.779470369862593,0.8659960651702036,0.8270820331070767,0.8818730021215384,0.8290280650528551,0.3553419519519304,0.8747990009408851,0.16289667301960287,0.4461433445705437,0.13138408974071097,0.557601116642755,0.6429645299866639,0.7537765368947774,0.7961143276325704,0.38883968258704743,0.4385804346431305,0.35712556927421335,0.2677875278269029,0.9535982444144282,0.6410614429287399,0.5477911323339948,0.2787790884525594],[0.6330413489175962,0.49654747473281413,0.47002840106943344,0.7388930344978393,0,0.3751470239500543,0.6038504087426309,0.39769940832988954,0.6920436040196725,0.1352002322131299,0.22588421762316555,0.04736249906103312,0.35970069799944876,0.6228984621083048,0.5341124727527251,0.7538183818525233,0.5903454629256673,0.28321052499079397,0.44287413090040073,0.6528233867880194,0.29100898881615617,0.18674412825359132,0.0625254881951339,0.3115386036495905,0.215288008906386,0.2814153786884168,0.46265564916744634,0.6869249279119103,0.3390837669028819,0.6276188369072454,0.4471515400080303,0.6333376898116735,0.5585336258387319,0.34435330232515793,0.45992225009956433,0.49478673662827427,0.6913514425413883,0.7129098054433531,0.8014525251916841,0.11650894335144078,0.7516915233161865,0.8861934100077277,0.6960528142481217,0.4437596769217007,0.5144815264897047,0.7506486238398971,0.5238058426681811,0.8906491684936652,0.8774598014150318,0.14424030603680224,0.8400991376647783,0.8334545638361617,0.5049891016335805,0.780183334715921,0.8037051937637314,0.6855924090951555,0.7647889377959867,0.7645016443943431,0.8260153629296901,0.0901190899692069,0.40212844041158546,0.5060073078649145,0.833121533544174,0.798989574090364,0.7183691387559052,0.782074533155206,0.6813588870267874,0.8356654468879855,0.7573721321739876,0.46385011473905724,0.6536692648404795,0.4358307829879492,0.3905575395298307,0.7925544970426732,0.3573172717890549,0.5596888854312883,0.30819635670131157,0.573953613647944,0.23027283787559422,0.4266529259037876,0.1585913133881774,0.713883573038865,0.49107454549707513,0.3786859696136382,0.3828237532281852,0.5519412580227722,0.4347084436615359,0.3892596916339266,0.1595073780740732,0.5040424291230838],[0.29729087618345357,0.3448745066754654,0.5577503275127277,0.3921109952823747,0.3751470239500543,0,0.4085643159185305,0.4549405975878107,0.7609813563852932,0.40983558929968833,0.19707300144577666,0.4131452466552316,0.47220296669144646,0.3289035449405225,0.4004319210587147,0.3812388644448187,0.46483320493595803,0.5912482388639942,0.5089971369477523,0.505252993629633,0.30970704822195705,0.17813567190109547,0.4581914780561681,0.185313736786247,0.26022565338375386,0.234002873308775,0.2674389818457095,0.37415193283620357,0.25892329982958784,0.44775599473671895,0.03820188227327257,0.7354871842516475,0.1524685627459882,0.6158967631514457,0.48303076491350316,0.08616001290560664,0.4983791156737687,0.5424741739810242,0.5678276429472869,0.4847855722923125,0.5440103302896141,0.6587267014556961,0.6259592522979767,0.06320928037808513,0.5118210247559323,0.4679835148573096,0.14174062014930378,0.7829950899712343,0.6845051699337582,0.5383453831562071,0.7097876832135728,0.6306658774118046,0.5381888243296197,0.6749780529998167,0.5121901724934497,0.4020409027123649,0.45333002236721454,0.701014812474167,0.7409018099617115,0.3783733306788847,0.08029273840710147,0.5737866882971544,0.5154390403416526,0.7691927547548997,0.5692448182094503,0.4482668667634659,0.5518400550831014,0.7737750615288082,0.8295230529965196,0.713232770865115,0.7968765286596337,0.707396138819143,0.6504008459121818,0.6174423226268906,0.6607238333833457,0.28159035253064246,0.03167215076296729,0.2598905441337615,0.3359430735723367,0.546909476430258,0.4760107531991107,0.8137457226425769,0.4046324551666213,0.02610650770162143,0.010319021038446384,0.36863352359770163,0.7482249674463314,0.5219510827448522,0.2339293664441221,0.3230023494215262],[0.19814917772190474,0.07308464573545796,0.34351788531882055,0.24986264425689025,0.6038504087426309,0.4085643159185305,0,0.28778962699448907,0.4421694901470782,0.5009609818729295,0.35182852309230944,0.578387500798786,0.3494203967072034,0.12162368546461916,0.05850090323913189,0.317388131516654,0.06775457969783258,0.5968697542131307,0.304902792081635,0.07042817237603739,0.28875227302993434,0.4107481910096623,0.628997996138225,0.27044077504408687,0.3531255646881347,0.28739313143519274,0.11816690999468278,0.1640842245713524,0.22907771093446147,0.0049510622150247905,0.4238980451368004,0.45657006364753333,0.3756613355596937,0.5689848143149288,0.2512475819054454,0.3845850675706023,0.05776853603031472,0.09822896244021635,0.16224348692294832,0.6100541575315974,0.11416402957463374,0.2471845573922229,0.2199930753948969,0.3289361632611914,0.22721955398037916,0.1505201295837459,0.3038614074486991,0.34259330246454955,0.25019564116561455,0.676523424415388,0.2668105870532532,0.20012435515518592,0.2761205098481642,0.24079660936504976,0.20030360604373754,0.11490293124562874,0.19941160567447555,0.28619660916448475,0.3102460735166401,0.5119368625983463,0.29260683128557846,0.3279454391818073,0.25589357724667466,0.3668056944177928,0.12702456938398535,0.24743203680187012,0.11960311120871699,0.3515692759333268,0.4979781302176477,0.6013909898748572,0.5419459631268592,0.6234379833179399,0.5750212882364846,0.17505438482304972,0.6318546698089441,0.11458670397133189,0.42788599841449404,0.165901600851922,0.3612750411739637,0.37522742757174393,0.5544567346105791,0.5113791679684685,0.12071385537115233,0.4700911091492315,0.362554589575609,0.016254679403829436,0.7027848819900886,0.38099474430056723,0.4132512237651031,0.06615825492938038],[0.4601461671043241,0.1992316741731046,0.0671909770328582,0.5460310275169216,0.39769940832988954,0.4549405975878107,0.28778962699448907,0,0.28447186983019995,0.24205550351836985,0.24895882140621575,0.3391965808951701,0.027898121191997177,0.4026110927079893,0.1936298734408827,0.5991323155022816,0.21717636047697558,0.28146954757387077,0.0199635358319035,0.2781060277070073,0.11655234854303068,0.3077349274105123,0.38013442839885736,0.23400287330877492,0.1972602730340341,0.1886606911024076,0.240667535587729,0.46435247218357034,0.163069606997612,0.2877038289786694,0.511664121934937,0.2472966503525078,0.5408835059629103,0.24622996777932862,0.02843614785004581,0.5104363131958266,0.3432111042378612,0.3414738041131009,0.46397971841031055,0.3402701403061381,0.4017389142248315,0.5300604726488227,0.2711866354581625,0.4347646242184694,0.084489316013988,0.47358784388757724,0.46837428075373977,0.46707229888493973,0.49684780935810957,0.40143974011487804,0.42781472947656707,0.46540314642315905,0.07259762290152105,0.361790679377968,0.5237751378550033,0.42897931589427146,0.5175832081086347,0.3345572969366919,0.3987379019065788,0.27553512239261374,0.37147348582047646,0.08865053797432583,0.5780323322366624,0.3656319100028311,0.33072569927083056,0.5595912195243685,0.28756486962395733,0.40379435747278086,0.35388272206726057,0.28427369279461046,0.3064512016276998,0.30190602437330055,0.2518548412913114,0.41062089440384597,0.30931275986047974,0.3534041525839783,0.42764363929897076,0.4011585111314079,0.13940154636631977,0.06579431946771905,0.2728357439961851,0.3280181113111244,0.13140781587004954,0.5070698645296776,0.4205505372305218,0.2500338161420787,0.37939968866553087,0.05945010827058364,0.2680138682108513,0.23157636093237569],[0.6717763278664823,0.4190070579111662,0.19015765995513445,0.7262819426575776,0.6920436040196725,0.7609813563852932,0.4421694901470782,0.28447186983019995,0,0.5225076843608351,0.5684929045339825,0.6200994990086178,0.3010791020686563,0.5976255349526657,0.37515988958691626,0.7951971730708726,0.33880158323951876,0.46080932773530636,0.22937699784477864,0.35805294484114925,0.43586441189685843,0.6278976859732889,0.6488022916266242,0.542640997439278,0.5172463401171484,0.5045930219647956,0.4919693557655347,0.6410380110122648,0.4673219313308998,0.4140746377677765,0.8092722774154258,0.039478443418731635,0.811465158158396,0.38998051690766905,0.24323292532326393,0.7954913449798717,0.4320264437044348,0.3942923854861881,0.5239121155505787,0.5942509450513871,0.4643921104891153,0.5442268448225998,0.22016873608224688,0.7226574305294989,0.21601355145977863,0.6008224015428094,0.7356105492427549,0.3332128840547948,0.4764134569165265,0.6403014447112421,0.34984907421918965,0.4774754883379829,0.18750917597661185,0.28792032308723714,0.6354379475503178,0.5876123297398749,0.6614122841469083,0.21108277690005586,0.26644779352284875,0.5662666527912326,0.6634357673552567,0.1603719901745629,0.7017516631509966,0.16360077033073606,0.3576197697314432,0.7149511458860361,0.3245279850869501,0.23169993923262364,0.03381549859760381,0.322235247051445,0.10651762572490595,0.366421386219444,0.35751224156933636,0.415037295294509,0.43580555973222646,0.5728080631046542,0.7417453416820904,0.6272441979402175,0.454463642277283,0.22973071807347953,0.5246908342061025,0.03561727095730675,0.33866394158109303,0.8170668116392726,0.7219949800235607,0.4376656587909622,0.45321111007722903,0.26709876321832204,0.5869335389638696,0.45357856376623956],[0.586549270062661,0.3926573842895655,0.30321866495280153,0.689917790524976,0.1352002322131299,0.40983558929968833,0.5009609818729295,0.24205550351836985,0.5225076843608351,0,0.19021031291497056,0.06319591813547298,0.19543790793196336,0.5574229052410784,0.4181343600935542,0.7204586559144233,0.46520532356801403,0.1497378743162535,0.28103593708893143,0.5290809526988024,0.17729974170408747,0.1963964338086434,0.102636239866531,0.25806085341194257,0.14063492800264987,0.20706605882441745,0.3821127205518728,0.6240231351668322,0.24964043041528797,0.5167992550886246,0.48303840735974984,0.4626583008168266,0.5690700379895217,0.19260185861455806,0.306095688594336,0.5141139172047366,0.5795548806280686,0.5920297347966038,0.6968794421846752,0.07342426833936756,0.640764578680464,0.7751207464201519,0.5481352736476355,0.44746616964279906,0.36205655368010053,0.6690627380544658,0.5161004085595098,0.7441433845696529,0.7550476340465458,0.14000427759538195,0.7009233270421859,0.716268543405954,0.34543660679904997,0.6369720043467508,0.7226522029233255,0.6094235625215096,0.6954747030205165,0.6122788405000238,0.6763879671555364,0.01332279414434309,0.39087673776591175,0.34050556097340484,0.7628551481879322,0.6393546482179085,0.5904784298617197,0.7231173188412637,0.5500221803884994,0.6809164568261085,0.5871605919524646,0.3084421993417567,0.48356546450709653,0.28792032308723714,0.2361259254709092,0.668445578301344,0.22346327380543385,0.49515528333319236,0.3518796698042586,0.5234845396408114,0.10420360687638947,0.25761966886379345,0.031965760357020395,0.5430293040333719,0.3653057982503827,0.43604092433724456,0.39932761002522765,0.4510874392542334,0.3096496555926727,0.2202100504848973,0.14028234259439953,0.409776264805795],[0.37608515904727324,0.24933923969778096,0.3494890171693445,0.481729908330107,0.22588421762316555,0.19707300144577666,0.35182852309230944,0.24895882140621575,0.5684929045339825,0.19021031291497056,0,0.2254595160066233,0.25109556614553397,0.3615412606013472,0.2953924829007084,0.5037289521755363,0.358264322370215,0.3633998242316643,0.3045806143864836,0.41629913363930243,0.096939997696906,0.029336514262665824,0.2770894962145365,0.05010170081149404,0.027710817459489754,0.03717541235755957,0.2038770067450352,0.42605232624290684,0.09543698752152706,0.38031552820471315,0.2668542677525002,0.5308190771764877,0.3436224130673533,0.383653343196731,0.2933667027073963,0.2907864477609189,0.4430701404137077,0.47155991227926625,0.5469548383153644,0.2837073861846189,0.5015909828188664,0.6343363796382032,0.492990141592089,0.22201619968640157,0.33638017572974227,0.4895194264640403,0.29056780522645825,0.6775579875761226,0.6340089103653097,0.3462782060301559,0.6165454122426176,0.5864430765935155,0.3486235039442218,0.5648094418510821,0.542403316580133,0.4241251356072593,0.5033956831879187,0.5673632761783335,0.620880869171925,0.17140480452296816,0.1650673878026988,0.3732222889911343,0.571747375632976,0.6200773331899934,0.48403605361884805,0.5222637954062697,0.45249432124142286,0.6416762408303961,0.6379927681999267,0.480822476148105,0.5823322011876495,0.4746687018063226,0.4176449154956176,0.5522717328976748,0.43045292775013744,0.2982459187379599,0.15239129400188242,0.3151956296481114,0.10417526606546812,0.3287585393059745,0.25785835100179433,0.6122278544730906,0.26712931127157635,0.2373143995717259,0.17809240772050847,0.3002108064220747,0.5178196099331133,0.29949010803846887,0.030982033689010306,0.2501078046651046],[0.6367421189346025,0.4696493742285071,0.40200467509511234,0.7421208948758896,0.04736249906103312,0.4131452466552316,0.578387500798786,0.3391965808951701,0.6200994990086178,0.06319591813547298,0.2254595160066233,0,0.2942449998748839,0.6171063786790004,0.5009191196832533,0.7647196005541577,0.5522560002109814,0.20071201344616468,0.3796511095367628,0.6158562011418809,0.2553265335473609,0.2056849296270938,0.016432446856123696,0.3065014073821071,0.19518048418926495,0.2650669444662453,0.4475345402818667,0.682897891859424,0.3171148139135158,0.5979321830268406,0.4868658615805656,0.5587226198608342,0.588290382102213,0.26132660691166654,0.40296068354072234,0.5277785312029768,0.6614445089772508,0.6778691751721728,0.776054072969226,0.04099260697366194,0.7225337008494943,0.8573963929747768,0.6438615734434605,0.4689454601308884,0.45869156666361,0.7374193500801057,0.5448372084899267,0.8397263699693278,0.8420057698684544,0.08977199698843912,0.7940863313710164,0.8009740981209501,0.4437596769217007,0.7313774465533931,0.7910086352152897,0.6748051043077758,0.7579750868380126,0.7093000554486483,0.7727900713579782,0.03167215076296729,0.4196343646349058,0.43938220014100277,0.8261487688992845,0.7379080431862148,0.6791717261838123,0.7805897698159436,0.6399357942588297,0.7786010056387075,0.6840059205426049,0.38084883802673375,0.5748265173848978,0.3528637820138968,0.3075732806198159,0.7558627361147273,0.27525476490744427,0.5538002911466529,0.34871633071579505,0.5751748969773208,0.18598240141323163,0.3558417788176708,0.07561842952818393,0.6382339920022199,0.45197974868775226,0.4267043695756833,0.4127652896884562,0.5271872325806851,0.35435731649307023,0.3184942167853301,0.16128648225291903,0.4823348303375528],[0.5114443823935723,0.25659066255165575,0.07563030067282309,0.6009926162566386,0.35970069799944876,0.47220296669144646,0.3494203967072034,0.027898121191997177,0.3010791020686563,0.19543790793196336,0.25109556614553397,0.2942449998748839,0,0.4576882042162781,0.25550356969356053,0.6511323533741042,0.2807646288260462,0.21796423419626737,0.050485908101525354,0.3415964110373622,0.12687832245322997,0.30301585091771543,0.331187027560406,0.25505395975223166,0.19195844312314372,0.20257723458771665,0.2894642593324647,0.5208575790984273,0.1923817945816208,0.35072552147155805,0.533966349280786,0.2513580882568972,0.5754495656111304,0.18387402701795266,0.08616001290560664,0.539469970197939,0.4067132860293981,0.40488447339536127,0.5275064232342851,0.2866068772030203,0.46532402665419825,0.5935058123603365,0.326591080366279,0.4637998512063998,0.1406424221602012,0.5346039148551546,0.5053800068355668,0.5213702038100332,0.5592781366805719,0.3453082989792214,0.48616744480888757,0.5286151436485834,0.11581276908441972,0.4189053294920464,0.5853375880700264,0.48797483003217895,0.5768857803478163,0.38575309742251174,0.4514754827641174,0.23448751704550072,0.3998315717038022,0.11062135442146927,0.6384163234238054,0.4085048216401162,0.3933601819845321,0.617363411567966,0.34995188591678794,0.45216939119470456,0.3688589717436187,0.23227259682792095,0.29595477451059315,0.24522039426090353,0.19279279489782486,0.47328416924463096,0.24679188175207734,0.40552287431838807,0.4372299615555552,0.4508077476274708,0.12120312372376266,0.04249434921637401,0.2174427377727978,0.3337712661734444,0.1934396347014415,0.5200616007893001,0.44191224480556984,0.30970704822195694,0.31924706649864726,0.014178067440125359,0.25589357724667466,0.287172190962039],[0.041559181528205036,0.16850677396433045,0.4770040323564974,0.1077481743303632,0.6228984621083048,0.3289035449405225,0.12162368546461916,0.4026110927079893,0.5976255349526657,0.5574229052410784,0.3615412606013472,0.6171063786790004,0.4576882042162781,0,0.19320883031895078,0.16564579293063408,0.2236722510129006,0.6864182016295854,0.43268145561501486,0.2225079888969773,0.35064001852553806,0.40609455260463695,0.6692277226284274,0.27651015836384724,0.3870210732053568,0.3172758348302045,0.14168847918362656,0.030962211065841894,0.27271579454910655,0.1565606069904942,0.32087031711092906,0.6074356124934237,0.2417508415967576,0.6718771846942604,0.3816063602289702,0.26820960363413343,0.17525493990816624,0.2271793412374329,0.2088558095472488,0.6639194747292934,0.20043795491210328,0.2979