"trial_id","rt","stimulus","response","trial_type","trial_index","plugin_version","time_elapsed","participant_number","success","raw_payload","placements","dissimilarity_vector","n_words","trial_category","distance_matrix","value"
"consent_form","2160","
    <div style=""max-width:800px; margin:0 auto; text-align:left; font-size: 16px; padding: 10px 0;"">
      <h1>Informed Consent Form</h1>
      <p>You are being invited to participate in a research study titled <strong>""Reproducibility of Psychological Science and Instruction.""</strong> This study is being done by Dr. Bria Long from UC San Diego and associated graduate students in the Experimental Methods course. You were selected to participate in this study because you are an adult in the U.S. and have been a represented population in previous psychology studies.</p>
      
      <p>The purpose of this study is to better understand how well previously published studies in the psychological field replicate online and with different populations. Your participation in this research should last approximately <strong>5-30 minutes</strong>. If you agree to take part in this study, you may be asked to view a set of stimuli, including pictures, sounds, written text, or videos and then giving some responses via key-presses, verbally, or with paper-and-pencil. We may also observe your choices or preferences among an array of stimuli. These stimuli will be taken directly from or closely adapted from studies that already exist in the published psychological literature. Stimuli will include, e.g., pictures of objects and human faces, audio and video clips, short text passages, etc. None of the stimuli will be disturbing, threatening, or offensive. The online and in-person experiments described in this protocol will take no more than 30 minutes. An example game you might play would be to click on an image on the screen that matches a word you hear being said out loud. Your total expected time commitment for this study is between 5-30 minutes, and is specified in the study description.</p>
      
      <p>Your participation in this study is completely voluntary and you can withdraw at any time. Choosing not to participate or withdrawing will result in no penalty or loss of benefits to which you are entitled. You are free to skip any question that you choose.</p>
      
      <p>We will not be asking for any personally identifying information, and we will handle responses as confidentially as possible. Your SONA or Prolific IDs will never be tied to your responses on this survey. However, we cannot guarantee the confidentiality of information transmitted over the Internet. To minimize this risk, data containing anything that might be personally identifying (e.g. Prolific IDs or IP addresses) will be encrypted on transfer and storage and will only be accessible to qualified lab personnel. We will be keeping data collected as part of this experiment indefinitely. This anonymized data (containing neither Prolific IDs nor IP addresses) may be shared with the scientific community or with other participants to be used as stimuli in future studies.</p>
      
      <p>If you have questions about this project or if you have a research-related problem, you may contact the researcher(s), <strong>Dr. Bria Long, <a href=""mailto:brlong@ucsd.edu"">brlong@ucsd.edu</a></strong>. If you have any questions concerning your rights as a research subject, you may contact the UC San Diego Office of IRB Administration at <a href=""mailto:irb@ucsd.edu"">irb@ucsd.edu</a> or 858-246-4777.</p>
      
      <h3 style=""margin-top: 25px;"">Consent Statement</h3>
      <p style=""font-weight: bold;"">By participating in this research you are indicating that you are at least 18 years old, have read this consent form, and agree to participate in this research study. Please keep this consent form for your records.</p>
    </div>
  ","0","html-button-response","0","2.1.0","2162","mhpnw37d0g_fcfiya","","","","","","","",""
"","39167","","{""participant_date"":""11/26/2025"",""participant_time"":""12:40 PM""}","survey-html-form","1","2.1.0","41331","mhpnw37d0g_fcfiya","","","","","","","",""
"","1822","
    <div style=""display:flex; align-items:center; justify-content:center; height:100vh; font-family:sans-serif;"">
      <div style=""max-width:900px; margin:0 auto; text-align:center;"">
        <h1 style= ""font-size: 24px;"">Welcome! Thank you for participating in the study.</h1>
        <h2 style= ""font-size: 22px;"">The study will be in Madarin Chinese.</h2>
        <h2 style= ""font-size: 22px;"">Please use desktop computers or laptops for the study. Tablets and phones are not allowed.</h2>
        <p style=""font-size:16px; margin-top:30px;""><em>Press any key to continue.</em></p>
      </div>
    </div>
  "," ","html-keyboard-response","2","2.1.0","43155","mhpnw37d0g_fcfiya","","","","","","","",""
"","687","
    <div style=""display:flex; align-items:center; justify-content:center; height:100vh; font-family:sans-serif;"">
      <div style=""max-width:900px; margin:0 auto; text-align:center;"">
        <p style=""font-size:18px; line-height:1.6;"">
          In this task, you will be presented with <strong>90 words</strong> arranged <strong>outside a circle</strong>.<br>
          Your job is to <strong>drag these words into the circle</strong> and <strong>rearrange them</strong> based on their <strong>meaning similarity</strong>.<br><br>
          Words that are <strong>similar in meaning</strong> should be placed <strong>closer together</strong>.<br>
          Words that are <strong>different in meaning</strong> should be placed <strong>farther apart</strong>.<br><br>
          You can place the words <strong>anywhere inside the circle</strong>. There is no single correct answer — 
          we are interested in <strong>your personal judgment</strong> of how these words relate to each other.<br><br>
          <strong>You must move all words into the circle before you can finish.</strong><br>
          After the initial arrangement, you will arrange words from specific categories.
        </p>
        <p style=""font-size:16px; margin-top:30px;""><em>Press any key to continue.</em></p>
      </div>
    </div>
  "," ","html-keyboard-response","3","2.1.0","43843","mhpnw37d0g_fcfiya","","","","","","","",""
"","1503","","","fullscreen","4","2.1.0","46349","mhpnw37d0g_fcfiya","true","{""placements"":[{""word"":""骄傲"",""x"":358,""y"":129.7,""cx"":377,""cy"":147.1,""angle_rad"":-1.438,""angle_deg"":277.6},{""word"":""冰箱"",""x"":257,""y"":551.7,""cx"":276,""cy"":569.1,""angle_rad"":1.896,""angle_deg"":108.7},{""word"":""兔子"",""x"":595,""y"":560.7,""cx"":614,""cy"":578.1,""angle_rad"":0.713,""angle_deg"":40.8},{""word"":""反感"",""x"":357,""y"":129.7,""cx"":376,""cy"":147.1,""angle_rad"":-1.443,""angle_deg"":277.3},{""word"":""协议"",""x"":519,""y"":57.7,""cx"":538,""cy"":75.1,""angle_rad"":-0.971,""angle_deg"":304.4},{""word"":""嘴唇"",""x"":655,""y"":210.7,""cx"":674,""cy"":228.1,""angle_rad"":-0.36,""angle_deg"":339.4},{""word"":""剪刀"",""x"":319,""y"":676.7,""cx"":338,""cy"":694.1,""angle_rad"":1.606,""angle_deg"":92},{""word"":""长颈鹿"",""x"":505,""y"":628.7,""cx"":531,""cy"":646.1,""angle_rad"":1.022,""angle_deg"":58.6},{""word"":""制度"",""x"":475,""y"":322.2,""cx"":494,""cy"":339.6,""angle_rad"":-0.072,""angle_deg"":355.9},{""word"":""过失"",""x"":496,""y"":298.2,""cx"":515,""cy"":315.6,""angle_rad"":-0.206,""angle_deg"":348.2},{""word"":""友情"",""x"":353,""y"":232.2,""cx"":372,""cy"":249.6,""angle_rad"":-1.355,""angle_deg"":282.4},{""word"":""方法"",""x"":426,""y"":212.2,""cx"":445,""cy"":229.6,""angle_rad"":-0.903,""angle_deg"":308.3},{""word"":""蚂蚁"",""x"":532,""y"":614.7,""cx"":551,""cy"":632.1,""angle_rad"":0.952,""angle_deg"":54.5},{""word"":""沮丧"",""x"":269,""y"":224.2,""cx"":288,""cy"":241.6,""angle_rad"":-2.09,""angle_deg"":240.2},{""word"":""沙发"",""x"":263,""y"":630.7,""cx"":282,""cy"":648.1,""angle_rad"":1.795,""angle_deg"":102.8},{""word"":""暴力"",""x"":451,""y"":282.2,""cx"":470,""cy"":299.6,""angle_rad"":-0.398,""angle_deg"":337.2},{""word"":""筷子"",""x"":261,""y"":654.7,""cx"":280,""cy"":672.1,""angle_rad"":1.785,""angle_deg"":102.3},{""word"":""概念"",""x"":449,""y"":228.2,""cx"":468,""cy"":245.6,""angle_rad"":-0.724,""angle_deg"":318.5},{""word"":""麻雀"",""x"":475,""y"":636.7,""cx"":494,""cy"":654.1,""angle_rad"":1.129,""angle_deg"":64.7},{""word"":""椅子"",""x"":219,""y"":635.7,""cx"":238,""cy"":653.1,""angle_rad"":1.925,""angle_deg"":110.3},{""word"":""买卖"",""x"":476,""y"":256.7,""cx"":495,""cy"":274.1,""angle_rad"":-0.482,""angle_deg"":332.4},{""word"":""魔力"",""x"":315,""y"":321.7,""cx"":334,""cy"":339.1,""angle_rad"":-2.543,""angle_deg"":214.3},{""word"":""结果"",""x"":467,""y"":211.7,""cx"":486,""cy"":229.1,""angle_rad"":-0.727,""angle_deg"":318.4},{""word"":""敌意"",""x"":336,""y"":201.7,""cx"":355,""cy"":219.1,""angle_rad"":-1.533,""angle_deg"":272.2},{""word"":""纠纷"",""x"":493,""y"":228.7,""cx"":512,""cy"":246.1,""angle_rad"":-0.57,""angle_deg"":327.3},{""word"":""关系"",""x"":420,""y"":93.7,""cx"":439,""cy"":111.1,""angle_rad"":-1.214,""angle_deg"":290.4},{""word"":""铅笔"",""x"":192,""y"":636.7,""cx"":211,""cy"":654.1,""angle_rad"":2,""angle_deg"":114.6},{""word"":""愤怒"",""x"":313,""y"":236.7,""cx"":332,""cy"":254.1,""angle_rad"":-1.756,""angle_deg"":259.4},{""word"":""团队"",""x"":576,""y"":175.7,""cx"":595,""cy"":193.1,""angle_rad"":-0.57,""angle_deg"":327.4},{""word"":""洗衣机"",""x"":329,""y"":581.7,""cx"":355,""cy"":599.1,""angle_rad"":1.551,""angle_deg"":88.8},{""word"":""大腿"",""x"":597,""y"":242.7,""cx"":616,""cy"":260.1,""angle_rad"":-0.326,""angle_deg"":341.3},{""word"":""慈善"",""x"":441,""y"":147.7,""cx"":460,""cy"":165.1,""angle_rad"":-1.034,""angle_deg"":300.8},{""word"":""手指"",""x"":621,""y"":284.7,""cx"":640,""cy"":302.1,""angle_rad"":-0.164,""angle_deg"":350.6},{""word"":""性质"",""x"":445,""y"":181.7,""cx"":464,""cy"":199.1,""angle_rad"":-0.924,""angle_deg"":307.1},{""word"":""猫"",""x"":453,""y"":654.7,""cx"":465,""cy"":672.1,""angle_rad"":1.228,""angle_deg"":70.4},{""word"":""眼睛"",""x"":637,""y"":264.7,""cx"":656,""cy"":282.1,""angle_rad"":-0.218,""angle_deg"":347.5},{""word"":""床"",""x"":233,""y"":604.7,""cx"":245,""cy"":622.1,""angle_rad"":1.939,""angle_deg"":111.1},{""word"":""鼠标"",""x"":257,""y"":603.7,""cx"":276,""cy"":621.1,""angle_rad"":1.837,""angle_deg"":105.3},{""word"":""微波炉"",""x"":285,""y"":609.7,""cx"":311,""cy"":627.1,""angle_rad"":1.711,""angle_deg"":98},{""word"":""原因"",""x"":498,""y"":182.7,""cx"":517,""cy"":200.1,""angle_rad"":-0.731,""angle_deg"":318.1},{""word"":""锤子"",""x"":165,""y"":597.7,""cx"":184,""cy"":615.1,""angle_rad"":2.13,""angle_deg"":122.1},{""word"":""勺子"",""x"":302,""y"":650.7,""cx"":321,""cy"":668.1,""angle_rad"":1.662,""angle_deg"":95.2},{""word"":""缘分"",""x"":264,""y"":189.7,""cx"":283,""cy"":207.1,""angle_rad"":-2.009,""angle_deg"":244.9},{""word"":""胳膊"",""x"":612,""y"":223.7,""cx"":631,""cy"":241.1,""angle_rad"":-0.37,""angle_deg"":338.8},{""word"":""老鼠"",""x"":419,""y"":667.7,""cx"":438,""cy"":685.1,""angle_rad"":1.314,""angle_deg"":75.3},{""word"":""兴奋"",""x"":268,""y"":129.7,""cx"":287,""cy"":147.1,""angle_rad"":-1.872,""angle_deg"":252.8},{""word"":""耳朵"",""x"":580,""y"":277.7,""cx"":599,""cy"":295.1,""angle_rad"":-0.217,""angle_deg"":347.6},{""word"":""社会"",""x"":527,""y"":116.7,""cx"":546,""cy"":134.1,""angle_rad"":-0.834,""angle_deg"":312.2},{""word"":""牙刷"",""x"":201,""y"":607.7,""cx"":220,""cy"":625.1,""angle_rad"":2.012,""angle_deg"":115.3},{""word"":""过程"",""x"":501,""y"":94.7,""cx"":520,""cy"":112.1,""angle_rad"":-0.95,""angle_deg"":305.6},{""word"":""光彩"",""x"":390,""y"":133.7,""cx"":409,""cy"":151.1,""angle_rad"":-1.282,""angle_deg"":286.5},{""word"":""空调"",""x"":289,""y"":571.7,""cx"":308,""cy"":589.1,""angle_rad"":1.745,""angle_deg"":100},{""word"":""乌龟"",""x"":386,""y"":677.7,""cx"":405,""cy"":695.1,""angle_rad"":1.413,""angle_deg"":80.9},{""word"":""地位"",""x"":438,""y"":9.7,""cx"":457,""cy"":27.1,""angle_rad"":-1.251,""angle_deg"":288.3},{""word"":""创伤"",""x"":355,""y"":91.7,""cx"":374,""cy"":109.1,""angle_rad"":-1.471,""angle_deg"":275.7},{""word"":""死亡"",""x"":245,""y"":317.7,""cx"":264,""cy"":335.1,""angle_rad"":-2.97,""angle_deg"":189.8},{""word"":""快乐"",""x"":300,""y"":141.7,""cx"":319,""cy"":159.1,""angle_rad"":-1.732,""angle_deg"":260.8},{""word"":""身份"",""x"":413,""y"":42.7,""cx"":432,""cy"":60.1,""angle_rad"":-1.295,""angle_deg"":285.8},{""word"":""婚姻"",""x"":466,""y"":140.7,""cx"":485,""cy"":158.1,""angle_rad"":-0.958,""angle_deg"":305.1},{""word"":""错误"",""x"":533,""y"":170.7,""cx"":552,""cy"":188.1,""angle_rad"":-0.676,""angle_deg"":321.3},{""word"":""脚踝"",""x"":568,""y"":225.7,""cx"":587,""cy"":243.1,""angle_rad"":-0.424,""angle_deg"":335.7},{""word"":""老虎"",""x"":353,""y"":670.7,""cx"":372,""cy"":688.1,""angle_rad"":1.506,""angle_deg"":86.3},{""word"":""冷漠"",""x"":325,""y"":83.7,""cx"":344,""cy"":101.1,""angle_rad"":-1.595,""angle_deg"":268.6},{""word"":""疾病"",""x"":301,""y"":173.7,""cx"":320,""cy"":191.1,""angle_rad"":-1.757,""angle_deg"":259.3},{""word"":""扫帚"",""x"":291,""y"":542.7,""cx"":310,""cy"":560.1,""angle_rad"":1.759,""angle_deg"":100.8},{""word"":""难过"",""x"":308,""y"":114.7,""cx"":327,""cy"":132.1,""angle_rad"":-1.676,""angle_deg"":264},{""word"":""钥匙"",""x"":333,""y"":538.7,""cx"":352,""cy"":556.1,""angle_rad"":1.561,""angle_deg"":89.4},{""word"":""天堂"",""x"":288,""y"":316.7,""cx"":307,""cy"":334.1,""angle_rad"":-2.787,""angle_deg"":200.3},{""word"":""义务"",""x"":459,""y"":86.7,""cx"":478,""cy"":104.1,""angle_rad"":-1.091,""angle_deg"":297.5},{""word"":""数据"",""x"":495,""y"":136.7,""cx"":514,""cy"":154.1,""angle_rad"":-0.874,""angle_deg"":309.9},{""word"":""爱心"",""x"":396,""y"":180.7,""cx"":415,""cy"":198.1,""angle_rad"":-1.166,""angle_deg"":293.2},{""word"":""内容"",""x"":480,""y"":70.7,""cx"":499,""cy"":88.1,""angle_rad"":-1.054,""angle_deg"":299.6},{""word"":""现象"",""x"":570,""y"":144.7,""cx"":589,""cy"":162.1,""angle_rad"":-0.666,""angle_deg"":321.8},{""word"":""柜子"",""x"":257,""y"":582.7,""cx"":276,""cy"":600.1,""angle_rad"":1.858,""angle_deg"":106.5},{""word"":""奇迹"",""x"":464,""y"":37.7,""cx"":483,""cy"":55.1,""angle_rad"":-1.147,""angle_deg"":294.3},{""word"":""恐惧"",""x"":375,""y"":105.7,""cx"":394,""cy"":123.1,""angle_rad"":-1.379,""angle_deg"":281},{""word"":""膝盖"",""x"":561,""y"":262.7,""cx"":580,""cy"":280.1,""angle_rad"":-0.295,""angle_deg"":343.1},{""word"":""舒心"",""x"":343,""y"":176.7,""cx"":362,""cy"":194.1,""angle_rad"":-1.494,""angle_deg"":274.4},{""word"":""债务"",""x"":553,""y"":76.7,""cx"":572,""cy"":94.1,""angle_rad"":-0.856,""angle_deg"":310.9},{""word"":""大象"",""x"":564,""y"":588.7,""cx"":583,""cy"":606.1,""angle_rad"":0.833,""angle_deg"":47.7},{""word"":""作用"",""x"":618,""y"":134.7,""cx"":637,""cy"":152.1,""angle_rad"":-0.604,""angle_deg"":325.4},{""word"":""纪律"",""x"":597,""y"":111.7,""cx"":616,""cy"":129.1,""angle_rad"":-0.693,""angle_deg"":320.3},{""word"":""电视"",""x"":198,""y"":569.7,""cx"":217,""cy"":587.1,""angle_rad"":2.082,""angle_deg"":119.3},{""word"":""肩膀"",""x"":660,""y"":241.7,""cx"":679,""cy"":259.1,""angle_rad"":-0.27,""angle_deg"":344.6},{""word"":""鼻子"",""x"":658,""y"":276.7,""cx"":677,""cy"":294.1,""angle_rad"":-0.169,""angle_deg"":350.3},{""word"":""斧头"",""x"":290,""y"":677.7,""cx"":309,""cy"":695.1,""angle_rad"":1.689,""angle_deg"":96.8},{""word"":""风景"",""x"":661,""y"":424.7,""cx"":680,""cy"":442.1,""angle_rad"":0.272,""angle_deg"":15.6},{""word"":""熊猫"",""x"":600,""y"":535.7,""cx"":619,""cy"":553.1,""angle_rad"":0.647,""angle_deg"":37.1},{""word"":""骗局"",""x"":567,""y"":97.7,""cx"":586,""cy"":115.1,""angle_rad"":-0.783,""angle_deg"":315.1},{""word"":""桌子"",""x"":219,""y"":566.7,""cx"":238,""cy"":584.1,""angle_rad"":2.017,""angle_deg"":115.6}],""n_words"":90,""words"":[""骄傲"",""冰箱"",""兔子"",""反感"",""协议"",""嘴唇"",""剪刀"",""长颈鹿"",""制度"",""过失"",""友情"",""方法"",""蚂蚁"",""沮丧"",""沙发"",""暴力"",""筷子"",""概念"",""麻雀"",""椅子"",""买卖"",""魔力"",""结果"",""敌意"",""纠纷"",""关系"",""铅笔"",""愤怒"",""团队"",""洗衣机"",""大腿"",""慈善"",""手指"",""性质"",""猫"",""眼睛"",""床"",""鼠标"",""微波炉"",""原因"",""锤子"",""勺子"",""缘分"",""胳膊"",""老鼠"",""兴奋"",""耳朵"",""社会"",""牙刷"",""过程"",""光彩"",""空调"",""乌龟"",""地位"",""创伤"",""死亡"",""快乐"",""身份"",""婚姻"",""错误"",""脚踝"",""老虎"",""冷漠"",""疾病"",""扫帚"",""难过"",""钥匙"",""天堂"",""义务"",""数据"",""爱心"",""内容"",""现象"",""柜子"",""奇迹"",""恐惧"",""膝盖"",""舒心"",""债务"",""大象"",""作用"",""纪律"",""电视"",""肩膀"",""鼻子"",""斧头"",""风景"",""熊猫"",""骗局"",""桌子""],""distance_matrix"":[[0,0.6336635750717431,0.718478722731101,0,0.2566838468177622,0.4491333475622989,0.801214151968874,0.762915759260796,0.3282603295380088,0.31732878491611405,0.1487442286680398,0.15502419945735105,0.7527353536716995,0.18854301896005388,0.7449185283814743,0.2599834882230006,0.7799863734899802,0.19482124421292563,0.7601373090033214,0.7666065845927316,0.2522809037144119,0.28652889009232835,0.1981855739887841,0.10873280329782864,0.24357431068330548,0.1034747033492511,0.7793980781996181,0.16843934740773206,0.32464980701518126,0.6609131639416157,0.38549126305432474,0.12284767222036079,0.4453709854116763,0.1468910786843607,0.7777006461169875,0.45220389109600356,0.720141778507403,0.7079068394855342,0.7077240951276902,0.21764727779171625,0.7395126197976276,0.7655179620262841,0.1617637715843328,0.39495933391435395,0.7910539857486273,0.13026954936414406,0.38906800450081463,0.24663284268157387,0.7349592010732037,0.2140239738433838,0.04573929421965819,0.6533286166872404,0.8016917784150267,0.2096345173617551,0.05433006765024454,0.3195947606404102,0.08522903062824866,0.14919106778704996,0.15743402889598546,0.26162033485732566,0.3365090458993457,0.7904333316545906,0.08140049323158564,0.10393306304359314,0.61094856995561,0.07494382664418475,0.59830805532241,0.2907971017772291,0.1592106013047213,0.19932516750237345,0.09162825567821617,0.19689368049635936,0.3096170505749596,0.677874181776261,0.20397677537833298,0.04158508808349609,0.3537610150803578,0.07074893197515902,0.29431293400219705,0.7349359268405695,0.37916938949975987,0.34935199720776144,0.6838243793608446,0.46999403810011764,0.4875291513324375,0.8067971724324274,0.617518196766004,0.6903584884446848,0.30801513251251605,0.6697521647514827],[0.6336635750717431,0,0.49344319765258227,0.6333244756441595,0.8170066558246845,0.7656687865237461,0.20276873755428176,0.3884256234818742,0.46184910237650983,0.5084918027773311,0.4868435444274266,0.5536276138642118,0.41148211260006573,0.478220648017423,0.11450184089489582,0.4845787531911869,0.14941132861107137,0.5491614674879847,0.34102085913935554,0.13348302773683396,0.5363071605541407,0.34572709545558045,0.5834682718521882,0.5237201238515562,0.5840631568618324,0.7101021327777078,0.15515933657887065,0.46683199090460165,0.7202724014177365,0.12222567950592768,0.6710133598077572,0.6483148405598399,0.6592890954722758,0.6060064654891636,0.3135896126579985,0.695555505779759,0.08840812600628893,0.07464884289406007,0.0976906839844716,0.6436324839319737,0.14909148953207219,0.1577101914154321,0.5284957649658252,0.7059894548233604,0.2901770143784525,0.6164286875918827,0.6185055844834423,0.7479249727022383,0.11445564500265253,0.7568205269289853,0.6405881589521832,0.0537704756603063,0.26247807625992214,0.8349307103949056,0.6869498190308101,0.3414928272100024,0.6019458910405757,0.7777666348191503,0.6734318665405266,0.6871567439507128,0.6580103518993881,0.22232970657441617,0.6907423835065589,0.5555516629627075,0.05001620423537724,0.6425156291172816,0.11139338350067553,0.3454863529339084,0.7406047472938896,0.6987754502774385,0.5784323679556858,0.7745610996484059,0.7500561098649334,0.04391108405532945,0.8095980445689114,0.6738095210714921,0.6124841648409468,0.561673956193286,0.8177405628582668,0.4511448244635949,0.8058450241693954,0.8124392925518017,0.08882433915024837,0.7427381347045088,0.7102421240479814,0.18918323596175826,0.6184019049096166,0.5011322828677808,0.8031948480226795,0.05833352801999051],[0.718478722731101,0.49344319765258227,0,0.7191851356632023,0.7431353063930776,0.5183053853490401,0.43674848046457077,0.15558962984683586,0.3893264429913456,0.40917537266237014,0.5957490134259589,0.5654509918058237,0.1199883546829661,0.6843060532646246,0.4951696009598115,0.4574444753239795,0.5064053137811144,0.530068537850622,0.20644393245850948,0.5597303354492282,0.47637866064577683,0.5373718002293957,0.5426420974829491,0.6464823309640637,0.5069028485324105,0.7285029494052613,0.5988061520695814,0.6272473413968501,0.5627476880859748,0.37887940688754185,0.46400299377161514,0.6437038835289279,0.4043068169032427,0.5951473766660574,0.2564015186103162,0.43613203099626097,0.5424688191391114,0.4972553053527357,0.44780007639393626,0.5697424477162343,0.6302542156559,0.4471773231191363,0.7262807340615051,0.49243135409363065,0.30001999240153426,0.7904116878794306,0.41334564268145085,0.6559979675604082,0.5793239043196572,0.6943603498246382,0.691834082137815,0.44671865335259153,0.3491229105069359,0.8371370956062268,0.7696743348053237,0.6221990893300468,0.748583659242736,0.8021717869134055,0.6416350739362775,0.5765488085868254,0.4904667538882265,0.3876280386181647,0.8008123521479418,0.7099094115691122,0.4442812660265751,0.7748302280432413,0.38337602626851586,0.5725336541787738,0.7203243471409918,0.6361733539195121,0.6263965575883491,0.7352384345121766,0.6085352081566031,0.49431471317845516,0.7877015413532491,0.7382856692806963,0.43754954672000756,0.6708205869172376,0.7096307768981395,0.0596798429062796,0.6229818308490548,0.65574537502822,0.5797756101575344,0.4750519324116936,0.42433295186002457,0.47668568457874183,0.2198024638095106,0.03585354294167867,0.6774688107580666,0.5489586171102837],[0,0.6333244756441595,0.7191851356632023,0,0.2580207108683493,0.45054563913998064,0.8011113851155595,0.7633486739441382,0.32902291960079144,0.31825821105068436,0.14868003114477185,0.1559592177043668,0.7532308866990584,0.18754250061962263,0.7446472249646487,0.2607485534651149,0.7797217639980175,0.19581742747383682,0.7604677713264412,0.7662201607815107,0.2532794625088736,0.28621255162503373,0.19935717508040363,0.10831400733647932,0.244756169404919,0.10474304049653632,0.7789438689569655,0.16787728622951376,0.32608211292480893,0.6608436195821996,0.3868150213166396,0.12427850603789459,0.44663260050362263,0.1481493505088272,0.7779439517724571,0.4535219033735176,0.7197512531203976,0.7076032465483366,0.7075261948273628,0.21901678044408687,0.7389558246854903,0.7653629170468027,0.16053189822689468,0.3963323741249963,0.7912202222591562,0.12880584656229974,0.39028672021097915,0.24809225937545332,0.7345037652614679,0.21544599042784707,0.04719203283949835,0.6531044520259583,0.8017677988740766,0.21044993320318467,0.054233987381858535,0.31884316743695174,0.0837962001536867,0.14997826355893182,0.15889026676956056,0.2630456587700821,0.33784079195945876,0.7904211571038536,0.08055591254276982,0.10277824712652009,0.6107158861916943,0.07354303284719747,0.5982205332547198,0.29028718527598435,0.16055834648846334,0.2007869771930048,0.09251012082658466,0.19821239955515177,0.3110771203327245,0.6775571612507544,0.2050844194116557,0.04244738125348514,0.35498624814861623,0.07031745259819917,0.2957256432436211,0.7355364575990423,0.3806328227579671,0.35081158355182324,0.683325550687598,0.47136667811833116,0.488843965255223,0.8066182329813001,0.6185677839060025,0.691109052119132,0.30946205353933465,0.6693099467128384],[0.2566838468177622,0.8170066558246845,0.7431353063930776,0.2580207108683493,0,0.2981666645002329,0.9506870641139371,0.8343733980519407,0.3910058979914255,0.3521629258674741,0.35106160395667185,0.2624872077715948,0.8140407794557627,0.4381889833561571,0.9171366314037126,0.3418806984847698,0.9504755320606498,0.2683116540453365,0.8484637852991532,0.9517249154877069,0.29653554758087053,0.4868780944103433,0.23644992032636722,0.339377967186702,0.25170611256870973,0.1527261156847607,0.9718381294792579,0.3979877375109114,0.1903483923472761,0.8109440965563801,0.29240539269093313,0.17285832349984806,0.36279837699386436,0.20989822542230416,0.8788753553832394,0.3472940142077159,0.906808409051536,0.8849651551424699,0.8721510880699916,0.18406315342902796,0.9436350397864517,0.9228017435797108,0.4188229522087219,0.27704398008043163,0.9033130284317169,0.38074214416373076,0.33269999948125245,0.08568501943543153,0.9284473189006771,0.05876193156900179,0.21768638554814632,0.82276604714041,0.9266773880563357,0.1363499595604373,0.24368794643989292,0.5514130977469736,0.34185807819543756,0.15523455229267288,0.1426794423762968,0.16519928556517507,0.2546842875209108,0.9281028214136534,0.28503345386670925,0.35998495316729645,0.7829622006790864,0.31844829270145336,0.7533827471417144,0.5065107643710126,0.09607866433641801,0.1193871031806938,0.2531448646973184,0.05870854792633153,0.14614548161067983,0.8573557307560109,0.08419730746849179,0.2207107614252665,0.30482813089658256,0.309506838396083,0.05554559537272108,0.7785484505660051,0.18211287327243625,0.13739533734009993,0.8830597844026287,0.3378407919594588,0.3782028599530051,0.9659552701062781,0.5745233427760286,0.7081604891582148,0.08999137186798148,0.863336952175677],[0.4491333475622989,0.7656687865237461,0.5183053853490401,0.45054563913998064,0.2981666645002329,0,0.8394357861671211,0.6451766057500454,0.30845527564624325,0.2641781937722027,0.44169332064941197,0.3337314294230792,0.6166713518030306,0.5638710169369839,0.8394510727009843,0.3149408052156281,0.8674038915187975,0.30114512570082996,0.6754509743211536,0.8897390065494996,0.2690521769490096,0.5220449050994632,0.2737163167439527,0.46564328462821714,0.23711536397063562,0.38277988911613825,0.9194426861807559,0.5005671547655052,0.12500902829312108,0.7147073964663151,0.09549486987047197,0.32506014704942626,0.11773599735124166,0.3088309346285743,0.7168207645676815,0.08185172128332228,0.8511064288607292,0.8172330466906504,0.7880815218890304,0.2319636257491705,0.9124648721631918,0.8242112942204757,0.571668936848595,0.0642889811761659,0.7513762919066664,0.5772637284783725,0.14573852365200882,0.2309840999398473,0.8812898628176077,0.28073880473864704,0.4024599303134165,0.7509948591759036,0.7873756980702582,0.431480683121085,0.47093149546950763,0.6187543447471548,0.5278748587329343,0.42974026091591805,0.29354050422593136,0.18646114495868948,0.12775729937364205,0.8039772508624162,0.5160934117920274,0.5195096402245492,0.7196532173553801,0.5255201264253428,0.67131117290166,0.5576726833407655,0.3380143871970393,0.25656347992070433,0.38016996260606845,0.32656577823922533,0.156052754296205,0.7959360060472108,0.3757345255823136,0.43624217493279144,0.15577368077834763,0.4579151717390944,0.24503010706103812,0.5676231183277287,0.12226031669011485,0.16647984982775388,0.8491604777550086,0.04449749746138996,0.0952404285428605,0.866098519673679,0.31189178779623034,0.48100347036083574,0.2081730838678599,0.822422867215139],[0.801214151968874,0.20276873755428176,0.43674848046457077,0.8011113851155595,0.9506870641139371,0.8394357861671211,0,0.289636574269984,0.5654377648103507,0.6101316001058876,0.6510527243509165,0.696231775276331,0.32324417426497565,0.6648929256675703,0.10461184002236408,0.6074335840558008,0.08933307485520861,0.6820279110724793,0.23426062334673806,0.1567313566846463,0.6548385013588768,0.5181837756578961,0.7128007687115344,0.6942402593788782,0.7019974066871388,0.8645858804061299,0.19342875123760223,0.6426254059772781,0.822706260918524,0.13979688886925812,0.7529327539664715,0.7931597747377387,0.7228370243504411,0.7461732797517209,0.18719504029241082,0.760320135664573,0.17068790876711948,0.13872357446852726,0.10426793061558738,0.7676100992618573,0.2518753041640106,0.044005418433368235,0.7158910523462123,0.7882009065803103,0.14549818143529816,0.802654173198198,0.6964048655189182,0.8729244681885767,0.1986143514529667,0.8910926165055724,0.8000923468852225,0.15837505583827172,0.09661530746870121,0.9902422040984084,0.8564222365218658,0.5350527606813313,0.7821109692754756,0.9366681733640777,0.8120509376364575,0.8026834801643375,0.7525947277075316,0.04907115312369744,0.8665564869821539,0.7352500669419983,0.1989086037139466,0.8212948261760543,0.2015640641772601,0.5274193342696617,0.8861003796930821,0.8298576397479103,0.7332290842812409,0.9163106357318364,0.859543218960815,0.16335729195358442,0.957620228395585,0.8383203931970357,0.7004424577021803,0.7312303058713464,0.9411836296162684,0.37957443214470904,0.9045730607772078,0.9202147379036679,0.2349594168916213,0.8075628509033603,0.765998262828648,0.041008907209442357,0.6203395746906092,0.4587119810729199,0.920488986099211,0.21613136197675872],[0.762915759260796,0.3884256234818742,0.15558962984683586,0.7633486739441382,0.8343733980519407,0.6451766057500454,0.289636574269984,0,0.45041823953595245,0.4828566218097485,0.623818844482491,0.6210287243518368,0.034269836509391444,0.6892260731326757,0.36301005131678676,0.5135085681134128,0.36789148334418037,0.591957679581264,0.05394474694562512,0.427523592210393,0.5455774735389182,0.5324528677919338,0.6124440332526961,0.6745467667325618,0.584677541683955,0.7931112425148222,0.46706754120530886,0.6420080837140099,0.6681783294449529,0.2651753851620758,0.5770619364691877,0.7102059999048137,0.5267221285066908,0.6601202487188536,0.10236638478928967,0.5618641462946905,0.418626651272463,0.37356997544336457,0.3217495842486724,0.6516692884282504,0.5084639690570594,0.3075960260121596,0.7365459329251974,0.6091390042650205,0.14614548161067983,0.8115662212963753,0.521848431264547,0.748273677146256,0.4547844583241308,0.78031940729218,0.7447505902781061,0.3354360432845825,0.1964178729711501,0.911019706054734,0.8174489103027394,0.5984937741381804,0.7759719509378049,0.8684204261610563,0.7159896021890859,0.6696164970659023,0.5940762994752046,0.23924755213354915,0.8419060510017752,0.7326470950079638,0.3456437804011837,0.8079679168690893,0.2917923589187378,0.5607201351075712,0.7956471264469815,0.719107835794172,0.675900253323588,0.816624397337583,0.7120369913023686,0.37780482584677966,0.866433069449001,0.7898812304711932,0.5390312253637654,0.7048620049068092,0.8087258780737059,0.09456234074736256,0.7380640805403488,0.7654299673710965,0.4661818978303411,0.6049987281690288,0.556320384506738,0.3312993994714978,0.3682972918391025,0.1859417070710733,0.7799205722470437,0.4368975700571275],[0.3282603295380088,0.46184910237650983,0.3893264429913456,0.32902291960079144,0.3910058979914255,0.30845527564624325,0.5654377648103507,0.45041823953595245,0,0.04521441982849565,0.22044059347167233,0.17479553202496462,0.43472280198343927,0.3324402406104548,0.5464310698577656,0.06681454220539157,0.5773049113198078,0.14129047432061706,0.4588708283781928,0.5909622085178052,0.09442000337177807,0.23272988900826827,0.16069878054877104,0.26779893891055406,0.13790547867130457,0.3425446032169007,0.6178041131480044,0.26665472996789086,0.25899006781568207,0.4294252687953436,0.21167600307937293,0.2587555285263491,0.21917341267825896,0.20882230724155404,0.487065060641756,0.2501495335726018,0.5497273022874188,0.5196766777558625,0.4973675220102675,0.20547949414890743,0.6055764845435238,0.5419649153285748,0.36322233711747387,0.24551310416840133,0.5108453464519932,0.4122887310482454,0.1654577887251108,0.3088076311033412,0.5777378479134966,0.3336962738995372,0.30119821993727863,0.4540425140112686,0.5349414382482837,0.4591383592586063,0.378902641794786,0.33525237020006704,0.366520758987446,0.41758561580965536,0.264524766576397,0.2359823234518804,0.19470114383221568,0.5389900991419351,0.4109324511269848,0.33336371198029296,0.4188924003839321,0.38840158229470784,0.3775088525515635,0.27236708327784825,0.344032949298021,0.27162672345182426,0.23574309897964293,0.36673029332327833,0.29321442573888806,0.4957306301743503,0.415270890012541,0.34759872849593093,0.15160525277953016,0.2860868501227129,0.3755761667778346,0.4097905528705399,0.3436886220319734,0.3546532637485192,0.5422486957431982,0.2938462725554037,0.2745490829610863,0.5851237553077828,0.30938711060095253,0.3606578198751213,0.3536592242538878,0.5166876058949952],[0.31732878491611405,0.5084918027773311,0.40917537266237014,0.31825821105068436,0.3521629258674741,0.2641781937722027,0.6101316001058876,0.4828566218097485,0.04521441982849565,0,0.22906368007101036,0.16084239310829812,0.4647853787294818,0.34800587810712963,0.5928163084673651,0.06844247331973635,0.6235172544931542,0.12194823206318456,0.49495224073400274,0.6376152403280982,0.06596598909694987,0.2656901280726098,0.13207260801527096,0.2720265316717239,0.1003583699450562,0.3178659675517652,0.6644780442188367,0.281115296828232,0.21268882287399601,0.47502102124179674,0.16721971037150352,0.23307269178720696,0.1825630932994923,0.1846813738449512,0.5254535504922399,0.21066339734996156,0.596405142598808,0.5662780109226777,0.5435533617916263,0.16761931441459402,0.6519140296757563,0.5874693563268489,0.3734164172717988,0.2003269860622281,0.5509929794574789,0.41350636733823776,0.12509581511764573,0.2680454818788476,0.6243702408890137,0.29648971184302153,0.2849745585588977,0.5005911589822986,0.5768753550918142,0.4292636450193661,0.3645300535109146,0.3670327436876273,0.36565516572494766,0.39175032265424137,0.2332142373405711,0.19285765977882932,0.1480938510704956,0.5825615104916709,0.40005868314309195,0.3371716194587924,0.465558998524817,0.38306484097287086,0.4237898247967077,0.30418832002568186,0.31281087723830975,0.23492883124019973,0.2243750148584497,0.33235120265891743,0.24796023081731328,0.5423984090421458,0.38269694166833346,0.33133883167131345,0.10694174735998598,0.2845067053435596,0.33330931948269293,0.43523577506394934,0.29713256564976587,0.30897675769262367,0.5886032611025656,0.2524296721585653,0.23773529694860193,0.6305716583520123,0.30285714703503835,0.37803424044294776,0.3098657455196822,0.5631941575868075],[0.1487442286680398,0.4868435444274266,0.5957490134259589,0.14868003114477185,0.35106160395667185,0.44169332064941197,0.6510527243509165,0.623818844482491,0.22044059347167233,0.22906368007101036,0,0.10932419336012368,0.616675250985756,0.12204367492087928,0.5965126360730619,0.15957021598020604,0.6314422180564134,0.13917368851396303,0.6169472665823451,0.6208566160649497,0.18210849679204033,0.14085646439395666,0.16807485144245582,0.049645521111024105,0.2035187164512852,0.2237337636559488,0.6357788582579906,0.0574537441194082,0.33525555153880165,0.5107052335976588,0.35601031075476935,0.17710953871235846,0.39826452817677593,0.15215014547479608,0.6317552588910939,0.4169409340079623,0.5745833177690008,0.5601639450686394,0.5582514448710707,0.2227994984241972,0.6001417420430628,0.6156276526316802,0.14289665276432686,0.3778394233920623,0.6432575063214212,0.19344111781523296,0.33740562451855904,0.30422336483020296,0.5914791226105773,0.2942269062207822,0.15254711713691818,0.5042159590268387,0.652402418214855,0.3471657550652787,0.20420737542897188,0.20015704137813536,0.15204550862853464,0.28947921703709384,0.21135913758876743,0.27695646391638834,0.3133761840573468,0.6403699758068879,0.21972620040145038,0.11310084940189108,0.46198780598387873,0.18270274339488818,0.4481152992895666,0.15457861796561687,0.2620282118117493,0.24901451068491212,0.09673810241036247,0.29925955027154466,0.34100912980091863,0.5304593682113465,0.3263248517917063,0.18647397001570729,0.3062421721552796,0.08107992168506908,0.3693481489008452,0.6048931807511062,0.4118379962167331,0.39685780989088315,0.542142295448201,0.4481081511256814,0.4496922652269395,0.6571037506778659,0.5301652648963554,0.5712936023762178,0.3684978575674623,0.5259696749773614],[0.15502419945735105,0.5536276138642118,0.5654509918058237,0.1559592177043668,0.2624872077715948,0.3337314294230792,0.696231775276331,0.6210287243518368,0.17479553202496462,0.16084239310829812,0.10932419336012368,0,0.6077642364871555,0.2290079118137135,0.6559185335974076,0.10733382958745726,0.6897872825525545,0.03954610487046275,0.6240038390696239,0.6884998551220232,0.09650876069275985,0.22675779370970273,0.058552574416409965,0.13116303726528872,0.09953444212611562,0.17220727150254403,0.7080265039783766,0.16777762595185444,0.22449830610151375,0.5551866294398479,0.25277962001673765,0.09546448269365272,0.3030471683400861,0.051132945696029185,0.6468860100824319,0.3167940614531011,0.6433239634333672,0.6226871306107078,0.6125282193249101,0.11242563804008557,0.6799544079297593,0.6655388545498951,0.2379322625377319,0.27130488407768616,0.665331647042226,0.25942977392638783,0.24348795598286155,0.20199230292975565,0.6645536426493734,0.20257064018087712,0.12494336942892702,0.5616516046390769,0.6824008185756386,0.2954560861437477,0.20325202322419234,0.30518552748875133,0.2098690815780298,0.24736254473456065,0.11845501214469259,0.16651971016406852,0.20731927736580946,0.6780968751309241,0.2377666432307167,0.18998084620148428,0.5210910098240269,0.22258444885088915,0.4954439969774912,0.2519059580460232,0.1884753537505085,0.14824418898750832,0.062207369078383395,0.22021963152908783,0.23131681887071007,0.5945909622447173,0.2599384146531762,0.1713725775920544,0.20950888668648082,0.1306694277953497,0.2703646662107325,0.5854724516109758,0.30159789754031907,0.2888563148142983,0.6191708811136576,0.3437537913694736,0.3509947465727722,0.7083736810208379,0.46228125844740015,0.5361921131058525,0.2643958620319821,0.599402342604123],[0.7527353536716995,0.41148211260006573,0.1199883546829661,0.7532308866990584,0.8140407794557627,0.6166713518030306,0.32324417426497565,0.034269836509391444,0.43472280198343927,0.4647853787294818,0.616675250985756,0.6077642364871555,0,0.687657851373781,0.39296821909162893,0.49945049026389327,0.3994973693374528,0.5771549731800458,0.08796602299058845,0.4577052552563068,0.5289140113191977,0.5322120538590384,0.5960319006202006,0.667666236048705,0.566402054226403,0.7785470772362635,0.49723597361840255,0.6379667229545142,0.6443212435105838,0.28945988659659744,0.551283268289201,0.694942033246306,0.49881655379855,0.6449860707045656,0.13736447634624355,0.5333890033203592,0.44666845786552734,0.4013764536188433,0.34990119589154045,0.6328112644036958,0.5362912247139382,0.3392868124577946,0.7339635703132771,0.5827004338274634,0.18122376405768828,0.8067878950643312,0.4967825369214677,0.7274970311189496,0.4831302530375051,0.7610130722631063,0.7326164512121558,0.3597418508358924,0.23128345331918895,0.8947014116433573,0.8067043939589855,0.6030615024850999,0.7696632216648722,0.8537008229755385,0.6990247602905951,0.6484219895289074,0.5703497391341869,0.2730615521517718,0.8327313307614933,0.7272221814833633,0.36669465180308414,0.8004744709965378,0.31033248015593706,0.562280438487539,0.7787228437944487,0.7002791408261075,0.6642427495014462,0.7984200815223392,0.6887214481243858,0.4037705531608453,0.848937547882273,0.7781967991944829,0.5155052691039849,0.6967777655612555,0.7866080767583719,0.058886309763321966,0.7123011796659106,0.7409006160708845,0.4918302007218717,0.5757494967720482,0.5265253662929165,0.36455858929574275,0.3346816288281885,0.15110581354384892,0.7570027407528868,0.4620311423488224],[0.18854301896005388,0.478220648017423,0.6843060532646246,0.18754250061962263,0.4381889833561571,0.5638710169369839,0.6648929256675703,0.6892260731326757,0.3324402406104548,0.34800587810712963,0.12204367492087928,0.2290079118137135,0.687657851373781,0,0.5935962960263601,0.27813035284298926,0.628769144209042,0.2620678469586835,0.6734163908929651,0.6052799510606599,0.3052344295698813,0.15633303140001378,0.2889264119069518,0.10198654097576547,0.3264718788108786,0.2906587053009569,0.6127427761786676,0.0654877017599907,0.4534659832066899,0.5309203399768636,0.47939385660651174,0.27407130317721784,0.5213144070208114,0.263552412183975,0.6798412120261604,0.5404311191746665,0.5590202860356139,0.5542891396731674,0.5637971137531214,0.33918384115193534,0.5660270115355835,0.62467142002123,0.04956161508454629,0.5005868916498609,0.68381226478607,0.1368639562149205,0.4604342656090873,0.4076412303136418,0.5686222325961052,0.38743596168152766,0.21970198429636323,0.5080147432515678,0.684060766105284,0.39824040877103906,0.22974690782583299,0.13982911396288542,0.12753535731342416,0.3376552625245743,0.31171824970170364,0.3928086313625205,0.436188942157939,0.663544420011346,0.21991983388227312,0.08604381541764679