"trial_id","rt","stimulus","response","trial_type","trial_index","plugin_version","time_elapsed","participant_number","success","raw_payload","placements","dissimilarity_vector","n_words","trial_category","distance_matrix","value"
"consent_form","69981","
    <div style=""max-width:800px; margin:0 auto; text-align:left; font-size: 16px; padding: 10px 0;"">
      <h1>Informed Consent Form</h1>
      <p>You are being invited to participate in a research study titled <strong>""Reproducibility of Psychological Science and Instruction.""</strong> This study is being done by Dr. Bria Long from UC San Diego and associated graduate students in the Experimental Methods course. You were selected to participate in this study because you are an adult in the U.S. and have been a represented population in previous psychology studies.</p>
      
      <p>The purpose of this study is to better understand how well previously published studies in the psychological field replicate online and with different populations. Your participation in this research should last approximately <strong>5-30 minutes</strong>. If you agree to take part in this study, you may be asked to view a set of stimuli, including pictures, sounds, written text, or videos and then giving some responses via key-presses, verbally, or with paper-and-pencil. We may also observe your choices or preferences among an array of stimuli. These stimuli will be taken directly from or closely adapted from studies that already exist in the published psychological literature. Stimuli will include, e.g., pictures of objects and human faces, audio and video clips, short text passages, etc. None of the stimuli will be disturbing, threatening, or offensive. The online and in-person experiments described in this protocol will take no more than 30 minutes. An example game you might play would be to click on an image on the screen that matches a word you hear being said out loud. Your total expected time commitment for this study is between 5-30 minutes, and is specified in the study description.</p>
      
      <p>Your participation in this study is completely voluntary and you can withdraw at any time. Choosing not to participate or withdrawing will result in no penalty or loss of benefits to which you are entitled. You are free to skip any question that you choose.</p>
      
      <p>We will not be asking for any personally identifying information, and we will handle responses as confidentially as possible. Your SONA or Prolific IDs will never be tied to your responses on this survey. However, we cannot guarantee the confidentiality of information transmitted over the Internet. To minimize this risk, data containing anything that might be personally identifying (e.g. Prolific IDs or IP addresses) will be encrypted on transfer and storage and will only be accessible to qualified lab personnel. We will be keeping data collected as part of this experiment indefinitely. This anonymized data (containing neither Prolific IDs nor IP addresses) may be shared with the scientific community or with other participants to be used as stimuli in future studies.</p>
      
      <p>If you have questions about this project or if you have a research-related problem, you may contact the researcher(s), <strong>Dr. Bria Long, <a href=""mailto:brlong@ucsd.edu"">brlong@ucsd.edu</a></strong>. If you have any questions concerning your rights as a research subject, you may contact the UC San Diego Office of IRB Administration at <a href=""mailto:irb@ucsd.edu"">irb@ucsd.edu</a> or 858-246-4777.</p>
      
      <h3 style=""margin-top: 25px;"">Consent Statement</h3>
      <p style=""font-weight: bold;"">By participating in this research you are indicating that you are at least 18 years old, have read this consent form, and agree to participate in this research study. Please keep this consent form for your records.</p>
    </div>
  ","0","html-button-response","0","2.1.0","69984","opf25stbb7_f7u3vi","","","","","","","",""
"","103948","","{""participant_date"":""11/25/2025"",""participant_time"":""15:40""}","survey-html-form","1","2.1.0","173936","opf25stbb7_f7u3vi","","","","","","","",""
"","2770","
    <div style=""display:flex; align-items:center; justify-content:center; height:100vh; font-family:sans-serif;"">
      <div style=""max-width:900px; margin:0 auto; text-align:center;"">
        <h1 style= ""font-size: 24px;"">Welcome! Thank you for participating in the study.</h1>
        <h2 style= ""font-size: 22px;"">The study will be in Madarin Chinese.</h2>
        <h2 style= ""font-size: 22px;"">Please use desktop computers or laptops for the study. Tablets and phones are not allowed.</h2>
        <p style=""font-size:16px; margin-top:30px;""><em>Press any key to continue.</em></p>
      </div>
    </div>
  "," ","html-keyboard-response","2","2.1.0","176708","opf25stbb7_f7u3vi","","","","","","","",""
"","14828","
    <div style=""display:flex; align-items:center; justify-content:center; height:100vh; font-family:sans-serif;"">
      <div style=""max-width:900px; margin:0 auto; text-align:center;"">
        <p style=""font-size:18px; line-height:1.6;"">
          In this task, you will be presented with <strong>90 words</strong> arranged <strong>outside a circle</strong>.<br>
          Your job is to <strong>drag these words into the circle</strong> and <strong>rearrange them</strong> based on their <strong>meaning similarity</strong>.<br><br>
          Words that are <strong>similar in meaning</strong> should be placed <strong>closer together</strong>.<br>
          Words that are <strong>different in meaning</strong> should be placed <strong>farther apart</strong>.<br><br>
          You can place the words <strong>anywhere inside the circle</strong>. There is no single correct answer — 
          we are interested in <strong>your personal judgment</strong> of how these words relate to each other.<br><br>
          <strong>You must move all words into the circle before you can finish.</strong><br>
          After the initial arrangement, you will arrange words from specific categories.
        </p>
        <p style=""font-size:16px; margin-top:30px;""><em>Press any key to continue.</em></p>
      </div>
    </div>
  "," ","html-keyboard-response","3","2.1.0","191537","opf25stbb7_f7u3vi","","","","","","","",""
"","3328","","","fullscreen","4","2.1.0","195868","opf25stbb7_f7u3vi","true","{""placements"":[{""word"":""骄傲"",""x"":479,""y"":213.3,""cx"":498,""cy"":230.7,""angle_rad"":-0.678,""angle_deg"":321.1},{""word"":""冰箱"",""x"":556,""y"":482.3,""cx"":575,""cy"":499.7,""angle_rad"":0.587,""angle_deg"":33.6},{""word"":""兔子"",""x"":132,""y"":490.3,""cx"":151,""cy"":507.7,""angle_rad"":2.471,""angle_deg"":141.6},{""word"":""反感"",""x"":506,""y"":178.3,""cx"":525,""cy"":195.7,""angle_rad"":-0.723,""angle_deg"":318.6},{""word"":""协议"",""x"":329,""y"":87.3,""cx"":348,""cy"":104.7,""angle_rad"":-1.579,""angle_deg"":269.5},{""word"":""嘴唇"",""x"":168,""y"":209.3,""cx"":187,""cy"":226.7,""angle_rad"":-2.494,""angle_deg"":217.1},{""word"":""剪刀"",""x"":312,""y"":601.3,""cx"":331,""cy"":618.7,""angle_rad"":1.641,""angle_deg"":94},{""word"":""长颈鹿"",""x"":135,""y"":480.3,""cx"":161,""cy"":497.7,""angle_rad"":2.478,""angle_deg"":142},{""word"":""制度"",""x"":359,""y"":358.3,""cx"":378,""cy"":375.7,""angle_rad"":0.743,""angle_deg"":42.5},{""word"":""过失"",""x"":350,""y"":135.3,""cx"":369,""cy"":152.7,""angle_rad"":-1.475,""angle_deg"":275.5},{""word"":""友情"",""x"":540,""y"":194.3,""cx"":559,""cy"":211.7,""angle_rad"":-0.585,""angle_deg"":326.5},{""word"":""方法"",""x"":357,""y"":357.3,""cx"":376,""cy"":374.7,""angle_rad"":0.76,""angle_deg"":43.5},{""word"":""蚂蚁"",""x"":550,""y"":479.3,""cx"":569,""cy"":496.7,""angle_rad"":0.59,""angle_deg"":33.8},{""word"":""沮丧"",""x"":460,""y"":193.3,""cx"":479,""cy"":210.7,""angle_rad"":-0.824,""angle_deg"":312.8},{""word"":""沙发"",""x"":500,""y"":498.3,""cx"":519,""cy"":515.7,""angle_rad"":0.776,""angle_deg"":44.4},{""word"":""暴力"",""x"":540,""y"":168.3,""cx"":559,""cy"":185.7,""angle_rad"":-0.666,""angle_deg"":321.8},{""word"":""筷子"",""x"":305,""y"":578.3,""cx"":324,""cy"":595.7,""angle_rad"":1.676,""angle_deg"":96},{""word"":""概念"",""x"":342,""y"":363.3,""cx"":361,""cy"":380.7,""angle_rad"":1.227,""angle_deg"":70.3},{""word"":""麻雀"",""x"":115,""y"":479.3,""cx"":134,""cy"":496.7,""angle_rad"":2.545,""angle_deg"":145.8},{""word"":""椅子"",""x"":522,""y"":494.3,""cx"":541,""cy"":511.7,""angle_rad"":0.703,""angle_deg"":40.3},{""word"":""买卖"",""x"":354,""y"":352.3,""cx"":373,""cy"":369.7,""angle_rad"":0.708,""angle_deg"":40.6},{""word"":""魔力"",""x"":330,""y"":342.3,""cx"":349,""cy"":359.7,""angle_rad"":1.673,""angle_deg"":95.8},{""word"":""结果"",""x"":347,""y"":359.3,""cx"":366,""cy"":376.7,""angle_rad"":1.031,""angle_deg"":59.1},{""word"":""敌意"",""x"":314,""y"":338.3,""cx"":333,""cy"":355.7,""angle_rad"":2.818,""angle_deg"":161.4},{""word"":""纠纷"",""x"":321,""y"":372.3,""cx"":340,""cy"":389.7,""angle_rad"":1.817,""angle_deg"":104.1},{""word"":""关系"",""x"":354,""y"":115.3,""cx"":373,""cy"":132.7,""angle_rad"":-1.465,""angle_deg"":276},{""word"":""铅笔"",""x"":315,""y"":608.3,""cx"":334,""cy"":625.7,""angle_rad"":1.629,""angle_deg"":93.3},{""word"":""愤怒"",""x"":500,""y"":200.3,""cx"":519,""cy"":217.7,""angle_rad"":-0.664,""angle_deg"":321.9},{""word"":""团队"",""x"":326,""y"":149.3,""cx"":345,""cy"":166.7,""angle_rad"":-1.598,""angle_deg"":268.4},{""word"":""洗衣机"",""x"":520,""y"":520.3,""cx"":546,""cy"":537.7,""angle_rad"":0.764,""angle_deg"":43.8},{""word"":""大腿"",""x"":204,""y"":232.3,""cx"":223,""cy"":249.7,""angle_rad"":-2.473,""angle_deg"":218.3},{""word"":""慈善"",""x"":325,""y"":134.3,""cx"":344,""cy"":151.7,""angle_rad"":-1.601,""angle_deg"":268.3},{""word"":""手指"",""x"":185,""y"":228.3,""cx"":204,""cy"":245.7,""angle_rad"":-2.521,""angle_deg"":215.5},{""word"":""性质"",""x"":323,""y"":354.3,""cx"":342,""cy"":371.7,""angle_rad"":1.924,""angle_deg"":110.2},{""word"":""猫"",""x"":123,""y"":498.3,""cx"":135,""cy"":515.7,""angle_rad"":2.485,""angle_deg"":142.4},{""word"":""眼睛"",""x"":190,""y"":235.3,""cx"":209,""cy"":252.7,""angle_rad"":-2.538,""angle_deg"":214.6},{""word"":""床"",""x"":480,""y"":501.3,""cx"":492,""cy"":518.7,""angle_rad"":0.871,""angle_deg"":49.9},{""word"":""鼠标"",""x"":315,""y"":584.3,""cx"":334,""cy"":601.7,""angle_rad"":1.634,""angle_deg"":93.6},{""word"":""微波炉"",""x"":513,""y"":480.3,""cx"":539,""cy"":497.7,""angle_rad"":0.663,""angle_deg"":38},{""word"":""原因"",""x"":333,""y"":379.3,""cx"":352,""cy"":396.7,""angle_rad"":1.528,""angle_deg"":87.5},{""word"":""锤子"",""x"":309,""y"":574.3,""cx"":328,""cy"":591.7,""angle_rad"":1.662,""angle_deg"":95.2},{""word"":""勺子"",""x"":330,""y"":582.3,""cx"":349,""cy"":599.7,""angle_rad"":1.575,""angle_deg"":90.2},{""word"":""缘分"",""x"":342,""y"":373.3,""cx"":361,""cy"":390.7,""angle_rad"":1.307,""angle_deg"":74.9},{""word"":""胳膊"",""x"":177,""y"":216.3,""cx"":196,""cy"":233.7,""angle_rad"":-2.495,""angle_deg"":217.1},{""word"":""老鼠"",""x"":124,""y"":507.3,""cx"":143,""cy"":524.7,""angle_rad"":2.441,""angle_deg"":139.8},{""word"":""兴奋"",""x"":496,""y"":206.3,""cx"":515,""cy"":223.7,""angle_rad"":-0.653,""angle_deg"":322.6},{""word"":""耳朵"",""x"":167,""y"":244.3,""cx"":186,""cy"":261.7,""angle_rad"":-2.648,""angle_deg"":208.3},{""word"":""社会"",""x"":361,""y"":332.3,""cx"":380,""cy"":349.7,""angle_rad"":-0.01,""angle_deg"":359.4},{""word"":""牙刷"",""x"":305,""y"":581.3,""cx"":324,""cy"":598.7,""angle_rad"":1.675,""angle_deg"":96},{""word"":""过程"",""x"":332,""y"":384.3,""cx"":351,""cy"":401.7,""angle_rad"":1.551,""angle_deg"":88.9},{""word"":""光彩"",""x"":513,""y"":196.3,""cx"":532,""cy"":213.7,""angle_rad"":-0.643,""angle_deg"":323.2},{""word"":""空调"",""x"":506,""y"":469.3,""cx"":525,""cy"":486.7,""angle_rad"":0.663,""angle_deg"":38},{""word"":""乌龟"",""x"":122,""y"":499.3,""cx"":141,""cy"":516.7,""angle_rad"":2.468,""angle_deg"":141.4},{""word"":""地位"",""x"":283,""y"":113.3,""cx"":302,""cy"":130.7,""angle_rad"":-1.786,""angle_deg"":257.7},{""word"":""创伤"",""x"":356,""y"":129.3,""cx"":375,""cy"":146.7,""angle_rad"":-1.448,""angle_deg"":277},{""word"":""死亡"",""x"":473,""y"":168.3,""cx"":492,""cy"":185.7,""angle_rad"":-0.858,""angle_deg"":310.8},{""word"":""快乐"",""x"":483,""y"":187.3,""cx"":502,""cy"":204.7,""angle_rad"":-0.763,""angle_deg"":316.3},{""word"":""身份"",""x"":350,""y"":349.3,""cx"":369,""cy"":366.7,""angle_rad"":0.721,""angle_deg"":41.3},{""word"":""婚姻"",""x"":293,""y"":146.3,""cx"":312,""cy"":163.7,""angle_rad"":-1.772,""angle_deg"":258.5},{""word"":""错误"",""x"":321,""y"":396.3,""cx"":340,""cy"":413.7,""angle_rad"":1.726,""angle_deg"":98.9},{""word"":""脚踝"",""x"":182,""y"":239.3,""cx"":201,""cy"":256.7,""angle_rad"":-2.582,""angle_deg"":212.1},{""word"":""老虎"",""x"":110,""y"":482.3,""cx"":129,""cy"":499.7,""angle_rad"":2.546,""angle_deg"":145.9},{""word"":""冷漠"",""x"":531,""y"":186.3,""cx"":550,""cy"":203.7,""angle_rad"":-0.632,""angle_deg"":323.8},{""word"":""疾病"",""x"":326,""y"":97.3,""cx"":345,""cy"":114.7,""angle_rad"":-1.592,""angle_deg"":268.8},{""word"":""扫帚"",""x"":317,""y"":609.3,""cx"":336,""cy"":626.7,""angle_rad"":1.621,""angle_deg"":92.9},{""word"":""难过"",""x"":485,""y"":155.3,""cx"":504,""cy"":172.7,""angle_rad"":-0.856,""angle_deg"":311},{""word"":""钥匙"",""x"":313,""y"":590.3,""cx"":332,""cy"":607.7,""angle_rad"":1.641,""angle_deg"":94},{""word"":""天堂"",""x"":354,""y"":66.3,""cx"":373,""cy"":83.7,""angle_rad"":-1.485,""angle_deg"":274.9},{""word"":""义务"",""x"":301,""y"":358.3,""cx"":320,""cy"":375.7,""angle_rad"":2.433,""angle_deg"":139.4},{""word"":""数据"",""x"":330,""y"":135.3,""cx"":349,""cy"":152.7,""angle_rad"":-1.576,""angle_deg"":269.7},{""word"":""爱心"",""x"":454,""y"":142.3,""cx"":473,""cy"":159.7,""angle_rad"":-0.997,""angle_deg"":302.9},{""word"":""内容"",""x"":341,""y"":342.3,""cx"":360,""cy"":359.7,""angle_rad"":0.77,""angle_deg"":44.1},{""word"":""现象"",""x"":335,""y"":351.3,""cx"":354,""cy"":368.7,""angle_rad"":1.36,""angle_deg"":77.9},{""word"":""柜子"",""x"":540,""y"":474.3,""cx"":559,""cy"":491.7,""angle_rad"":0.596,""angle_deg"":34.1},{""word"":""奇迹"",""x"":483,""y"":212.3,""cx"":502,""cy"":229.7,""angle_rad"":-0.669,""angle_deg"":321.6},{""word"":""恐惧"",""x"":496,""y"":196.3,""cx"":515,""cy"":213.7,""angle_rad"":-0.69,""angle_deg"":320.4},{""word"":""膝盖"",""x"":162,""y"":240.3,""cx"":181,""cy"":257.7,""angle_rad"":-2.642,""angle_deg"":208.6},{""word"":""舒心"",""x"":476,""y"":211.3,""cx"":495,""cy"":228.7,""angle_rad"":-0.697,""angle_deg"":320.1},{""word"":""债务"",""x"":323,""y"":108.3,""cx"":342,""cy"":125.7,""angle_rad"":-1.606,""angle_deg"":268},{""word"":""大象"",""x"":113,""y"":481.3,""cx"":132,""cy"":498.7,""angle_rad"":2.543,""angle_deg"":145.7},{""word"":""作用"",""x"":353,""y"":360.3,""cx"":372,""cy"":377.7,""angle_rad"":0.899,""angle_deg"":51.5},{""word"":""纪律"",""x"":356,""y"":378.3,""cx"":375,""cy"":395.7,""angle_rad"":1.07,""angle_deg"":61.3},{""word"":""电视"",""x"":535,""y"":479.3,""cx"":554,""cy"":496.7,""angle_rad"":0.623,""angle_deg"":35.7},{""word"":""肩膀"",""x"":198,""y"":224.3,""cx"":217,""cy"":241.7,""angle_rad"":-2.458,""angle_deg"":219.2},{""word"":""鼻子"",""x"":189,""y"":226.3,""cx"":208,""cy"":243.7,""angle_rad"":-2.499,""angle_deg"":216.8},{""word"":""斧头"",""x"":306,""y"":594.3,""cx"":325,""cy"":611.7,""angle_rad"":1.666,""angle_deg"":95.5},{""word"":""风景"",""x"":292,""y"":73.3,""cx"":311,""cy"":90.7,""angle_rad"":-1.72,""angle_deg"":261.4},{""word"":""熊猫"",""x"":99,""y"":474.3,""cx"":118,""cy"":491.7,""angle_rad"":2.593,""angle_deg"":148.6},{""word"":""骗局"",""x"":348,""y"":349.3,""cx"":367,""cy"":366.7,""angle_rad"":0.776,""angle_deg"":44.5},{""word"":""桌子"",""x"":532,""y"":488.3,""cx"":551,""cy"":505.7,""angle_rad"":0.659,""angle_deg"":37.8}],""n_words"":90,""words"":[""骄傲"",""冰箱"",""兔子"",""反感"",""协议"",""嘴唇"",""剪刀"",""长颈鹿"",""制度"",""过失"",""友情"",""方法"",""蚂蚁"",""沮丧"",""沙发"",""暴力"",""筷子"",""概念"",""麻雀"",""椅子"",""买卖"",""魔力"",""结果"",""敌意"",""纠纷"",""关系"",""铅笔"",""愤怒"",""团队"",""洗衣机"",""大腿"",""慈善"",""手指"",""性质"",""猫"",""眼睛"",""床"",""鼠标"",""微波炉"",""原因"",""锤子"",""勺子"",""缘分"",""胳膊"",""老鼠"",""兴奋"",""耳朵"",""社会"",""牙刷"",""过程"",""光彩"",""空调"",""乌龟"",""地位"",""创伤"",""死亡"",""快乐"",""身份"",""婚姻"",""错误"",""脚踝"",""老虎"",""冷漠"",""疾病"",""扫帚"",""难过"",""钥匙"",""天堂"",""义务"",""数据"",""爱心"",""内容"",""现象"",""柜子"",""奇迹"",""恐惧"",""膝盖"",""舒心"",""债务"",""大象"",""作用"",""纪律"",""电视"",""肩膀"",""鼻子"",""斧头"",""风景"",""熊猫"",""骗局"",""桌子""],""distance_matrix"":[[0,0.5123076540117888,0.8151126061946026,0.07783008144587397,0.3575743073261804,0.5698856978525472,0.7752996342058192,0.789200470342683,0.3434064861808825,0.2743119040984744,0.11413460468898744,0.34436048182268164,0.5040257227792646,0.04718450471045314,0.5233155542839728,0.13610167284145766,0.7419931672348181,0.37094392435222906,0.8277127241994391,0.5205463257885729,0.34105187448429664,0.35976109566345515,0.35928356868822003,0.3780524924480042,0.40968229555706953,0.2892277608508813,0.7850354627981937,0.041858544812481024,0.3021550131634048,0.5693399509131509,0.5046583217074896,0.3154965894398286,0.5391931430585938,0.3840938318809089,0.8474043221918229,0.5308092477886589,0.5275383625259165,0.7443518870137705,0.4944676520127979,0.403995272222507,0.7321685155680053,0.7301808511321862,0.38475977836656533,0.5532685094554683,0.8463387604774089,0.03021576847803782,0.5745155127265598,0.3053628605314262,0.7469909250669691,0.41216354604923455,0.06641318451086943,0.4710292120041868,0.8398808438049286,0.40208887003697813,0.27098907342353035,0.08003228621438437,0.044823390802399915,0.341992692354724,0.3608962135118158,0.44216969223342456,0.5461150563917379,0.838422199086564,0.10436303462068118,0.3503907888805793,0.7853350778780849,0.10384245444531487,0.755964020825039,0.3521584526824563,0.41969677368618186,0.30646132190838676,0.135125133143027,0.3446778998142022,0.3641234069400527,0.4906023071496618,0.0039152971527356755,0.04064778140722724,0.5830197173933679,0.002960856144670845,0.34309280789061775,0.832867130273007,0.35335584629832534,0.3758366868564373,0.49760495505945235,0.5149110543331202,0.5316484636450675,0.7679678356545631,0.42710223403205116,0.8464587778494774,0.3445412013833831,0.5127819756243887],[0.5123076540117888,0,0.7783648850745393,0.5644615044554733,0.8364653044273025,0.8712044959246029,0.4969430650274603,0.7597932584378362,0.4255838297804158,0.7404957492621838,0.5282421013780629,0.42968779130043244,0.008682571996883486,0.557902092242494,0.1037158732031009,0.5761219352077422,0.49189067407552095,0.4478692417889665,0.8095948599356498,0.06280302332315855,0.4393039342488944,0.48657471529083984,0.4435291519669484,0.5156253562485449,0.47481102837903977,0.7688553754213465,0.49782539094742095,0.5265130749384488,0.7426496212233565,0.08446455047519921,0.7925091011607549,0.7665893553631432,0.8254701544889694,0.48656431002897893,0.808268204581494,0.8105873888742345,0.15333431437569528,0.4789156601733546,0.06280302332315855,0.4493016930749708,0.48238434159098015,0.4520635559582938,0.43920028295031366,0.8502028118055392,0.7943117074396864,0.5171816201270755,0.8372967322644557,0.4500031050580612,0.49389386537894703,0.4472022241354236,0.529662734476056,0.09158419418749167,0.797280853757439,0.842788583886832,0.7445155371374507,0.5952588466126371,0.5567412198443973,0.4485014331565148,0.7831878366929558,0.45779198449399067,0.8188153328364486,0.818796726285769,0.544119685846517,0.8233510432085377,0.49542249721506554,0.6133952726079769,0.48670302870062065,0.8491327711826103,0.5192180004684412,0.7599825463213844,0.6509257329697551,0.46945052352939365,0.4700862192815866,0.02930064789473561,0.5121065945847338,0.535216327799019,0.8490131301740872,0.5173937744684582,0.808915062692554,0.8132663973888532,0.4330763567006306,0.41202449662837404,0.035431774942632534,0.8100923204890484,0.8214985386795373,0.5014975033924276,0.8940427343560935,0.8392113508017116,0.4516044089381764,0.041933150625552994],[0.8151126061946026,0.7783648850745393,0,0.8945028902790305,0.8235422321885195,0.5187495221596375,0.3862976042316221,0.02239175878114576,0.4805618169677473,0.7645645857159389,0.9258737396734903,0.4783127774153937,0.7674277650378416,0.8123146371631659,0.6751143989320791,0.9548158946491779,0.3542500752184566,0.4488923471752287,0.03365265007065209,0.7155628945663952,0.478362164576305,0.4521829330357127,0.4606022297916247,0.43360162536833385,0.4072067533680196,0.7999597869858279,0.39786377451651384,0.8603522894640285,0.7198082063661114,0.7268436453036995,0.4902788297757164,0.7430960446429982,0.4892622830387724,0.42870969628589195,0.029300647894735656,0.4785772924652258,0.6254894658242869,0.3757067332688041,0.7120744006123387,0.41974898171785274,0.35761666677767945,0.39894215453019094,0.43963008565372197,0.5083744159609725,0.03095991070687954,0.8477199360148793,0.4545379685903195,0.509382923731525,0.356792118191289,0.41373891802948615,0.8837938057301404,0.6871052749177678,0.021122049265432312,0.7452447088357484,0.7797920995781625,0.8612197361037272,0.851422655413705,0.4750952361712203,0.6967366245642835,0.38558187305592373,0.4682846589391942,0.03948186145391348,0.9213572747606475,0.8045508210119975,0.40196313473636347,0.8937718327358557,0.3776558461456905,0.87891951526269,0.39177050707385386,0.7459232681125763,0.8706504014246509,0.468587196486885,0.45002184450494553,0.7492978594396361,0.8220341335513889,0.8591864549008436,0.46065350064142224,0.8131144400947511,0.7839222257561232,0.035082481802733566,0.4691485383688949,0.4581566265700598,0.7397756429069552,0.5017263348401383,0.49438230896073265,0.3701396747751095,0.8199805048561993,0.06394404401516855,0.47200250803801974,0.7339756554499559],[0.07783008144587397,0.5644615044554733,0.8945028902790305,0,0.36333664308622987,0.6222460854123201,0.8545092606468871,0.8685318845343745,0.42488609663801824,0.2947258793652933,0.06560809495558667,0.4258095571805213,0.5572961922464871,0.08553822166137838,0.5865392167284534,0.06166810013262669,0.8218611332048004,0.4522314210448949,0.9062806432556118,0.5798054600250497,0.42238315491199896,0.4399483315253273,0.44059944880550783,0.45721312221362137,0.49066766515871707,0.29974368416363484,0.8639991443672278,0.03836451499252623,0.3325368545021698,0.6281943664040571,0.5620741335304631,0.33982149399622175,0.5954178103910578,0.46453728995233307,0.926641715974498,0.5884634405638696,0.595068602353997,0.8237457073977033,0.5538391385977697,0.48537318213671665,0.8119644767672786,0.8089715598145732,0.46619039329188794,0.6070663273795579,0.9260292146498548,0.05114185448990003,0.6332120671313697,0.38638479867839726,0.8268082331186075,0.49358620733798564,0.03192792334005586,0.5329555267941154,0.9192961928241076,0.4246678219574783,0.28731744383046764,0.05990102800391861,0.041858544812481024,0.4231686435971149,0.3935209786935842,0.5235832924454937,0.6043093845144861,0.916962725484984,0.044718121243959595,0.3603174187033192,0.8641970530313882,0.0537470397849194,0.8353291059523001,0.3444972512044195,0.49940967814412196,0.3304263581482413,0.11294517671729341,0.42533023993188396,0.4448958637539966,0.5457654612143077,0.07201123850597131,0.03428482670361927,0.6409160110525667,0.07855691850576395,0.3576354916065527,0.9114533343914648,0.43478602675405,0.4573459191866458,0.553967220993221,0.5706056450099584,0.5875668239450408,0.8475281846045672,0.4359014830082453,0.9243816868935901,0.4256630458916866,0.5700013057934421],[0.3575743073261804,0.8364653044273025,0.8235422321885195,0.36333664308622987,0,0.3688319188497895,0.9447163242356009,0.7989202191486077,0.49912568648165045,0.0929311188175832,0.4325972280027015,0.4968989079082061,0.8261835185104662,0.30707476429580416,0.8172364131726755,0.41311111565748426,0.9028639289005101,0.505857762274255,0.8199206337286273,0.8269883913122006,0.4871778430866598,0.466570218981766,0.49901407443389767,0.4600158746139298,0.5220977263678289,0.0655344406901347,0.9574538032811353,0.37429229005561543,0.11078197663768782,0.8743474430215571,0.34935676856118203,0.08329948396683955,0.36797277598943295,0.48882055242792516,0.8499897077308017,0.37074415924147025,0.8046496962860097,0.9132112620986849,0.8021172012898625,0.5348501854900931,0.8951633605312717,0.9091612908230645,0.5242794203860935,0.3639615637814881,0.8581867585173953,0.37447219514128866,0.4123393361136859,0.45196280722184407,0.9083897819025629,0.5440482881731413,0.3907026983876046,0.7727195888023457,0.846602776334789,0.093754768693645,0.08838938494047156,0.30099638510256976,0.3349305917512551,0.4810251068132746,0.12377079727437591,0.5663409352437834,0.3862627209937542,0.8292125824552555,0.41116053018296,0.015565079590865828,0.9592054509706579,0.3101402446780299,0.9243816868935902,0.05652215660284025,0.4987332436174505,0.08484949913612953,0.2481562698107232,0.46708701252577106,0.4832895543450017,0.8091765904503228,0.36208824750648466,0.36407717330521705,0.4139914032079086,0.3509666055977539,0.03658828148752046,0.8249265199904842,0.5017027834456176,0.5352605005660225,0.8129541257315517,0.34587173081226524,0.36013051427660686,0.9322506540792452,0.06926592628720518,0.8265194890541258,0.48074437798042785,0.8251686352375566],[0.5698856978525472,0.8712044959246029,0.5187495221596375,0.6222460854123201,0.3688319188497895,0,0.766445851765917,0.4983675900213902,0.4430422023647066,0.3586271147481227,0.6828880813810887,0.439000589847959,0.8589735989311543,0.5356074464111835,0.8080357122308709,0.6864846865233147,0.7221851367678515,0.42481864179063733,0.5037309102722143,0.8344125457030331,0.42897702603783866,0.3828464889362925,0.4269916979958847,0.35559671110867574,0.40858251489991937,0.3806362007616813,0.7804711223202498,0.6087900555549166,0.30798720839067234,0.8722320439825604,0.07509328384600267,0.3171809259349637,0.04332817336129188,0.38772948456853756,0.5378257761952697,0.059120761625181435,0.774985239167549,0.7390983353130515,0.8155423744603868,0.4332009219352247,0.7178996108150132,0.7462498468410401,0.4372571301700436,0.01733812072534922,0.5518225369770896,0.6012138874457346,0.060882852876872895,0.4183653012967085,0.7273741561248396,0.43860093315966775,0.6329904320813136,0.7827101160313131,0.5377975143592059,0.2725693237943648,0.3730937362504449,0.5638326456744746,0.5786298512135245,0.4197570131514019,0.2544513541448581,0.44188356422735653,0.057363516858626895,0.5109977118913022,0.6670757588768307,0.3534653668460533,0.7834816745358928,0.5893242934812215,0.7480909943771845,0.42897702603783866,0.3646315938916124,0.32475450447958176,0.5380141507544475,0.3987309352292809,0.4005648466377747,0.8385978543433519,0.5772411535097011,0.6016634910018932,0.05454091079512832,0.5643178266875186,0.33748201319427085,0.5080688179198307,0.43669374965152313,0.46249914335047304,0.8365361393321233,0.05816595415172858,0.04613755825033409,0.7505366119256032,0.3357130626951257,0.5013022416876532,0.4168396118017124,0.8420791729176391],[0.7752996342058192,0.4969430650274603,0.3862976042316221,0.8545092606468871,0.9447163242356009,0.766445851765917,0,0.38111816241724095,0.45274209688825023,0.8585319523647026,0.8566227779195934,0.45386952357366095,0.4895209257492654,0.7966925796071493,0.39163288737962737,0.898758101737219,0.04064778140722724,0.438689349868901,0.4236304894433977,0.43095328571936425,0.46198821288253406,0.4750952361712204,0.4472361640965731,0.48133372085955595,0.4189450676132266,0.8959027383541045,0.01035625368163296,0.813047819765138,0.8302612860249428,0.4200059120795486,0.7053457429486464,0.857857215991548,0.7229530984262087,0.45226498664601106,0.40463292609486196,0.7077757730388116,0.34582794794176086,0.028146462959223136,0.4400747996061028,0.407537686696131,0.04640983258225142,0.04457740468233225,0.42039903502975096,0.7486878887243109,0.3839315533377921,0.7999005402540259,0.7069004837429875,0.5005474175942255,0.03538828404704753,0.39818547674862886,0.8301103866332786,0.4290359736027136,0.3939958766944207,0.8978381265843859,0.8705181445271023,0.8482350540713182,0.8223470896970296,0.4662880920735462,0.8361252137171703,0.37472391856977055,0.7056310738270175,0.42866250328871713,0.8616541158532771,0.9261151720044091,0.01370927795990568,0.8785052019305232,0.016680882857986135,0.9859604694716965,0.4448958637539967,0.856320317508803,0.8823517983655657,0.47692787649411317,0.459292904749665,0.4776031602043681,0.7799331590977976,0.8166541580661693,0.7172276961301434,0.7765276155421197,0.9056974352327255,0.424854354503053,0.4471343365476646,0.41548283806715997,0.46507446249106166,0.7226417972100461,0.7241128670926105,0.013313827402941408,0.9707142277704053,0.453635336994627,0.46575230827169617,0.45241040903978486],[0.789200470342683,0.7597932584378362,0.02239175878114576,0.8685318845343745,0.7989202191486077,0.4983675900213902,0.38111816241724095,0,0.4553980843019567,0.7392242330952407,0.9001269018379516,0.4530996025365576,0.74872178895918,0.7862676828203167,0.6573466613510727,0.9289199712479568,0.34705180239544503,0.423614572034356,0.04613755825033409,0.6975591312966294,0.4530028057240439,0.42638719576322315,0.43530150287344116,0.4076327807497285,0.38184218049003477,0.7747231463021899,0.3931783574905989,0.8344592090343554,0.694694380828893,0.7101260702481295,0.46773310952110697,0.7181328663904517,0.46775114421099384,0.4030139221566572,0.05462845158773287,0.45671479242460694,0.6079482598363701,0.36855793975482537,0.6933954258636242,0.39475624323012876,0.34971781693448784,0.39075012213507704,0.4146056892100504,0.48742373417581125,0.05615389363666001,0.8218425953030877,0.43396311038016344,0.4837537400665016,0.3499342690160476,0.38888335676082286,0.85793418630475,0.6678839528669607,0.04718450471045322,0.721341315674959,0.7544224242596984,0.8351507391032492,0.8254147816225451,0.4496281534414485,0.6722752740194093,0.36095217715628997,0.4468287158082805,0.055439249337725975,0.8955189428864492,0.7798962690602271,0.39724080217688673,0.8677009885743432,0.37127058314764966,0.8540633330383506,0.365899004194287,0.72086975471641,0.8445905867796428,0.44290134457280633,0.4244136895042451,0.7303615597142876,0.7961336372948516,0.8332573071349149,0.44043867332193776,0.7871798376715912,0.7592251129997942,0.04982347883017478,0.44395099972003615,0.43349273262932775,0.7210598236535234,0.47957409205034984,0.47267406510476956,0.364640827164384,0.7962271757610032,0.07637785044480108,0.4465115566413691,0.7156763649869752],[0.3434064861808825,0.4255838297804158,0.4805618169677473,0.42488609663801824,0.49912568648165045,0.4430422023647066,0.45274209688825023,0.4553980843019567,0,0.40788901180099485,0.44673812169136623,0.0004353416377426362,0.4132742720832116,0.3530747485429579,0.36273850087617754,0.48023865569334784,0.41406467677390785,0.02898991329539945,0.4985707637725831,0.387794643033841,0.010714895075529998,0.0573913626025607,0.01851807380136049,0.08712493057714413,0.07099357368313197,0.4445318147542845,0.46443196094602185,0.38683789597313306,0.3865111960167432,0.42670338127079377,0.36468237402786546,0.4141297980448124,0.3968589123401571,0.06310920129027783,0.5134893545186178,0.38177601582823373,0.3335669831642602,0.42091195357363737,0.3688319188497895,0.057945635632648734,0.4051781009242734,0.4128458501611172,0.03812119884106742,0.42201583123652575,0.5094525171974569,0.37367546520177913,0.40809553360903517,0.044400929948030236,0.41943965561052027,0.0654361129214212,0.40850826680590824,0.3360035217437812,0.5048723567561564,0.4693642617263878,0.41865528393826,0.4049284928093143,0.38584387847906143,0.019783755548848404,0.4057765395873965,0.0954158492854717,0.38963631398515686,0.5092901177569444,0.44488828241331724,0.48146342041481477,0.465625513213234,0.4369215038544863,0.4324802875043192,0.5348786019902128,0.10327165917117807,0.41101704416804097,0.4314693944059388,0.04072442114454877,0.042415145731019566,0.3927668211987543,0.3495590011137159,0.3875687139590225,0.4197931527174357,0.3427837534565675,0.4621013957960223,0.5035163935453344,0.007975071484084332,0.03360708455811839,0.3901849775020351,0.3826000585883907,0.39322548544336594,0.4423679665754894,0.5362187893894003,0.521343651088328,0.02252183456224188,0.39538309412168177],[0.2743119040984744,0.7404957492621838,0.7645645857159389,0.2947258793652933,0.0929311188175832,0.3586271147481227,0.8585319523647026,0.7392242330952407,0.40788901180099485,0,0.3632022619771024,0.4059135586380773,0.7301206050489314,0.22563812355845178,0.72063503291081,0.35194335433341895,0.8174683713106918,0.417033656825656,0.7645911455778646,0.7304194697180268,0.3965573865813757,0.37982567372737974,0.4094354088722358,0.37651262397185514,0.4366319654944805,0.033924883980667946,0.8709731798522787,0.2977871989055779,0.04755086005578441,0.7777427871019782,0.31956212816980717,0.042452013725134366,0.3455992148970836,0.40323545460479937,0.7927674761237109,0.3442627564928416,0.7083610895519175,0.8268409920605734,0.7055855244964175,0.44737189840309366,0.8094108478702663,0.8214655676400339,0.4354641590999384,0.3485852952718743,0.7990091961420289,0.2957043636575639,0.3891171875985339,0.36017257614324577,0.8229726465528756,0.45670001886966904,0.31726570543296917,0.6761256772501314,0.7883894009928603,0.12635933104040983,0.011959745851956338,0.2311623813243914,0.25966194742952503,0.39095699543374557,0.1033670030611952,0.4805934189909379,0.3606862732926427,0.774373551813205,0.3430977112959195,0.07919536578626989,0.8725484180216381,0.24798741659472273,0.8381636971367439,0.12377079727437591,0.4173649435310126,0.033194461876450095,0.18853589577664273,0.37840867705172326,0.3956046016653007,0.712969470820411,0.27972141096433684,0.28811104421238165,0.39341822337190835,0.2676694184199531,0.06672781373020077,0.7697177123425797,0.41127938101012973,0.44457354369995217,0.7166141746119464,0.32113640891885653,0.337362374282327,0.8466507704109918,0.1528788297023183,0.7741833938670127,0.39097422998051345,0.7287219690950677],[0.11413460468898744,0.5282421013780629,0.9258737396734903,0.06560809495558667,0.4325972280027015,0.6828880813810887,0.8566227779195934,0.9001269018379516,0.44673812169136623,0.3632022619771024,0,0.448249415233001,0.5222141394175269,0.14385419353590842,0.5617614712202772,0.044259282501933464,0.8265440669266325,0.47637208904592604,0.9399801356744321,0.5505476969477935,0.4463717846738234,0.4700933974110946,0.4645699734472594,0.4904990926943346,0.5167537847454958,0.36897795867306227,0.8652524569299229,0.07090244265806456,0.39958779839304664,0.5979781286728633,0.6198917892789226,0.4079509792227924,0.6539759924078014,0.4935075530742066,0.9584351895740645,0.6461730696826744,0.5757875088349844,0.8266341795681976,0.5250228763035859,0.5082847484908138,0.8164053822347187,0.8099167809072825,0.4885442694942026,0.6669616719343472,0.9563704629407368,0.08041730352688024,0.6903273093072502,0.4131233546047597,0.8312679427198094,0.5158348730778024,0.046239835125237896,0.5073106785542538,0.9505504933547774,0.49323729795801424,0.35618309849075325,0.1288460269999817,0.10221721138507069,0.4485014331565148,0.460334797149978,0.5457437975592838,0.6617078601409683,0.9507197650293002,0.01851807380136049,0.4296053866115795,0.8651213355003263,0.12065086186628798,0.8380647183473205,0.412694777401743,0.530847422547397,0.39857456154496124,0.18164517821837367,0.45366136364738846,0.47249198100358464,0.5126700223140626,0.10654422101312011,0.07753752552400625,0.6985380876312096,0.11842923251211208,0.42677054077105625,0.945098140830196,0.4574381168063513,0.4761843212008855,0.5219715831375975,0.6294283479603057,0.646288189413922,0.8509174176105399,0.5051898990397022,0.9596521321997125,0.45136531993077444,0.5386886223349017],[0.34436048182268164,0.42968779130043244,0.4783127774153937,0.4258095571805213,0.4968989079082061,0.439000589847959,0.45386952357366095,0.4530996025365576,0.0004353416377426362,0.4059135586380773,0.448249415233001,0,0.4173770588338951,0.35345108346188636,0.36665736844051705,0.48146342041481477,0.41499576001562,0.026104667772976715,0.4960966080729003,0.39180920398478086,0.0070647992568864774,0.0532713768263428,0.015118305219420078,0.08300577094762468,0.06823306052381409,0.442627115501421,0.465625513213234,0.38793795349713933,0.3841289102052687,0.4306401940982906,0.3606582721234862,0.41176672322136354,0.3928011322046595,0.05925598037193137,0.5112256237176371,0.37770935060573585,0.3373125123472627,0.42203580262404833,0.372886080661073,0.056352469754928025,0.40616256682686713,0.41421932322309735,0.03675680337429965,0.4179743149247017,0.5073372989755682,0.37479580879926955,0.4039827592354483,0.04300154028865713,0.4203829963288935,0.06416994587188012,0.40973165520170085,0.3400590184252174,0.5026574178242199,0.4665195932836276,0.41677895436667656,0.40526542777175684,0.38653734207863505,0.01591516923161254,0.40293029364045435,0.09419005649526496,0.3855469256742712,0.50682128121705,0.4462092924246846,0.4791833664516965,0.46685217673220575,0.43731882674285316,0.43358995958620017,0.5329840436153666,0.09959984982382256,0.40872684792854713,0.43128569863758476,0.03675680337429965,0.03836451499252623,0.3968674027365605,0.35056363217133135,0.38856269551583195,0.41568156560802855,0.34366114121126706,0.45976277999802345,0.5010530050157406,0.005532410312741683,0.035082481802733566,0.3942694341817903,0.3785866449004944,0.3891821159101386,0.4433770371919669,0.5335888770285004,0.5187365028764492,0.01851807380136049,0.3994401933024001],[0.5040257227792646,0.008682571996883486,0.7674277650378416,0.5572961922464871,0.8261835185104662,0.8589735989311543,0.4895209257492654,0.74872178895918,0.4132742720832116,0.7301206050489314,0.5222141394175269,0.4173770588338951,0,0.5492330149618816,0.09495149769555333,0.5701346706293003,0.48361767127495686,0.4355106212431421,0.7985112218057162,0.05489028903617727,0.4270074905950443,0.4742563370896794,0.43118795650850555,0.5032883700678854,0.4624444275876557,0.7587056138577594,0.4906848631986773,0.5190228521992571,0.731833372785938,0.08300577094762475,0.7802867813433656,0.7558856721157364,0.813216441945322,0.4742029674589416,0.7974336918276765,0.7983225465457809,0.14399242823244918,0.4709754795262605,0.05166655666550723,0.4369369405562181,0.47403214457385556,0.4442851552731359,0.42682979045328673,0.8379697685715534,0.7836091141980538,0.5095154745823506,0.824971665486271,0.4378660060688894,0.4857172746827206,0.43484807098030753,0.5226439976839065,0.07952297038077905,0.7864635406503219,0.8317789574264721,0.7342798714836426,0.5871554199361849,0.5487930665042733,0.4362069645066304,0.7720293967316103,0.44550195643007723,0.8065239351595741,0.8077507659307985,0.5377786723156494,0.8129541257315517,0.48835077913554525,0.6057173186368132,0.47893327699183547,0.8393565872036891,0.5068479271565618,0.7493339903450086,0.642509987193608,0.4571614686120585,0.4577477658738723,0.016929802356024336,0.5039620845710838,0.5276183797936987,0.8366899317098574,0.5090348147098901,0.7983946299738957,0.8022079352885705,0.4207437205025083,0.3996552570150654,0.023973778021880627,0.7978835458035273,0.8092602615636675,0.4937537336462966,0.8834162724189165,0.8280685210080969,0.4393039342488944,0.033424263074306036],[0.04718450471045314,0.557902092242494,0.8123146371631659,0.08553822166137838,0.30707476429580416,0.5356074464111835,0.7966925796071493,0.7862676828203167,0.3530747485429579,0.22563812355845178,0.14385419353590842,0.35345108346188636,0.5492330149618816,0,0.5635898995560803,0.1508785534929632,0.7616840306601051,0.37793666087327027,0.8227257727813461,0.5630500914873359,0.34871559984259987,0.36097082979585904,0.3666344105232534,0.37577843730342775,0.41425187307880246,0.2390102148028096,0.8069981103736462,0.07119821301483181,0.2564069356226475,0.6118723156868431,0.47385769985085113,0.26800759019193604,0.5075402341071025,0.3861624142982775,0.8441354310635106,0.5002168265051247,0.5648115668879419,0.7653543493284432,0.5370213073910732,0.4116521059103366,0.7520973840862037,0.7526798762024379,0.39322548544336594,0.5199231795152812,0.844398127827177,0.06689664857126094,0.5447680474346547,0.3110167867888016,0.7668189055267176,0.420322845797416,0.09420742774929065,0.5123142447977408,0.8371248499014606,0.3545160097621408,0.22150793532884844,0.048275822729447436,0.0401463570926118,0.3483245414259386,0.3162468687248913,0.45002184450494553,0.5159526891709244,0.83335685439