"trial_id","rt","stimulus","response","trial_type","trial_index","plugin_version","time_elapsed","participant_number","success","raw_payload","placements","dissimilarity_vector","n_words","trial_category","distance_matrix","value"
"consent_form","2200","
    <div style=""max-width:800px; margin:0 auto; text-align:left; font-size: 16px; padding: 10px 0;"">
      <h1>Informed Consent Form</h1>
      <p>You are being invited to participate in a research study titled <strong>""Reproducibility of Psychological Science and Instruction.""</strong> This study is being done by Dr. Bria Long from UC San Diego and associated graduate students in the Experimental Methods course. You were selected to participate in this study because you are an adult in the U.S. and have been a represented population in previous psychology studies.</p>
      
      <p>The purpose of this study is to better understand how well previously published studies in the psychological field replicate online and with different populations. Your participation in this research should last approximately <strong>5-30 minutes</strong>. If you agree to take part in this study, you may be asked to view a set of stimuli, including pictures, sounds, written text, or videos and then giving some responses via key-presses, verbally, or with paper-and-pencil. We may also observe your choices or preferences among an array of stimuli. These stimuli will be taken directly from or closely adapted from studies that already exist in the published psychological literature. Stimuli will include, e.g., pictures of objects and human faces, audio and video clips, short text passages, etc. None of the stimuli will be disturbing, threatening, or offensive. The online and in-person experiments described in this protocol will take no more than 30 minutes. An example game you might play would be to click on an image on the screen that matches a word you hear being said out loud. Your total expected time commitment for this study is between 5-30 minutes, and is specified in the study description.</p>
      
      <p>Your participation in this study is completely voluntary and you can withdraw at any time. Choosing not to participate or withdrawing will result in no penalty or loss of benefits to which you are entitled. You are free to skip any question that you choose.</p>
      
      <p>We will not be asking for any personally identifying information, and we will handle responses as confidentially as possible. Your SONA or Prolific IDs will never be tied to your responses on this survey. However, we cannot guarantee the confidentiality of information transmitted over the Internet. To minimize this risk, data containing anything that might be personally identifying (e.g. Prolific IDs or IP addresses) will be encrypted on transfer and storage and will only be accessible to qualified lab personnel. We will be keeping data collected as part of this experiment indefinitely. This anonymized data (containing neither Prolific IDs nor IP addresses) may be shared with the scientific community or with other participants to be used as stimuli in future studies.</p>
      
      <p>If you have questions about this project or if you have a research-related problem, you may contact the researcher(s), <strong>Dr. Bria Long, <a href=""mailto:brlong@ucsd.edu"">brlong@ucsd.edu</a></strong>. If you have any questions concerning your rights as a research subject, you may contact the UC San Diego Office of IRB Administration at <a href=""mailto:irb@ucsd.edu"">irb@ucsd.edu</a> or 858-246-4777.</p>
      
      <h3 style=""margin-top: 25px;"">Consent Statement</h3>
      <p style=""font-weight: bold;"">By participating in this research you are indicating that you are at least 18 years old, have read this consent form, and agree to participate in this research study. Please keep this consent form for your records.</p>
    </div>
  ","0","html-button-response","0","2.1.0","2203","sccx7hegb0_f62p2y","","","","","","","",""
"","18469","","{""participant_date"":""11/25/2025"",""participant_time"":""4:00 PM""}","survey-html-form","1","2.1.0","20673","sccx7hegb0_f62p2y","","","","","","","",""
"","4681","
    <div style=""display:flex; align-items:center; justify-content:center; height:100vh; font-family:sans-serif;"">
      <div style=""max-width:900px; margin:0 auto; text-align:center;"">
        <h1 style= ""font-size: 24px;"">Welcome! Thank you for participating in the study.</h1>
        <h2 style= ""font-size: 22px;"">The study will be in Madarin Chinese.</h2>
        <h2 style= ""font-size: 22px;"">Please use desktop computers or laptops for the study. Tablets and phones are not allowed.</h2>
        <p style=""font-size:16px; margin-top:30px;""><em>Press any key to continue.</em></p>
      </div>
    </div>
  "," ","html-keyboard-response","2","2.1.0","25355","sccx7hegb0_f62p2y","","","","","","","",""
"","550","
    <div style=""display:flex; align-items:center; justify-content:center; height:100vh; font-family:sans-serif;"">
      <div style=""max-width:900px; margin:0 auto; text-align:center;"">
        <p style=""font-size:18px; line-height:1.6;"">
          In this task, you will be presented with <strong>90 words</strong> arranged <strong>outside a circle</strong>.<br>
          Your job is to <strong>drag these words into the circle</strong> and <strong>rearrange them</strong> based on their <strong>meaning similarity</strong>.<br><br>
          Words that are <strong>similar in meaning</strong> should be placed <strong>closer together</strong>.<br>
          Words that are <strong>different in meaning</strong> should be placed <strong>farther apart</strong>.<br><br>
          You can place the words <strong>anywhere inside the circle</strong>. There is no single correct answer — 
          we are interested in <strong>your personal judgment</strong> of how these words relate to each other.<br><br>
          <strong>You must move all words into the circle before you can finish.</strong><br>
          After the initial arrangement, you will arrange words from specific categories.
        </p>
        <p style=""font-size:16px; margin-top:30px;""><em>Press any key to continue.</em></p>
      </div>
    </div>
  "," ","html-keyboard-response","3","2.1.0","25906","sccx7hegb0_f62p2y","","","","","","","",""
"","1069","","","fullscreen","4","2.1.0","27978","sccx7hegb0_f62p2y","true","{""placements"":[{""word"":""骄傲"",""x"":483,""y"":482.2,""cx"":502,""cy"":499.6,""angle_rad"":0.777,""angle_deg"":44.5},{""word"":""冰箱"",""x"":528,""y"":384.2,""cx"":547,""cy"":401.6,""angle_rad"":0.256,""angle_deg"":14.7},{""word"":""兔子"",""x"":535,""y"":403.2,""cx"":554,""cy"":420.6,""angle_rad"":0.333,""angle_deg"":19.1},{""word"":""反感"",""x"":563,""y"":309.2,""cx"":582,""cy"":326.6,""angle_rad"":-0.101,""angle_deg"":354.2},{""word"":""协议"",""x"":566,""y"":329.2,""cx"":585,""cy"":346.6,""angle_rad"":-0.014,""angle_deg"":359.2},{""word"":""嘴唇"",""x"":566,""y"":339.2,""cx"":585,""cy"":356.6,""angle_rad"":0.028,""angle_deg"":1.6},{""word"":""剪刀"",""x"":531,""y"":350.2,""cx"":550,""cy"":367.6,""angle_rad"":0.088,""angle_deg"":5},{""word"":""长颈鹿"",""x"":523,""y"":306.2,""cx"":549,""cy"":323.6,""angle_rad"":-0.132,""angle_deg"":352.4},{""word"":""制度"",""x"":461,""y"":324.2,""cx"":480,""cy"":341.6,""angle_rad"":-0.065,""angle_deg"":356.3},{""word"":""过失"",""x"":313,""y"":320.2,""cx"":332,""cy"":337.6,""angle_rad"":-2.538,""angle_deg"":214.6},{""word"":""友情"",""x"":381,""y"":355.2,""cx"":400,""cy"":372.6,""angle_rad"":0.424,""angle_deg"":24.3},{""word"":""方法"",""x"":375,""y"":340.2,""cx"":394,""cy"":357.6,""angle_rad"":0.171,""angle_deg"":9.8},{""word"":""蚂蚁"",""x"":379,""y"":389.2,""cx"":398,""cy"":406.6,""angle_rad"":0.867,""angle_deg"":49.7},{""word"":""沮丧"",""x"":497,""y"":481.2,""cx"":516,""cy"":498.6,""angle_rad"":0.73,""angle_deg"":41.8},{""word"":""沙发"",""x"":536,""y"":399.2,""cx"":555,""cy"":416.6,""angle_rad"":0.314,""angle_deg"":18},{""word"":""暴力"",""x"":530,""y"":344.2,""cx"":549,""cy"":361.6,""angle_rad"":0.058,""angle_deg"":3.3},{""word"":""筷子"",""x"":311,""y"":532.2,""cx"":330,""cy"":549.6,""angle_rad"":1.671,""angle_deg"":95.7},{""word"":""概念"",""x"":259,""y"":521.2,""cx"":278,""cy"":538.6,""angle_rad"":1.935,""angle_deg"":110.9},{""word"":""麻雀"",""x"":292,""y"":518.2,""cx"":311,""cy"":535.6,""angle_rad"":1.778,""angle_deg"":101.9},{""word"":""椅子"",""x"":264,""y"":557.2,""cx"":283,""cy"":574.6,""angle_rad"":1.861,""angle_deg"":106.6},{""word"":""买卖"",""x"":264,""y"":465.2,""cx"":283,""cy"":482.6,""angle_rad"":2.039,""angle_deg"":116.8},{""word"":""魔力"",""x"":304,""y"":522.2,""cx"":323,""cy"":539.6,""angle_rad"":1.712,""angle_deg"":98.1},{""word"":""结果"",""x"":298,""y"":513.2,""cx"":317,""cy"":530.6,""angle_rad"":1.751,""angle_deg"":100.4},{""word"":""敌意"",""x"":305,""y"":481.2,""cx"":324,""cy"":498.6,""angle_rad"":1.744,""angle_deg"":99.9},{""word"":""纠纷"",""x"":311,""y"":497.2,""cx"":330,""cy"":514.6,""angle_rad"":1.692,""angle_deg"":96.9},{""word"":""关系"",""x"":221,""y"":506.2,""cx"":240,""cy"":523.6,""angle_rad"":2.136,""angle_deg"":122.4},{""word"":""铅笔"",""x"":308,""y"":504.2,""cx"":327,""cy"":521.6,""angle_rad"":1.704,""angle_deg"":97.6},{""word"":""愤怒"",""x"":163,""y"":350.2,""cx"":182,""cy"":367.6,""angle_rad"":3.037,""angle_deg"":174},{""word"":""团队"",""x"":228,""y"":524.2,""cx"":247,""cy"":541.6,""angle_rad"":2.064,""angle_deg"":118.3},{""word"":""洗衣机"",""x"":216,""y"":483.2,""cx"":242,""cy"":500.6,""angle_rad"":2.193,""angle_deg"":125.6},{""word"":""大腿"",""x"":105,""y"":338.2,""cx"":124,""cy"":355.6,""angle_rad"":3.117,""angle_deg"":178.6},{""word"":""慈善"",""x"":102,""y"":328.2,""cx"":121,""cy"":345.6,""angle_rad"":-3.122,""angle_deg"":181.1},{""word"":""手指"",""x"":141,""y"":437.2,""cx"":160,""cy"":454.6,""angle_rad"":2.638,""angle_deg"":151.2},{""word"":""性质"",""x"":167,""y"":286.2,""cx"":186,""cy"":303.6,""angle_rad"":-2.866,""angle_deg"":195.8},{""word"":""猫"",""x"":293,""y"":263.2,""cx"":305,""cy"":280.6,""angle_rad"":-2.146,""angle_deg"":237},{""word"":""眼睛"",""x"":146,""y"":427.2,""cx"":165,""cy"":444.6,""angle_rad"":2.669,""angle_deg"":152.9},{""word"":""床"",""x"":175,""y"":275.2,""cx"":187,""cy"":292.6,""angle_rad"":-2.803,""angle_deg"":199.4},{""word"":""鼠标"",""x"":149,""y"":263.2,""cx"":168,""cy"":280.6,""angle_rad"":-2.777,""angle_deg"":200.9},{""word"":""微波炉"",""x"":145,""y"":251.2,""cx"":171,""cy"":268.6,""angle_rad"":-2.715,""angle_deg"":204.5},{""word"":""原因"",""x"":276,""y"":430.2,""cx"":295,""cy"":447.6,""angle_rad"":2.084,""angle_deg"":119.4},{""word"":""锤子"",""x"":339,""y"":337.2,""cx"":358,""cy"":354.6,""angle_rad"":0.522,""angle_deg"":29.9},{""word"":""勺子"",""x"":321,""y"":336.2,""cx"":340,""cy"":353.6,""angle_rad"":2.796,""angle_deg"":160.2},{""word"":""缘分"",""x"":315,""y"":428.2,""cx"":334,""cy"":445.6,""angle_rad"":1.737,""angle_deg"":99.5},{""word"":""胳膊"",""x"":317,""y"":425.2,""cx"":336,""cy"":442.6,""angle_rad"":1.721,""angle_deg"":98.6},{""word"":""老鼠"",""x"":236,""y"":380.2,""cx"":255,""cy"":397.6,""angle_rad"":2.677,""angle_deg"":153.4},{""word"":""兴奋"",""x"":256,""y"":431.2,""cx"":275,""cy"":448.6,""angle_rad"":2.221,""angle_deg"":127.3},{""word"":""耳朵"",""x"":451,""y"":346.2,""cx"":470,""cy"":363.6,""angle_rad"":0.113,""angle_deg"":6.5},{""word"":""社会"",""x"":251,""y"":184.2,""cx"":270,""cy"":201.6,""angle_rad"":-2.065,""angle_deg"":241.7},{""word"":""牙刷"",""x"":173,""y"":238.2,""cx"":192,""cy"":255.6,""angle_rad"":-2.603,""angle_deg"":210.9},{""word"":""过程"",""x"":178,""y"":347.2,""cx"":197,""cy"":364.6,""angle_rad"":3.046,""angle_deg"":174.5},{""word"":""光彩"",""x"":235,""y"":183.2,""cx"":254,""cy"":200.6,""angle_rad"":-2.142,""angle_deg"":237.3},{""word"":""空调"",""x"":156,""y"":245.2,""cx"":175,""cy"":262.6,""angle_rad"":-2.678,""angle_deg"":206.5},{""word"":""乌龟"",""x"":226,""y"":400.2,""cx"":245,""cy"":417.6,""angle_rad"":2.57,""angle_deg"":147.2},{""word"":""地位"",""x"":174,""y"":345.2,""cx"":193,""cy"":362.6,""angle_rad"":3.061,""angle_deg"":175.4},{""word"":""创伤"",""x"":345,""y"":167.2,""cx"":364,""cy"":184.6,""angle_rad"":-1.486,""angle_deg"":274.8},{""word"":""死亡"",""x"":344,""y"":163.2,""cx"":363,""cy"":180.6,""angle_rad"":-1.494,""angle_deg"":274.4},{""word"":""快乐"",""x"":286,""y"":239.2,""cx"":305,""cy"":256.6,""angle_rad"":-2.02,""angle_deg"":244.3},{""word"":""身份"",""x"":320,""y"":146.2,""cx"":339,""cy"":163.6,""angle_rad"":-1.63,""angle_deg"":266.6},{""word"":""婚姻"",""x"":224,""y"":176.2,""cx"":243,""cy"":193.6,""angle_rad"":-2.171,""angle_deg"":235.6},{""word"":""错误"",""x"":295,""y"":242.2,""cx"":314,""cy"":259.6,""angle_rad"":-1.95,""angle_deg"":248.3},{""word"":""脚踝"",""x"":411,""y"":315.2,""cx"":430,""cy"":332.6,""angle_rad"":-0.214,""angle_deg"":347.7},{""word"":""老虎"",""x"":289,""y"":267.2,""cx"":308,""cy"":284.6,""angle_rad"":-2.142,""angle_deg"":237.3},{""word"":""冷漠"",""x"":434,""y"":317.2,""cx"":453,""cy"":334.6,""angle_rad"":-0.148,""angle_deg"":351.5},{""word"":""疾病"",""x"":331,""y"":166.2,""cx"":350,""cy"":183.6,""angle_rad"":-1.571,""angle_deg"":270},{""word"":""扫帚"",""x"":234,""y"":173.2,""cx"":253,""cy"":190.6,""angle_rad"":-2.117,""angle_deg"":238.7},{""word"":""难过"",""x"":452,""y"":329.2,""cx"":471,""cy"":346.6,""angle_rad"":-0.028,""angle_deg"":358.4},{""word"":""钥匙"",""x"":293,""y"":111.2,""cx"":312,""cy"":128.6,""angle_rad"":-1.741,""angle_deg"":260.3},{""word"":""天堂"",""x"":369,""y"":394.2,""cx"":388,""cy"":411.6,""angle_rad"":1.018,""angle_deg"":58.3},{""word"":""义务"",""x"":300,""y"":235.2,""cx"":319,""cy"":252.6,""angle_rad"":-1.879,""angle_deg"":252.3},{""word"":""数据"",""x"":228,""y"":181.2,""cx"":247,""cy"":198.6,""angle_rad"":-2.168,""angle_deg"":235.8},{""word"":""爱心"",""x"":324,""y"":105.2,""cx"":343,""cy"":122.6,""angle_rad"":-1.602,""angle_deg"":268.2},{""word"":""内容"",""x"":411,""y"":360.2,""cx"":430,""cy"":377.6,""angle_rad"":0.332,""angle_deg"":19},{""word"":""现象"",""x"":229,""y"":390.2,""cx"":248,""cy"":407.6,""angle_rad"":2.627,""angle_deg"":150.5},{""word"":""柜子"",""x"":138,""y"":238.2,""cx"":157,""cy"":255.6,""angle_rad"":-2.687,""angle_deg"":206.1},{""word"":""奇迹"",""x"":435,""y"":212.2,""cx"":454,""cy"":229.6,""angle_rad"":-0.858,""angle_deg"":310.8},{""word"":""恐惧"",""x"":316,""y"":271.2,""cx"":335,""cy"":288.6,""angle_rad"":-1.81,""angle_deg"":256.3},{""word"":""膝盖"",""x"":243,""y"":192.2,""cx"":262,""cy"":209.6,""angle_rad"":-2.131,""angle_deg"":237.9},{""word"":""舒心"",""x"":434,""y"":208.2,""cx"":453,""cy"":225.6,""angle_rad"":-0.879,""angle_deg"":309.6},{""word"":""债务"",""x"":380,""y"":388.2,""cx"":399,""cy"":405.6,""angle_rad"":0.848,""angle_deg"":48.6},{""word"":""大象"",""x"":423,""y"":308.2,""cx"":442,""cy"":325.6,""angle_rad"":-0.259,""angle_deg"":345.1},{""word"":""作用"",""x"":366,""y"":392.2,""cx"":385,""cy"":409.6,""angle_rad"":1.04,""angle_deg"":59.6},{""word"":""纪律"",""x"":409,""y"":222.2,""cx"":428,""cy"":239.6,""angle_rad"":-0.956,""angle_deg"":305.2},{""word"":""电视"",""x"":512,""y"":503.2,""cx"":531,""cy"":520.6,""angle_rad"":0.756,""angle_deg"":43.3},{""word"":""肩膀"",""x"":480,""y"":251.2,""cx"":499,""cy"":268.6,""angle_rad"":-0.5,""angle_deg"":331.4},{""word"":""鼻子"",""x"":495,""y"":501.2,""cx"":514,""cy"":518.6,""angle_rad"":0.799,""angle_deg"":45.8},{""word"":""斧头"",""x"":512,""y"":513.2,""cx"":531,""cy"":530.6,""angle_rad"":0.784,""angle_deg"":44.9},{""word"":""风景"",""x"":447,""y"":228.2,""cx"":466,""cy"":245.6,""angle_rad"":-0.733,""angle_deg"":318},{""word"":""熊猫"",""x"":518,""y"":492.2,""cx"":537,""cy"":509.6,""angle_rad"":0.706,""angle_deg"":40.5},{""word"":""骗局"",""x"":522,""y"":510.2,""cx"":541,""cy"":527.6,""angle_rad"":0.749,""angle_deg"":42.9},{""word"":""桌子"",""x"":500,""y"":496.2,""cx"":519,""cy"":513.6,""angle_rad"":0.769,""angle_deg"":44.1}],""n_words"":90,""words"":[""骄傲"",""冰箱"",""兔子"",""反感"",""协议"",""嘴唇"",""剪刀"",""长颈鹿"",""制度"",""过失"",""友情"",""方法"",""蚂蚁"",""沮丧"",""沙发"",""暴力"",""筷子"",""概念"",""麻雀"",""椅子"",""买卖"",""魔力"",""结果"",""敌意"",""纠纷"",""关系"",""铅笔"",""愤怒"",""团队"",""洗衣机"",""大腿"",""慈善"",""手指"",""性质"",""猫"",""眼睛"",""床"",""鼠标"",""微波炉"",""原因"",""锤子"",""勺子"",""缘分"",""胳膊"",""老鼠"",""兴奋"",""耳朵"",""社会"",""牙刷"",""过程"",""光彩"",""空调"",""乌龟"",""地位"",""创伤"",""死亡"",""快乐"",""身份"",""婚姻"",""错误"",""脚踝"",""老虎"",""冷漠"",""疾病"",""扫帚"",""难过"",""钥匙"",""天堂"",""义务"",""数据"",""爱心"",""内容"",""现象"",""柜子"",""奇迹"",""恐惧"",""膝盖"",""舒心"",""债务"",""大象"",""作用"",""纪律"",""电视"",""肩膀"",""鼻子"",""斧头"",""风景"",""熊猫"",""骗局"",""桌子""],""distance_matrix"":[[0,0.22683871060545288,0.19857578577743926,0.4032473017774954,0.3679960540596135,0.34940721648644496,0.2963641696966626,0.3852701185258396,0.3370068029115499,0.49751349346947804,0.34417970978442514,0.37724839826542195,0.29436192084706886,0.026902246293971414,0.2068893988366085,0.3077199738702027,0.37877460633597276,0.4816173068121227,0.4112645756366203,0.4903920501831155,0.46518172375965156,0.3879287537279935,0.3968052287884313,0.3763931954680877,0.3649898805770699,0.55776873638714,0.37292876307615064,0.7348066571181859,0.5478333995878508,0.5511718017093888,0.8591643788963054,0.8729054882786231,0.7322313900719555,0.7895713492858867,0.6248472291713792,0.7247942961144436,0.8003941342439185,0.84828557773304,0.8573233938537238,0.4519083419612064,0.4325622626523156,0.4618219456214685,0.373116029376793,0.37108737818866455,0.5665827217810342,0.49289023341532123,0.2947817553643143,0.8019590062617611,0.8378658764981579,0.7079193795102138,0.8249867707669598,0.8577879676129155,0.5719808886439942,0.7174412375869073,0.7300035363236824,0.7386696368247627,0.6637575319612768,0.7929831895394543,0.8514816191735881,0.6468007349504561,0.384614331032262,0.6142328487930263,0.36385853682075925,0.7443993202695323,0.8428380202926957,0.3297270748926907,0.8854300787415216,0.3039468494208994,0.6522105872070566,0.8378388617413828,0.8690927216748462,0.29893295189039676,0.5727980838632037,0.8976695810810134,0.581505924428193,0.5705450250148693,0.7993359787062814,0.5902735719916605,0.2942091067188669,0.38929184854048354,0.3116139304157991,0.5731766795559798,0.07330296927266605,0.489396609216553,0.04488446544139308,0.08746646218583262,0.5437896130255824,0.07457230593496444,0.09931838076870277,0.04392639228768055],[0.22683871060545288,0,0.04014461383734379,0.17339613328486245,0.13947561492549307,0.12252539753206826,0.06973716743330544,0.16329490780802944,0.18868759634837834,0.47512417795749556,0.31635062129168523,0.33631799261690387,0.3147533585713497,0.21403999479383473,0.03322062757061345,0.08235093175629536,0.5568484655275083,0.6404282261536498,0.5754430501918318,0.6697504750202928,0.5855839007403435,0.55776873638714,0.559067516786954,0.5153229060332756,0.5184687155065624,0.701122635146525,0.531130358974494,0.7783400173997865,0.7026275921308432,0.6804731563001578,0.9039127463353869,0.9128034358354528,0.829563914178593,0.7942948356130876,0.5736850261355848,0.8163492278289879,0.7987157152350185,0.8449837407486969,0.8470786200588502,0.5429914071876885,0.4121026600187948,0.4499066043341607,0.46057412637282413,0.45513755469652667,0.6194331186738657,0.585336853286227,0.18000677527492923,0.7252155259497772,0.8151506863452234,0.7471569162741059,0.7543324644859014,0.8434366866531632,0.6415921906578149,0.7560910665877434,0.6020301968386954,0.6099341501863212,0.5983056284373238,0.6707053429165961,0.7821074334606909,0.5785800418027497,0.28650479804450363,0.5641728303140415,0.2430296137895543,0.6232641829363968,0.7683214140104896,0.19694656499380017,0.7647704095401696,0.33655890067837047,0.5775323485246359,0.7690631964032772,0.7336758821188101,0.2515602055668483,0.6344233140775107,0.8845987274826627,0.413757422174783,0.5090398514142221,0.7294455140980717,0.4222765655175847,0.31255831841913423,0.27326388481582214,0.34270447174595464,0.42543221360658806,0.2529129149744253,0.29836819092200073,0.2560972985583652,0.2740520799041025,0.3716455943949137,0.22816903247186665,0.26585512030709474,0.24305730948783386],[0.19857578577743926,0.04014461383734379,0,0.20604357772595558,0.1679953945789739,0.1485599529126658,0.11027480199014293,0.20401267486886213,0.22770675375973093,0.5021618922698374,0.3408069307055962,0.3635054378049175,0.33083119523955556,0.18192056394205802,0.005773920663046147,0.1231931188766566,0.54794885363631,0.636781626834473,0.5700061440831247,0.6613650491610279,0.5895379863234895,0.5508478900477817,0.5539031689767224,0.5146475706092163,0.5147704243840722,0.7013548724348909,0.5265603726005861,0.7978992950653664,0.7003382681731285,0.6835173637337308,0.9239298267831846,0.9336543107411609,0.8399056852180999,0.8200558230257767,0.6058588374190629,0.8277038168139602,0.8254475424270747,0.8721764489539422,0.8752777992668886,0.552027821009035,0.4378032111699911,0.474953115510512,0.46892686880604767,0.4640061188105769,0.6361777607444425,0.5946528720608606,0.21335866834620515,0.7613990602783016,0.8449489161900515,0.7672250962670897,0.789938117330636,0.8721998083815132,0.6556407456434797,0.7763139548355732,0.642775162675984,0.6507633031776516,0.6324960496934207,0.7111837777063715,0.8176705840256757,0.6129803166545275,0.32108116585431246,0.5961219550337203,0.27973292221091334,0.6635087866951871,0.8044187956528076,0.23400083233135574,0.8053382331379871,0.35132922049329984,0.6127147476433767,0.8045088173965209,0.7752639218319624,0.2767283240744756,0.6498036239325726,0.9133539159347643,0.4565187934897422,0.5420128454856816,0.7648621211875679,0.4650652667285598,0.32890684005127707,0.3100215252729525,0.3579662176149585,0.4670556098624015,0.21569767834150147,0.341526326436398,0.22259944755447383,0.23651767584901376,0.41449802120435025,0.19011606921631186,0.22672997460540473,0.2087855090073465],[0.4032473017774954,0.17339613328486245,0.20604357772595558,0,0.04009194881853904,0.06124865544514516,0.10784255115525707,0.0676141955596049,0.2167338411975805,0.5303685744855807,0.3971119129826811,0.403113085441005,0.4246415008119361,0.389662254572754,0.19726439589963612,0.09951796804335811,0.7142274906331834,0.786953198060142,0.7264403880631501,0.8249867707669598,0.7158219398401349,0.7117433446960194,0.7098052460293394,0.6579061713917058,0.6671218099926665,0.8382358913115734,0.6812172186600371,0.8540404729153047,0.8454336526059396,0.8110730497296517,0.97515364489245,0.9804272629412133,0.9369322555777374,0.8424700195412546,0.5954884519650215,0.920709027615431,0.8420292823491982,0.8848443768638823,0.8816995354559332,0.6608622508975018,0.47815041638927486,0.5160017394397814,0.5832947398893564,0.5766983164717435,0.7102162188754562,0.701122635146525,0.2483996737507291,0.7133908867152534,0.8419217505985868,0.8215888926476854,0.7459174062331708,0.8751536451403394,0.741018098694855,0.8296703137832546,0.5515282956440902,0.5579995804957187,0.6059632907168834,0.6206654075724648,0.7731742273388947,0.5857999822347494,0.32122131527442027,0.5878295923439992,0.27247343464044765,0.5778765755801892,0.7557917631113006,0.237388566591527,0.7106428702978594,0.4484397313649024,0.5793294691267116,0.7613752865843013,0.6667454442176396,0.33871943096102447,0.7295323454740316,0.9154140411009746,0.33930388688204505,0.5296526124838882,0.723216418117539,0.34619554704498,0.42183835805394215,0.2953989816192529,0.45263180014972343,0.37399071730580874,0.4245405665386459,0.21281205859669977,0.4311362025430081,0.4451876036719123,0.2985490295065529,0.3986644429502744,0.43423310908953633,0.4175824156386806],[0.3679960540596135,0.13947561492549307,0.1679953945789739,0.04009194881853904,0,0.01830034145448331,0.0839851176033519,0.08804206161531532,0.2210435414230571,0.5365885123600199,0.3951827047650023,0.40477090343697797,0.4155847571434533,0.35278785189904177,0.1593135237671811,0.08011295536416534,0.6917073693108806,0.7687806966997149,0.7064704739250466,0.8035377406918714,0.7029494356801329,0.6905914811811081,0.689893548315169,0.6407635225576261,0.6478660606988149,0.823473746551187,0.6614744514201396,0.8571332686311092,0.8287204207839544,0.7983869793676405,0.9797802982910403,0.9859897663971885,0.9316514038287305,0.8523664039763562,0.6101527646083211,0.9162496481691047,0.8530831257629476,0.8968722564797827,0.8949390928947917,0.6515272571029732,0.48112958927822563,0.5194087645303093,0.5720954448743799,0.5658005271217824,0.7087209248117848,0.6925896472684205,0.24476839702656747,0.7361170493784794,0.8568162998370416,0.8248852568353401,0.7680857783124039,0.8890406242947799,0.7373177389170574,0.8332173698952159,0.5810432798131036,0.5878295923439992,0.6238696176260757,0.6504991842778992,0.7955701940712049,0.6036499308272603,0.32870831233764003,0.6020114245330992,0.27949984122981314,0.6065784555831184,0.7788602393356715,0.23997316375127398,0.7416376133978458,0.43915126452767933,0.5983169613033302,0.783460325161479,0.6998536541050034,0.33390618010152423,0.7269633661632501,0.9296466312294202,0.37136052271705716,0.5440055933320159,0.7448186198927832,0.37866154274523434,0.41290628764075066,0.3050548828724566,0.44392892057014854,0.4019536231679245,0.38531106847285485,0.24445650124929194,0.39360509193669774,0.40571679690986306,0.3296724554852496,0.35916614937785907,0.3940172474622099,0.3797313309105456],[0.34940721648644496,0.12252539753206826,0.1485599529126658,0.06124865544514516,0.01830034145448331,0,0.07518472657644262,0.10107907311442305,0.2230621217877071,0.5377659514338194,0.39277949330703255,0.4041018907534141,0.40957228858893213,0.3334946554138578,0.1399689641432116,0.07445510547691978,0.6786361072416991,0.7576933259918484,0.6945886024788152,0.7908771870343041,0.694468110219641,0.6781660666439662,0.6780560102962402,0.6303047267616941,0.6363874024173848,0.8139642889696775,0.6497479470866441,0.8562877586924122,0.8182765323371561,0.7898951454760387,0.9795953730085633,0.986265348411127,0.9266313662270299,0.854912027828384,0.6153910190254697,0.9116418788890543,0.8562084494785938,0.9004496473646367,0.8991286733030053,0.6448296469911189,0.4808479901565644,0.5192348090388299,0.5646212123579436,0.5584852578777105,0.705778562205702,0.6862252213990748,0.24255830902034398,0.7452801852461379,0.8618738609270158,0.8241715643406142,0.7769316462441406,0.8935618628727419,0.7332564073103602,0.8326195373714071,0.5938922389495391,0.6008351164664257,0.6307170730944474,0.6634406211049401,0.8045088173965209,0.6105009046290916,0.3313003613891104,0.6070217349109859,0.28222054146394787,0.618973120010295,0.7881600018460989,0.24090622730539715,0.7551208945389107,0.4329427996294874,0.605750634752428,0.7922494366295558,0.7145029759558599,0.33038180982682896,0.7234697342583686,0.9343113014741954,0.38588391497974817,0.549213141606742,0.7533960748851349,0.39337593146982236,0.406965359126916,0.30886558917134693,0.43799383499043243,0.4143293238322806,0.3650083982214886,0.25925168104892055,0.37399071730580874,0.38531106847285485,0.3438458724092778,0.3387726046158308,0.37333941879025734,0.35999310379133076],[0.2963641696966626,0.06973716743330544,0.11027480199014293,0.10784255115525707,0.0839851176033519,0.07518472657644262,0,0.09079452070673187,0.15614805238737733,0.466025172499055,0.31688363691867094,0.33017734336679516,0.3314633953555059,0.2854593863179867,0.10196998393683021,0.00995086947837242,0.6055714984108106,0.6817979548666212,0.6196702867036842,0.7170880174060512,0.6166313464964934,0.604035479350852,0.6030805179965293,0.5537726305950113,0.5609557066283251,0.7366884644295222,0.5746295968292455,0.781366402822282,0.7417352238673118,0.7120706154486933,0.9053518075632443,0.9125876168831116,0.8486910730067978,0.7847416900204778,0.5511431083208858,0.8338527776027548,0.7870509602721439,0.8320566405114193,0.831917897510405,0.5666305763578054,0.40716477639045756,0.44558781347068244,0.4864816772737408,0.4803218995007247,0.6290121642219875,0.6080374547696523,0.16771621650972188,0.6907977774905231,0.7965225367614869,0.7494215323610605,0.7213874183344586,0.8270281258202856,0.6557614431847876,0.7579948665490985,0.5531521548710584,0.5606696574663989,0.5702914970844729,0.6225528654693534,0.7491407157946505,0.550183072907442,0.26341932764804993,0.5422961843132421,0.21537546963754578,0.5762435967551641,0.7339256029265717,0.17121942230197407,0.7159104166664978,0.35479328392194037,0.5469956329511307,0.736485754790025,0.6806326664077685,0.25364855616004406,0.6463111476918058,0.8680058827842915,0.35530081274004877,0.4852084826672122,0.6971595715582894,0.3635302277806511,0.32887261960755004,0.24397872236669405,0.3598929672543299,0.37388827273025554,0.32560542826498856,0.2343551797364029,0.327858091623667,0.3467675112311891,0.31270225123000067,0.30092003607013246,0.3385598603306077,0.31511772614178196],[0.3852701185258396,0.16329490780802944,0.20401267486886213,0.0676141955596049,0.08804206161531532,0.10107907311442305,0.09079452070673187,0,0.14897899800190134,0.46047611612239053,0.3313071560583735,0.33521835123567245,0.3642545943031436,0.3765667839555123,0.19562441948266387,0.07798148591900388,0.6677621631122715,0.7343200510369361,0.6763461851670961,0.7765237917097675,0.6575245546963501,0.663328132635847,0.6597081376474334,0.6045479171835635,0.6163673429200601,0.7815314584973833,0.6310324265638754,0.7848368433950668,0.7908771870343041,0.7523141828669632,0.9054243259180017,0.9104589511657781,0.8718805088875744,0.7718825290484548,0.5250784410300132,0.8551423518126541,0.7714016200023176,0.8142311700750445,0.8111651257569675,0.5994491713402492,0.4094236077210645,0.44702865042407325,0.5238898948435886,0.5170379843704193,0.6431830667940753,0.6389119170433404,0.18572603273932267,0.6460347176032987,0.771601057546958,0.7523352344288275,0.678236093244433,0.8046888307840999,0.6752217698865204,0.7603285110403609,0.4902078608370005,0.4970639929157183,0.536314810660769,0.55970972778961,0.7056343288981547,0.5161242727516762,0.25135489267172895,0.5173523842806658,0.20294560319204666,0.5155989261472438,0.6886630819048938,0.17031749715534014,0.6511558091311195,0.3880681812380197,0.510050310754285,0.6936501665774097,0.6104527693771872,0.2755239341373884,0.6630724063742448,0.8449998131395744,0.28184599244327424,0.4591804329944255,0.655209502325521,0.28939342521381517,0.3613609564862035,0.22509271470630046,0.39169327443748636,0.31094899808029436,0.4186342665619036,0.15541850352576347,0.41926411949410475,0.43986478721890265,0.2397580518796513,0.39426319196245885,0.4321396335168127,0.4069819809368488],[0.3370068029115499,0.18868759634837834,0.22770675375973093,0.2167338411975805,0.2210435414230571,0.2230621217877071,0.15614805238737733,0.14897899800190134,0,0.31255831841913423,0.1798577756885439,0.18343745201093586,0.22001721582317485,0.340311058205298,0.2230621217877071,0.1501106255647776,0.543590170842891,0.5983962853858534,0.5453866814899463,0.6473388552456373,0.5133558412677012,0.53558988288361,0.5289570378778532,0.46873429867794353,0.4850363003886554,0.6389933018590803,0.5005224657317611,0.6345765310118666,0.6514856098817746,0.6070664174703437,0.7563752956238622,0.7622306742681112,0.7203330212828921,0.6288504079907912,0.3920039274695205,0.7033804761395032,0.6301791767524371,0.6745951710586187,0.673739783142551,0.45144872304376815,0.25849705692722114,0.29648554757421947,0.37906009163957316,0.3718880378456535,0.49119707144438063,0.4898761465621062,0.048494933597264624,0.5349442133658757,0.6376331746556649,0.6021803543209883,0.5647612591295463,0.6685372225805554,0.5234240811023024,0.6103527840915329,0.4130591835856518,0.42119626290959983,0.4116646572452633,0.4809981967431062,0.5925511652180503,0.3916242072210981,0.1052718470044865,0.38320532258064344,0.0564379811254332,0.4330990884217026,0.5780994320202042,0.018930468067065873,0.5752113129382154,0.24338941505432984,0.3890949280164904,0.5796921264858088,0.5475900421634795,0.12830907574090253,0.5111073883320172,0.70943548661599,0.24205829252370953,0.3260475302474729,0.5401884501012341,0.25084535808044905,0.21702309242458584,0.08486838360464206,0.24600295178050954,0.24101795518985886,0.39370244505097857,0.1577668391718769,0.3811530811105934,0.41424222753523376,0.20377114142431596,0.3751217831883809,0.41421500621382323,0.3729045928873593],[0.49751349346947804,0.47512417795749556,0.5021618922698374,0.5303685744855807,0.5365885123600199,0.5377659514338194,0.466025172499055,0.46047611612239053,0.31255831841913423,0,0.15999777695827105,0.13584233394868245,0.20050470732500067,0.5181157599443297,0.5012482540806831,0.46233478101193076,0.44887727713202297,0.4406027658856594,0.421383641010635,0.5128276752301372,0.3232188655908254,0.42796961212504187,0.4095998162036428,0.34057561259724317,0.3742798224282472,0.4392848167205884,0.3893207991048056,0.3230377758080192,0.468040394383549,0.3938570156192348,0.4419882819014624,0.4470488398728933,0.44037740272015663,0.3165070646987735,0.1314203836549818,0.41973723669254615,0.3205901648945238,0.3670580971515875,0.370339763560787,0.2443555095963185,0.0631985711628005,0.0351145315736269,0.22722381535321898,0.2209522775397578,0.20505244074135598,0.26294999098975974,0.2963034623001764,0.31556725190650126,0.3428095854074724,0.2904325629275042,0.3330082728453258,0.3678490804342542,0.2489051379465642,0.29801373400700804,0.3301568898193579,0.3380873601454036,0.17897369866653842,0.3681613298247559,0.3578088631483083,0.16760974280463162,0.20614134703559528,0.12099614395896707,0.25497270721398274,0.3274665305280597,0.3526920731172186,0.293880289998889,0.4444977964810141,0.19478784897897636,0.1802672330825588,0.3442647542591316,0.45585097130915436,0.22259944755447383,0.2300479666087488,0.40891107396239496,0.34427783617604646,0.10162321391615776,0.30794651257209205,0.34841965055393614,0.20046005636783273,0.2328383032839091,0.18754664466840698,0.28939342521381517,0.5732318706456442,0.3821274899103829,0.5440927919789255,0.5878680374717583,0.343439597659019,0.5673638437697085,0.5990305017898685,0.5443418544250476],[0.34417970978442514,0.31635062129168523,0.3408069307055962,0.3971119129826811,0.3951827047650023,0.39277949330703255,0.31688363691867094,0.3313071560583735,0.1798577756885439,0.15999777695827105,0,0.031420589733566644,0.06958088042051101,0.36203362694058444,0.34041690441728584,0.3154388807233828,0.402687774111727,0.4360890460966095,0.39283114366817745,0.4945502424367973,0.3392773423534785,0.38895586573016383,0.37739771180583714,0.3106232460402964,0.33443166084677745,0.46591376916210486,0.3506426132009534,0.46176818726388996,0.48289523624173813,0.4304030695834794,0.5863860898241322,0.5944437944900037,0.5375726910657389,0.4762440752171503,0.2788639188544656,0.5208633741450283,0.4819546700890446,0.528948497571848,0.5330703402736855,0.27201954896349373,0.0943823730614562,0.13113282239168123,0.20674866549739906,0.19914965298051326,0.3106087603187896,0.3088000306817689,0.14741666076122514,0.454835008301542,0.5056571570549306,0.43000980920025167,0.477867072698366,0.5308113078487823,0.34100507957443305,0.4387143698084684,0.4049825287567214,0.413757422174783,0.3165710422016509,0.461049182435385,0.5044813154905783,0.2996618132968479,0.10355911926094127,0.26834439409904465,0.1359894885595992,0.41369201200825323,0.49564473446472046,0.15814785451185723,0.5498544732788611,0.08395900339877126,0.3055779647798403,0.4908476234060318,0.5435278302352727,0.061811759380386806,0.32944705557886517,0.5718426007227384,0.32279384215535795,0.2233733906485993,0.45220784341676973,0.33005460324158686,0.06735642627428211,0.13133587070474692,0.0820844144503297,0.28668520093032845,0.41826776549395195,0.30303526857502067,0.39180835961572996,0.43445644496205255,0.3020539565353909,0.40995200760984,0.4436086094458111,0.390251868100169],[0.37724839826542195,0.33631799261690387,0.3635054378049175,0.403113085441005,0.40477090343697797,0.4041018907534141,0.33017734336679516,0.33521835123567245,0.18343745201093586,0.13584233394868245,0.031420589733566644,0,0.10177506700079904,0.39440611298192546,0.3624689557822204,0.32747340401905,0.4283647324278634,0.45521192075119155,0.41560646308643606,0.5165135617119571,0.35330461244061595,0.41338662870709564,0.40060514955479387,0.33252118523149293,0.35836244698476616,0.4796211221197713,0.3745927698616549,0.44935959511700074,0.4989681965891143,0.4418095834056246,0.5724981856424429,0.5794386800464647,0.536904149604254,0.4550284626428846,0.24782980906339483,0.5191304079258985,0.45944084243649214,0.505889321151935,0.508760293746548,0.28216478874407913,0.07398451975002139,0.11240033831756194,0.2240046543100354,0.2163199634515505,0.3052833799026374,0.31629371377621407,0.15948136238871413,0.4217421056606802,0.47931980448458417,0.417150125305395,0.4453497570137172,0.5058045042443251,0.33935696976507457,0.425543539050634,0.37123308007904265,0.37999831107516796,0.2839197538728844,0.4267873569871398,0.47215037812057153,0.2666312747784593,0.09040627745276902,0.23742635985061739,0.13196001346770536,0.37953542703691695,0.46284705185685326,0.16277506184508356,0.5154412183617249,0.11279330741952276,0.2720195489634938,0.45853614908942264,0.5095408982303373,0.08476493125965703,0.3259232491230333,0.5469419393906036,0.29830034847162656,0.19049208402294263,0.41968350004353994,0.30516546710666237,0.09984975292852598,0.11994760502869896,0.10946989549084309,0.2587314834444547,0.4508335053861495,0.29037062816195053,0.42498662226680445,0.4673502958281153,0.2807834198253572,0.4418095834056246,0.47601651160204267,0.42307166708384203],[0.29436192084706886,0.3147533585713497,0.33083119523955556,0.4246415008119361,0.4155847571434533,0.40957228858893213,0.3314633953555059,0.3642545943031436,0.22001721582317485,0.20050470732500067,0.06958088042051101,0.10177506700079904,0,0.31590932244695624,0.3323044747333013,0.33282569777730675,0.3344922405934301,0.37722450265781593,0.3286329776341471,0.4309320971070043,0.29079616601040176,0.3224380686665337,0.3126806654917965,0.24864350644591612,0.2690132606476215,0.4160403458407703,0.285057507851283,0.4648274102784022,0.42871213916407275,0.38519405716412375,0.5910388385073311,0.6015494422723126,0.5144895729010017,0.49936625803869017,0.33078356183081425,0.5001794938491348,0.5081696143807545,0.555967318807317,0.5632228512905164,0.233280930338408,0.13682043963083787,0.16445187941761494,0.15673213657182478,0.14979877686308807,0.30238884896845925,0.274019283214487,0.17573703389386516,0.5121182017927222,0.5413956571153448,0.4346640969485695,0.5327100440482477,0.5627894204296287,0.32394222173077636,0.44388825886709915,0.4756891993825559,0.48444017363571196,0.3731703795515401,0.5299808811170428,0.558473121063165,0.3578592240426733,0.16883020749801383,0.32012653780466305,0.19010430695665767,0.48318966603193153,0.5514996207024065,0.19839541205714828,0.617239593215404,0.02081619985959262,0.3659023095486156,0.5448396396350939,0.6135700604926692,0.08903453141707579,0.31671316859629506,0.6031704608449162,0.39268765379625564,0.28210105800039464,0.5072266666799584,0.40019972807714904,0,0.19346273848453824,0.02542299630316262,0.35863892113842144,0.37035801587438905,0.3614918507401779,0.34067476799315877,0.38456744660960196,0.36950528830697327,0.365736021280658,0.3962594307999008,0.34126910066668825],[0.026902246293971414,0.21403999479383473,0.18192056394205802,0.389662254572754,0.35278785189904177,0.3334946554138578,0.2854593863179867,0.3765667839555123,0.340311058205298,0.5181157599443297,0.36203362694058444,0.39440611298192546,0.31590932244695624,0,0.19052729795736173,0.2973489452098132,0.408072008674535,0.5113900864034613,0.4409968761846695,0.5193696295952995,0.49478758658637734,0.417539206601312,0.4265970482407313,0.406227780473867,0.3949030779764725,0.5876796324373255,0.4028053389136495,0.76169616909274,0.577630161054018,0.5810238329410115,0.8863807023915311,0.899868656882162,0.7615624844137066,0.8139948735186305,0.6436504333413822,0.7539334400548436,0.8243610273590816,0.8722595018640911,0.8807747203135229,0.48042058510786334,0.452641770852333,0.48304013668088014,0.4010270310094304,0.39878883847558716,0.593500134525038,0.521608651510761,0.3009798215418821,0.8189842892183323,0.8602307722932555,0.7344771551804556,0.8427467065771319,0.8809083645110675,0.5998637822644983,0.7439889081179413,0.7405599976036941,0.7491648761797552,0.6813334053262864,0.8045678887123582,0.8694677184635312,0.6639857507695005,0.3954735364953832,0.6330784132981627,0.37145152661801983,0.7559234711830658,0.8602518235866503,0.33486893