"trial_id","rt","stimulus","response","trial_type","trial_index","plugin_version","time_elapsed","participant_number","success","raw_payload","placements","dissimilarity_vector","n_words","trial_category","distance_matrix","value"
"consent_form","2090","
    <div style=""max-width:800px; margin:0 auto; text-align:left; font-size: 16px; padding: 10px 0;"">
      <h1>Informed Consent Form</h1>
      <p>You are being invited to participate in a research study titled <strong>""Reproducibility of Psychological Science and Instruction.""</strong> This study is being done by Dr. Bria Long from UC San Diego and associated graduate students in the Experimental Methods course. You were selected to participate in this study because you are an adult in the U.S. and have been a represented population in previous psychology studies.</p>
      
      <p>The purpose of this study is to better understand how well previously published studies in the psychological field replicate online and with different populations. Your participation in this research should last approximately <strong>5-30 minutes</strong>. If you agree to take part in this study, you may be asked to view a set of stimuli, including pictures, sounds, written text, or videos and then giving some responses via key-presses, verbally, or with paper-and-pencil. We may also observe your choices or preferences among an array of stimuli. These stimuli will be taken directly from or closely adapted from studies that already exist in the published psychological literature. Stimuli will include, e.g., pictures of objects and human faces, audio and video clips, short text passages, etc. None of the stimuli will be disturbing, threatening, or offensive. The online and in-person experiments described in this protocol will take no more than 30 minutes. An example game you might play would be to click on an image on the screen that matches a word you hear being said out loud. Your total expected time commitment for this study is between 5-30 minutes, and is specified in the study description.</p>
      
      <p>Your participation in this study is completely voluntary and you can withdraw at any time. Choosing not to participate or withdrawing will result in no penalty or loss of benefits to which you are entitled. You are free to skip any question that you choose.</p>
      
      <p>We will not be asking for any personally identifying information, and we will handle responses as confidentially as possible. Your SONA or Prolific IDs will never be tied to your responses on this survey. However, we cannot guarantee the confidentiality of information transmitted over the Internet. To minimize this risk, data containing anything that might be personally identifying (e.g. Prolific IDs or IP addresses) will be encrypted on transfer and storage and will only be accessible to qualified lab personnel. We will be keeping data collected as part of this experiment indefinitely. This anonymized data (containing neither Prolific IDs nor IP addresses) may be shared with the scientific community or with other participants to be used as stimuli in future studies.</p>
      
      <p>If you have questions about this project or if you have a research-related problem, you may contact the researcher(s), <strong>Dr. Bria Long, <a href=""mailto:brlong@ucsd.edu"">brlong@ucsd.edu</a></strong>. If you have any questions concerning your rights as a research subject, you may contact the UC San Diego Office of IRB Administration at <a href=""mailto:irb@ucsd.edu"">irb@ucsd.edu</a> or 858-246-4777.</p>
      
      <h3 style=""margin-top: 25px;"">Consent Statement</h3>
      <p style=""font-weight: bold;"">By participating in this research you are indicating that you are at least 18 years old, have read this consent form, and agree to participate in this research study. Please keep this consent form for your records.</p>
    </div>
  ","0","html-button-response","0","2.1.0","2095","tr4ko8k1lp_f72i4b","","","","","","","",""
"","242523","","{""participant_date"":""11/26/2025"",""participant_time"":""01:00 PM""}","survey-html-form","1","2.1.0","244626","tr4ko8k1lp_f72i4b","","","","","","","",""
"","527948","
    <div style=""display:flex; align-items:center; justify-content:center; height:100vh; font-family:sans-serif;"">
      <div style=""max-width:900px; margin:0 auto; text-align:center;"">
        <h1 style= ""font-size: 24px;"">Welcome! Thank you for participating in the study.</h1>
        <h2 style= ""font-size: 22px;"">The study will be in Madarin Chinese.</h2>
        <h2 style= ""font-size: 22px;"">Please use desktop computers or laptops for the study. Tablets and phones are not allowed.</h2>
        <p style=""font-size:16px; margin-top:30px;""><em>Press any key to continue.</em></p>
      </div>
    </div>
  ","j","html-keyboard-response","2","2.1.0","772592","tr4ko8k1lp_f72i4b","","","","","","","",""
"","15835","
    <div style=""display:flex; align-items:center; justify-content:center; height:100vh; font-family:sans-serif;"">
      <div style=""max-width:900px; margin:0 auto; text-align:center;"">
        <p style=""font-size:18px; line-height:1.6;"">
          In this task, you will be presented with <strong>90 words</strong> arranged <strong>outside a circle</strong>.<br>
          Your job is to <strong>drag these words into the circle</strong> and <strong>rearrange them</strong> based on their <strong>meaning similarity</strong>.<br><br>
          Words that are <strong>similar in meaning</strong> should be placed <strong>closer together</strong>.<br>
          Words that are <strong>different in meaning</strong> should be placed <strong>farther apart</strong>.<br><br>
          You can place the words <strong>anywhere inside the circle</strong>. There is no single correct answer — 
          we are interested in <strong>your personal judgment</strong> of how these words relate to each other.<br><br>
          <strong>You must move all words into the circle before you can finish.</strong><br>
          After the initial arrangement, you will arrange words from specific categories.
        </p>
        <p style=""font-size:16px; margin-top:30px;""><em>Press any key to continue.</em></p>
      </div>
    </div>
  ","k","html-keyboard-response","3","2.1.0","788429","tr4ko8k1lp_f72i4b","","","","","","","",""
"","2118","","","fullscreen","4","2.1.0","791553","tr4ko8k1lp_f72i4b","true","{""placements"":[{""word"":""骄傲"",""x"":274,""y"":385.8,""cx"":293,""cy"":403.2,""angle_rad"":2.391,""angle_deg"":137},{""word"":""冰箱"",""x"":208,""y"":230.8,""cx"":227,""cy"":248.2,""angle_rad"":-2.45,""angle_deg"":219.6},{""word"":""兔子"",""x"":443,""y"":92.8,""cx"":462,""cy"":110.2,""angle_rad"":-1.134,""angle_deg"":295},{""word"":""反感"",""x"":458,""y"":351.8,""cx"":477,""cy"":369.2,""angle_rad"":0.15,""angle_deg"":8.6},{""word"":""协议"",""x"":354,""y"":391.8,""cx"":373,""cy"":409.2,""angle_rad"":1.2,""angle_deg"":68.8},{""word"":""嘴唇"",""x"":312,""y"":190.8,""cx"":331,""cy"":208.2,""angle_rad"":-1.704,""angle_deg"":262.4},{""word"":""剪刀"",""x"":155,""y"":184.8,""cx"":174,""cy"":202.2,""angle_rad"":-2.443,""angle_deg"":220},{""word"":""长颈鹿"",""x"":409,""y"":110.8,""cx"":435,""cy"":128.2,""angle_rad"":-1.205,""angle_deg"":291},{""word"":""制度"",""x"":333,""y"":352.8,""cx"":352,""cy"":370.2,""angle_rad"":1.472,""angle_deg"":84.3},{""word"":""过失"",""x"":472,""y"":376.8,""cx"":491,""cy"":394.2,""angle_rad"":0.304,""angle_deg"":17.4},{""word"":""友情"",""x"":311,""y"":321.8,""cx"":330,""cy"":339.2,""angle_rad"":-2.646,""angle_deg"":208.4},{""word"":""方法"",""x"":361,""y"":414.8,""cx"":380,""cy"":432.2,""angle_rad"":1.221,""angle_deg"":69.9},{""word"":""蚂蚁"",""x"":311,""y"":84.8,""cx"":330,""cy"":102.2,""angle_rad"":-1.651,""angle_deg"":265.4},{""word"":""沮丧"",""x"":436,""y"":311.8,""cx"":455,""cy"":329.2,""angle_rad"":-0.196,""angle_deg"":348.8},{""word"":""沙发"",""x"":257,""y"":258.8,""cx"":276,""cy"":276.2,""angle_rad"":-2.358,""angle_deg"":224.9},{""word"":""暴力"",""x"":453,""y"":327.8,""cx"":472,""cy"":345.2,""angle_rad"":-0.039,""angle_deg"":357.7},{""word"":""筷子"",""x"":209,""y"":185.8,""cx"":228,""cy"":203.2,""angle_rad"":-2.264,""angle_deg"":230.3},{""word"":""概念"",""x"":274,""y"":434.8,""cx"":293,""cy"":452.2,""angle_rad"":2.079,""angle_deg"":119.1},{""word"":""麻雀"",""x"":351,""y"":41.8,""cx"":370,""cy"":59.2,""angle_rad"":-1.502,""angle_deg"":273.9},{""word"":""椅子"",""x"":261,""y"":180.8,""cx"":280,""cy"":198.2,""angle_rad"":-2.003,""angle_deg"":245.2},{""word"":""买卖"",""x"":393,""y"":355.3,""cx"":412,""cy"":372.7,""angle_rad"":0.351,""angle_deg"":20.1},{""word"":""魔力"",""x"":487,""y"":290.8,""cx"":506,""cy"":308.2,""angle_rad"":-0.262,""angle_deg"":345},{""word"":""结果"",""x"":259,""y"":400.8,""cx"":278,""cy"":418.2,""angle_rad"":2.383,""angle_deg"":136.5},{""word"":""敌意"",""x"":424,""y"":344.8,""cx"":443,""cy"":362.2,""angle_rad"":0.13,""angle_deg"":7.5},{""word"":""纠纷"",""x"":415,""y"":292.8,""cx"":434,""cy"":310.2,""angle_rad"":-0.442,""angle_deg"":334.7},{""word"":""关系"",""x"":278,""y"":290.8,""cx"":297,""cy"":308.2,""angle_rad"":-2.474,""angle_deg"":218.3},{""word"":""铅笔"",""x"":224,""y"":164.8,""cx"":243,""cy"":182.2,""angle_rad"":-2.138,""angle_deg"":237.5},{""word"":""愤怒"",""x"":485,""y"":335.8,""cx"":504,""cy"":353.2,""angle_rad"":0.021,""angle_deg"":1.2},{""word"":""团队"",""x"":238,""y"":381.8,""cx"":257,""cy"":399.2,""angle_rad"":2.655,""angle_deg"":152.1},{""word"":""洗衣机"",""x"":144,""y"":224.8,""cx"":170,""cy"":242.2,""angle_rad"":-2.602,""angle_deg"":210.9},{""word"":""大腿"",""x"":381,""y"":204.8,""cx"":400,""cy"":222.2,""angle_rad"":-1.198,""angle_deg"":291.4},{""word"":""慈善"",""x"":231,""y"":360.8,""cx"":250,""cy"":378.2,""angle_rad"":2.867,""angle_deg"":164.2},{""word"":""手指"",""x"":353,""y"":160.8,""cx"":372,""cy"":178.2,""angle_rad"":-1.443,""angle_deg"":277.3},{""word"":""性质"",""x"":324,""y"":391.8,""cx"":343,""cy"":409.2,""angle_rad"":1.688,""angle_deg"":96.7},{""word"":""猫"",""x"":354,""y"":66.8,""cx"":366,""cy"":84.2,""angle_rad"":-1.511,""angle_deg"":273.4},{""word"":""眼睛"",""x"":380,""y"":173.8,""cx"":399,""cy"":191.2,""angle_rad"":-1.271,""angle_deg"":287.2},{""word"":""床"",""x"":271,""y"":281.8,""cx"":283,""cy"":299.2,""angle_rad"":-2.493,""angle_deg"":217.2},{""word"":""鼠标"",""x"":421,""y"":72.8,""cx"":440,""cy"":90.2,""angle_rad"":-1.237,""angle_deg"":289.1},{""word"":""微波炉"",""x"":196,""y"":208.8,""cx"":222,""cy"":226.2,""angle_rad"":-2.373,""angle_deg"":224},{""word"":""原因"",""x"":241,""y"":307.8,""cx"":260,""cy"":325.2,""angle_rad"":-2.873,""angle_deg"":195.4},{""word"":""锤子"",""x"":407,""y"":373.8,""cx"":426,""cy"":391.2,""angle_rad"":0.497,""angle_deg"":28.5},{""word"":""勺子"",""x"":184,""y"":172.8,""cx"":203,""cy"":190.2,""angle_rad"":-2.314,""angle_deg"":227.4},{""word"":""缘分"",""x"":302,""y"":303.8,""cx"":321,""cy"":321.2,""angle_rad"":-2.36,""angle_deg"":224.8},{""word"":""胳膊"",""x"":413,""y"":160.8,""cx"":432,""cy"":178.2,""angle_rad"":-1.125,""angle_deg"":295.5},{""word"":""老鼠"",""x"":385,""y"":70.8,""cx"":404,""cy"":88.2,""angle_rad"":-1.367,""angle_deg"":281.7},{""word"":""兴奋"",""x"":352,""y"":308.8,""cx"":371,""cy"":326.2,""angle_rad"":-0.848,""angle_deg"":311.4},{""word"":""耳朵"",""x"":346,""y"":188.8,""cx"":365,""cy"":206.2,""angle_rad"":-1.467,""angle_deg"":276},{""word"":""社会"",""x"":268,""y"":343.8,""cx"":287,""cy"":361.2,""angle_rad"":2.966,""angle_deg"":169.9},{""word"":""牙刷"",""x"":277,""y"":192.8,""cx"":296,""cy"":210.2,""angle_rad"":-1.939,""angle_deg"":248.9},{""word"":""过程"",""x"":290,""y"":418.8,""cx"":309,""cy"":436.2,""angle_rad"":2.015,""angle_deg"":115.4},{""word"":""光彩"",""x"":371,""y"":260.8,""cx"":390,""cy"":278.2,""angle_rad"":-1.062,""angle_deg"":299.1},{""word"":""空调"",""x"":252,""y"":221.8,""cx"":271,""cy"":239.2,""angle_rad"":-2.19,""angle_deg"":234.5},{""word"":""乌龟"",""x"":314,""y"":47.8,""cx"":333,""cy"":65.2,""angle_rad"":-1.63,""angle_deg"":266.6},{""word"":""地位"",""x"":285,""y"":365.8,""cx"":304,""cy"":383.2,""angle_rad"":2.516,""angle_deg"":144.2},{""word"":""创伤"",""x"":410,""y"":320.8,""cx"":429,""cy"":338.2,""angle_rad"":-0.148,""angle_deg"":351.5},{""word"":""死亡"",""x"":430,""y"":293.8,""cx"":449,""cy"":311.2,""angle_rad"":-0.373,""angle_deg"":338.6},{""word"":""快乐"",""x"":315,""y"":273.8,""cx"":334,""cy"":291.2,""angle_rad"":-1.836,""angle_deg"":254.8},{""word"":""身份"",""x"":311,""y"":372.8,""cx"":330,""cy"":390.2,""angle_rad"":2.032,""angle_deg"":116.4},{""word"":""婚姻"",""x"":267,""y"":314.8,""cx"":286,""cy"":332.2,""angle_rad"":-2.87,""angle_deg"":195.5},{""word"":""错误"",""x"":399,""y"":334.8,""cx"":418,""cy"":352.2,""angle_rad"":0.032,""angle_deg"":1.9},{""word"":""脚踝"",""x"":446,""y"":182.8,""cx"":465,""cy"":200.2,""angle_rad"":-0.916,""angle_deg"":307.5},{""word"":""老虎"",""x"":369,""y"":102.8,""cx"":388,""cy"":120.2,""angle_rad"":-1.407,""angle_deg"":279.4},{""word"":""冷漠"",""x"":423,""y"":359.8,""cx"":442,""cy"":377.2,""angle_rad"":0.287,""angle_deg"":16.5},{""word"":""疾病"",""x"":450,""y"":370.8,""cx"":469,""cy"":388.2,""angle_rad"":0.311,""angle_deg"":17.8},{""word"":""扫帚"",""x"":157,""y"":265.8,""cx"":176,""cy"":283.2,""angle_rad"":-2.775,""angle_deg"":201},{""word"":""难过"",""x"":405,""y"":290.8,""cx"":424,""cy"":308.2,""angle_rad"":-0.514,""angle_deg"":330.5},{""word"":""钥匙"",""x"":226,""y"":266.8,""cx"":245,""cy"":284.2,""angle_rad"":-2.582,""angle_deg"":212.1},{""word"":""天堂"",""x"":354,""y"":265.8,""cx"":373,""cy"":283.2,""angle_rad"":-1.239,""angle_deg"":289},{""word"":""义务"",""x"":217,""y"":349.8,""cx"":236,""cy"":367.2,""angle_rad"":2.992,""angle_deg"":171.4},{""word"":""数据"",""x"":254,""y"":368.8,""cx"":273,""cy"":386.2,""angle_rad"":2.702,""angle_deg"":154.8},{""word"":""爱心"",""x"":206,""y"":369.8,""cx"":225,""cy"":387.2,""angle_rad"":2.852,""angle_deg"":163.4},{""word"":""内容"",""x"":187,""y"":335.8,""cx"":206,""cy"":353.2,""angle_rad"":3.119,""angle_deg"":178.7},{""word"":""现象"",""x"":310,""y"":344.8,""cx"":329,""cy"":362.2,""angle_rad"":2.615,""angle_deg"":149.8},{""word"":""柜子"",""x"":192,""y"":262.8,""cx"":211,""cy"":280.2,""angle_rad"":-2.676,""angle_deg"":206.7},{""word"":""奇迹"",""x"":351,""y"":252.8,""cx"":370,""cy"":270.2,""angle_rad"":-1.325,""angle_deg"":284.1},{""word"":""恐惧"",""x"":469,""y"":297.8,""cx"":488,""cy"":315.2,""angle_rad"":-0.247,""angle_deg"":345.8},{""word"":""膝盖"",""x"":415,""y"":212.8,""cx"":434,""cy"":230.2,""angle_rad"":-0.959,""angle_deg"":305},{""word"":""舒心"",""x"":357,""y"":292.8,""cx"":376,""cy"":310.2,""angle_rad"":-0.992,""angle_deg"":303.2},{""word"":""债务"",""x"":226,""y"":318.8,""cx"":245,""cy"":336.2,""angle_rad"":-3.011,""angle_deg"":187.5},{""word"":""大象"",""x"":388,""y"":132.8,""cx"":407,""cy"":150.2,""angle_rad"":-1.293,""angle_deg"":285.9},{""word"":""作用"",""x"":317,""y"":417.8,""cx"":336,""cy"":435.2,""angle_rad"":1.734,""angle_deg"":99.3},{""word"":""纪律"",""x"":308,""y"":391.8,""cx"":327,""cy"":409.2,""angle_rad"":1.941,""angle_deg"":111.2},{""word"":""电视"",""x"":137,""y"":210.8,""cx"":156,""cy"":228.2,""angle_rad"":-2.581,""angle_deg"":212.1},{""word"":""肩膀"",""x"":439,""y"":167.8,""cx"":458,""cy"":185.2,""angle_rad"":-0.991,""angle_deg"":303.2},{""word"":""鼻子"",""x"":379,""y"":159.8,""cx"":398,""cy"":177.2,""angle_rad"":-1.3,""angle_deg"":285.5},{""word"":""斧头"",""x"":489,""y"":318.8,""cx"":508,""cy"":336.2,""angle_rad"":-0.087,""angle_deg"":355},{""word"":""风景"",""x"":311,""y"":270.8,""cx"":330,""cy"":288.2,""angle_rad"":-1.884,""angle_deg"":252.1},{""word"":""熊猫"",""x"":425,""y"":128.8,""cx"":444,""cy"":146.2,""angle_rad"":-1.139,""angle_deg"":294.8},{""word"":""骗局"",""x"":496,""y"":367.8,""cx"":515,""cy"":385.2,""angle_rad"":0.21,""angle_deg"":12},{""word"":""桌子"",""x"":235,""y"":192.8,""cx"":254,""cy"":210.2,""angle_rad"":-2.173,""angle_deg"":235.5}],""n_words"":90,""words"":[""骄傲"",""冰箱"",""兔子"",""反感"",""协议"",""嘴唇"",""剪刀"",""长颈鹿"",""制度"",""过失"",""友情"",""方法"",""蚂蚁"",""沮丧"",""沙发"",""暴力"",""筷子"",""概念"",""麻雀"",""椅子"",""买卖"",""魔力"",""结果"",""敌意"",""纠纷"",""关系"",""铅笔"",""愤怒"",""团队"",""洗衣机"",""大腿"",""慈善"",""手指"",""性质"",""猫"",""眼睛"",""床"",""鼠标"",""微波炉"",""原因"",""锤子"",""勺子"",""缘分"",""胳膊"",""老鼠"",""兴奋"",""耳朵"",""社会"",""牙刷"",""过程"",""光彩"",""空调"",""乌龟"",""地位"",""创伤"",""死亡"",""快乐"",""身份"",""婚姻"",""错误"",""脚踝"",""老虎"",""冷漠"",""疾病"",""扫帚"",""难过"",""钥匙"",""天堂"",""义务"",""数据"",""爱心"",""内容"",""现象"",""柜子"",""奇迹"",""恐惧"",""膝盖"",""舒心"",""债务"",""大象"",""作用"",""纪律"",""电视"",""肩膀"",""鼻子"",""斧头"",""风景"",""熊猫"",""骗局"",""桌子""],""distance_matrix"":[[0,0.413345375770843,0.8426520374347478,0.4604999495527727,0.1902148379501188,0.4897134475224576,0.5780054577210346,0.7699604782304003,0.1582962639584406,0.4885411149610092,0.1742869273945543,0.21924688381116458,0.7542010390639655,0.4377073422151779,0.3113562395772824,0.4631479893079866,0.5191196686195438,0.11125939480639306,0.8787277397710448,0.5067657619874386,0.2979891950311942,0.5770954337039569,0.04099707277539526,0.38056380060725625,0.414462129859245,0.22778887717925095,0.5603061676159437,0.5356716603053155,0.07894749333636215,0.49967604618228106,0.5190294807372209,0.11312885724152989,0.5903472302997282,0.11469506784489797,0.8148387356977236,0.5866991235854937,0.25154652525583626,0.8617559014559439,0.4695884887271128,0.20151495098007352,0.3250297977785389,0.5720595174810978,0.20645878951961918,0.6561094485576154,0.8318789839584889,0.2645036147338623,0.5177230469520632,0.09463725859697154,0.4754400044975257,0.0800922035458272,0.38743900502048656,0.40576561818725226,0.8479954251069216,0.0450737712102392,0.36850847856396624,0.4453099188665349,0.288942176659159,0.08652274739635493,0.16775953495738138,0.32873030434116607,0.6601463408765815,0.7422005018681264,0.3698147136821253,0.43400784876902,0.4111483030691401,0.3965408446137478,0.3118196665118457,0.3520400259097663,0.15782806429248128,0.05373022011299531,0.1639988684409777,0.24109002300053453,0.1253233193093848,0.361157104383665,0.3759593741563524,0.5283225858996742,0.5516987761132515,0.3025535241130307,0.19576509723713756,0.6890439658977878,0.12289200232149447,0.07465847514973381,0.549337217591166,0.6786889674247413,0.6174914676257625,0.55679685978606,0.29282873178625507,0.7410815613872058,0.5505532945555092,0.4852451829286228],[0.413345375770843,0,0.6764657012816305,0.6896633240236435,0.5369296119432332,0.2691139870170853,0.1648114348730173,0.5945633692510438,0.42902699069515815,0.7501966908983866,0.33489304499478656,0.5924589718585842,0.4391602608628692,0.5991842862258829,0.13006173752068145,0.6536573411890461,0.1011729967084556,0.5295209356446792,0.5866457799659112,0.17159962515639837,0.5512184675723403,0.7089719092749011,0.43615000341220034,0.6049415771429879,0.5337558994722555,0.2204843725695104,0.15907996568037125,0.7364183898018697,0.3766416020928676,0.13228468830781936,0.42972132725127277,0.32118295851753503,0.39449653729011075,0.48912762362023493,0.5309637017624184,0.4455402336655333,0.1788823150430384,0.6579569469386928,0.04440521331550748,0.1991884636391247,0.6069984241440143,0.14607705977934748,0.28830547231128073,0.5351116433683195,0.5906811545772205,0.40146468002756047,0.3521101505405377,0.3108723855280393,0.1865410979775116,0.505989651049858,0.40644509526689726,0.10091991548414668,0.5221172277746765,0.3803442159769865,0.5465427819800536,0.5708773037077938,0.27894994538390067,0.4309338009902345,0.2469197206655683,0.5372785322727559,0.6012864604530059,0.5074485192158499,0.6213607891248234,0.6943047805729673,0.14376399989812347,0.5080874073846627,0.08913198374032977,0.3669956994756148,0.28912233198646825,0.3551823992102982,0.33887181081388856,0.25812030352097265,0.3741617677640385,0.07782363965293967,0.3532041021060665,0.6687256742479546,0.5127569623110004,0.39543772055416193,0.21448294401447437,0.5055949908469054,0.53467373143443,0.4666025881824929,0.17387601638556482,0.5928022922180674,0.45554145216988934,0.7319278372777909,0.26675538274428273,0.593662379028961,0.793797235661552,0.10522976291674246],[0.8426520374347478,0.6764657012816305,0,0.6433675632234942,0.7761979858418088,0.4010398549473151,0.7518544760101631,0.06941059321890711,0.7012171003746674,0.7092199630619217,0.6557221165516373,0.8275600036891907,0.3217475089236341,0.5414080485987922,0.6177501612722425,0.5821209616037671,0.624072897022459,0.9519692432653293,0.25334346725222767,0.4985390709488885,0.6630541033848382,0.5002373553083401,0.894565223361914,0.6263783938968179,0.49801345933958013,0.6390796261249704,0.5702852977216755,0.6109226051874971,0.8833103592548823,0.7976532031346911,0.3110600882531345,0.8514209394403545,0.2725873106193935,0.8010942013535213,0.23884998489293063,0.24683348920992537,0.645586057158672,0.06253824204367764,0.6613949077690943,0.733317699685643,0.7037072374083477,0.6728002028683657,0.6290593320019653,0.17529326455238664,0.14421303598907712,0.5800317208735934,0.3324467145152702,0.7610740869140052,0.4773880303075513,0.8979594952950131,0.44953487244903145,0.570159144702912,0.332826336125073,0.7849479515464347,0.5698902928240258,0.4966719499635309,0.5479189289086562,0.7701034415355049,0.7037206258415617,0.6093158117602738,0.21505931781527826,0.1761757591686173,0.6643905734498721,0.6905367832472925,0.8325563227149029,0.4971613201710892,0.6906822543229324,0.4793023489236888,0.8527408021212626,0.83320666236695,0.9091707590546325,0.8798747050325896,0.7078723588411828,0.7539133247304732,0.45405048008015897,0.5098770331106538,0.29894229746319567,0.5378537673155344,0.7796070773757973,0.15932181619005858,0.8687587069967962,0.8169069805065822,0.8166525870401043,0.1772731108631113,0.22164711038405374,0.5705430038139823,0.5477078728416632,0.08913198374032974,0.6955247244143568,0.5709375669150663],[0.4604999495527727,0.6896633240236435,0.6433675632234942,0,0.2691139870170853,0.5369296119432332,0.8621945338565343,0.6059398470246088,0.303444827436955,0.05980975727826619,0.3667261294331759,0.27982573368557645,0.7580601520305114,0.10279065546665944,0.5473768681259933,0.049346832205159945,0.7440744002874097,0.49776924138999096,0.8166101805416726,0.6469833668732901,0.1519554581442244,0.15814657971169194,0.5055826528725946,0.0751332415228504,0.17196365594857432,0.467934902062866,0.7447838310297232,0.06671697336658323,0.5488022203452967,0.8274458461735165,0.4069711236948547,0.5618051840179935,0.5384922132040733,0.3409664740094258,0.7607434597169073,0.4787691732309871,0.5088665266636425,0.6990192911022244,0.7266233946525756,0.5472341333253641,0.12780360690596487,0.8149430432981167,0.40007271712079406,0.4835471298461088,0.7214853181986429,0.2766052303280234,0.4874427536283067,0.46822086740468294,0.5965503033275906,0.44470216934771684,0.30570233918151646,0.6033036110698505,0.8379368229991442,0.4262386597989761,0.13184283422657556,0.15021274708833568,0.3992430432085804,0.362838187704853,0.4793023489236888,0.1426151388143103,0.415770036459985,0.6559947069105134,0.07814112971996935,0.039485777479848015,0.7789288568954479,0.19169087315927524,0.6121313846560449,0.3285991689859797,0.5967759198384549,0.5049839081080545,0.6261932594629329,0.6738069060438591,0.3620113888360121,0.6966208798100898,0.355963806820682,0.12670670717228696,0.3552693042350801,0.28313008000516054,0.5799022475690496,0.568725664329381,0.38101884492494215,0.37990467822077606,0.8738978877954542,0.45509739354595147,0.512343031331874,0.10184514493199796,0.4117589049618916,0.5573804405183863,0.09161466800587706,0.6798948727845879],[0.1902148379501188,0.5369296119432332,0.7761979858418088,0.2691139870170853,0,0.5065872360542851,0.7134283146591761,0.7149897367459204,0.09936088318825383,0.28813545685509767,0.19508904405112193,0.04814909755160542,0.7712217389274765,0.2770359636998266,0.4036053433639157,0.2854449228966816,0.624354012289974,0.21701652106963248,0.8724073104514934,0.5704223896101135,0.12242534120870888,0.40964443335477674,0.22865161860633218,0.20055741397070312,0.2813955792373273,0.30697518485953906,0.6488176895359749,0.34760353009139594,0.28176501567650497,0.6520432295706129,0.4651126773355543,0.3081034702653843,0.5714741828708513,0.06321556523090514,0.8093498320962419,0.5425032972431525,0.3467416841542549,0.8115870167529425,0.5872855903541911,0.3433901829337326,0.12889200590213387,0.68838757851142,0.2458212068700862,0.5902199723996098,0.8028210167954778,0.19729348534364233,0.501065722594637,0.23639733208155927,0.5269083095414087,0.16300062680017102,0.32138400955610413,0.4886622979727528,0.8630638381227965,0.17380744317389732,0.21601205181263783,0.3009468720826256,0.3016088310569244,0.10622904678474215,0.2811345208618432,0.1709913035262205,0.5647749328966163,0.719112484397951,0.17968186805392436,0.2358447221098394,0.5786708372562342,0.2734602272066698,0.43975425541300445,0.30596333571758094,0.34969183132805215,0.24682116809107632,0.36570508151944436,0.4327463228474587,0.15015384449066438,0.5110016011283718,0.33891728198979315,0.36293183349443664,0.4655407500341961,0.23780543628564577,0.35995781560082124,0.6478890650882693,0.10170543986717402,0.10367352697868444,0.7018885476591025,0.5931770813587972,0.5773935127656928,0.37543249993767935,0.3120659007277195,0.6761919296008854,0.3515136607487964,0.573659358643477],[0.4897134475224576,0.2691139870170853,0.4010398549473151,0.5369296119432332,0.5065872360542851,0,0.3846404366057416,0.31913684185733027,0.4004211476008916,0.6077512363213962,0.3186160998545007,0.5671618356512,0.25540281073262144,0.42545124419585706,0.20850658322818652,0.4844740596532753,0.2481117068087307,0.6117782123827098,0.3768140245430394,0.11877230135463931,0.45100761362139913,0.4970170675497564,0.5350182515377284,0.4688586888152899,0.35390251769936487,0.2544349817840323,0.21938470848714103,0.5581426842641315,0.5053049707504523,0.4034440231230226,0.16538700353751712,0.46352411943437377,0.11581987487698102,0.49651500100198803,0.31315693316516086,0.1645951147423177,0.24751025209613342,0.39355317324896105,0.2667096097269719,0.3334180838220693,0.5087316444936055,0.31420520172292743,0.2742079193171949,0.25377580982087,0.3425271142329737,0.3024114933703521,0.07347866972641956,0.38991646532948304,0.07600305323655732,0.5665605125582165,0.21884672821213746,0.15812785995575718,0.34898528369650206,0.43510162822091075,0.39901789030199075,0.38341539413986686,0.1973696127705887,0.44757314854778923,0.32091470195935135,0.4127746272395484,0.32679562965259834,0.25247666700284904,0.49862662034918465,0.5608806033231947,0.42276484817322113,0.3326689826898223,0.2775652194579297,0.20471549792716065,0.45570530584915314,0.46074313437585307,0.5133894031964233,0.47144119654546435,0.3767976066462891,0.3412195300260075,0.17256878395069358,0.4677818739843156,0.2536797943486583,0.2692614533516705,0.37728984284827205,0.22910167225736244,0.5614934436989312,0.49571066314388124,0.4327463228474587,0.31371577568279035,0.17403021401121038,0.5396916512291287,0.18966249896673187,0.31327466385301145,0.6329484582832646,0.1821264953005708],[0.5780054577210346,0.1648114348730173,0.7518544760101631,0.8621945338565343,0.7134283146591761,0.3846404366057416,0,0.6733410234166983,0.6062653585591418,0.9244939010524672,0.512343031331874,0.7681077625518739,0.45591004237031774,0.7670998076663728,0.3060034700565653,0.8231536837683326,0.1239259190179238,0.6874749084657209,0.6008540954527645,0.2555816550848227,0.7276616293674932,0.868609981785704,0.5935516387804753,0.7787834483191002,0.6992618313266512,0.39793699495703405,0.16901338862659976,0.9050100228578305,0.5279028315715562,0.08900625781613114,0.5610589516805708,0.4721143519684528,0.4916887488182404,0.6630718457483927,0.5572121612554428,0.5569764867682755,0.356310567875603,0.7171613543182256,0.12305701600250003,0.3668609383895845,0.7838730088632239,0.06671697336658323,0.4655942321798818,0.6425580885842848,0.6364597777476286,0.5759613565871008,0.47042970460238953,0.4806003603143255,0.296511379108649,0.670464179538197,0.5663617732462243,0.2498712719477825,0.5180665230189463,0.5508540670242662,0.7181288210230825,0.7353591863076344,0.4503158534144613,0.6050865039064547,0.42124966476816406,0.7116031366216515,0.7232034448858805,0.5668474601238025,0.7967096964235867,0.8691938561556469,0.19223774391490622,0.6739885145886185,0.2616279454138763,0.5306401490094931,0.4330620390744243,0.5156938082630373,0.4726021351300474,0.37765861260473493,0.5506497862385057,0.2056547967730765,0.511947056695342,0.8311935243326873,0.6486001601892692,0.5665605125582165,0.3708164820896456,0.5910201901042672,0.7049379276113252,0.6382402607846911,0.06731895483566229,0.7067711278600477,0.5572850883698204,0.8973519199237228,0.43779252024864673,0.6846151148423661,0.9659371036770529,0.1906556286784433],[0.7699604782304003,0.5945633692510438,0.06941059321890711,0.6059398470246088,0.7149897367459204,0.31913684185733027,0.6733410234166983,0,0.6342742316185039,0.6747144689351373,0.5833076932562318,0.768537591169318,0.2608809294831806,0.4981198767738265,0.5366270350346093,0.5439870796226299,0.5440789669069287,0.8818604856131852,0.22705643982629614,0.4174086184650169,0.6083345528647499,0.4766371943871684,0.8212236291172366,0.5794002710759112,0.44757314854778923,0.5608806033231947,0.4916887488182404,0.582448757478451,0.8072118332896003,0.7168152064850652,0.24098920522123055,0.7737747794968018,0.1907342407774815,0.7350129116886563,0.19428722453799643,0.17083455196835642,0.5658812047144351,0.08427276051750623,0.5802258778148945,0.6536573411890461,0.6527739079045013,0.5945844290440718,0.5541576706605031,0.11401538899987493,0.11532118127120916,0.5135291672835837,0.252368117626307,0.6853345970057718,0.39543772055416193,0.8288223128005456,0.38335081324062603,0.488107167040378,0.2905069965481338,0.7122649638869646,0.5185843297597933,0.4514469746776319,0.4722330470904181,0.7010782558394375,0.6261382091489064,0.55539719671757,0.18458945047424305,0.10791147258939236,0.6172326677323065,0.6503962592498466,0.750590531467988,0.4433580627487566,0.6089867547040785,0.4094854210131056,0.7737625837254324,0.7576867311717874,0.8304961322980781,0.7991432051593362,0.6369324255462714,0.6718620797315226,0.3822513220415388,0.4788342256248435,0.24528878800694792,0.47114391844528286,0.6997107618309613,0.07739857816586018,0.8030091754988895,0.7485730945335772,0.7367896105248378,0.1427797817575617,0.1426151388143103,0.5447619033028016,0.4712760645912851,0.03824443534707437,0.667969846864509,0.489815260217865],[0.1582962639584406,0.42902699069515815,0.7012171003746674,0.303444827436955,0.09936088318825383,0.4004211476008916,0.6062653585591418,0.6342742316185039,0,0.34403611395185496,0.08347781169663472,0.15937757955829818,0.6673072209813118,0.26768067824929387,0.2930170557143738,0.2973066132105238,0.51331646805956,0.24279783731396187,0.77507457753067,0.45884839080551293,0.13920588549072238,0.4071387043141719,0.2103922951148041,0.2183490189475378,0.24428286280014308,0.1969276887566737,0.5368598012906685,0.37410390800570575,0.2385192568885151,0.5499853614424953,0.3807832626799007,0.2460684702193878,0.4754793031825592,0.08856498714597114,0.7114088858715231,0.45532289135260295,0.23770329576372573,0.7295151612094362,0.4779096731456429,0.2463278426497736,0.18186369253847723,0.578216512845665,0.13397339486612747,0.5133103896749498,0.7124501672698822,0.10854625320747743,0.4033518120405202,0.15328540313938568,0.41600130669014396,0.1865410979775116,0.23905329381694973,0.3768140245430394,0.7600817809246586,0.1131034359233748,0.19820520039617595,0.27444186974851914,0.19223774391490622,0.06253824204367764,0.17993104757682418,0.16034128845788995,0.5035242677579739,0.6260330999185773,0.21562023116881834,0.28668642662383964,0.4837983442286998,0.22761595713403715,0.3344788456259535,0.21366507885708072,0.28077518634685117,0.19117390820747565,0.3113562395772824,0.35903000589062734,0.04893287134598868,0.4103327960605146,0.24428286280014308,0.3583067717455788,0.3976176258304926,0.15076148078322021,0.2712503821958731,0.5607746827401384,0.15662357190993625,0.10449517580794367,0.5993671435104518,0.5264993136720248,0.4890511613751627,0.39108219231636826,0.20203679756021747,0.5996804860976964,0.40126390796772526,0.4617954948759673],[0.4885411149610092,0.7501966908983866,0.7092199630619217,0.05980975727826619,0.28813545685509767,0.6077512363213962,0.9244939010524672,0.6747144689351373,0.34403611395185496,0,0.41756470226413883,0.28402585754002846,0.8305112991280581,0.17524222493411906,0.6075089924159566,0.12024797398540175,0.8092564839172899,0.5090626566591846,0.8880081042206662,0.7155694679768103,0.19438376127108312,0.2081014408115454,0.5293617019884892,0.1332301425361979,0.24404633424545782,0.5239494319364355,0.8123546478380945,0.09611705776505833,0.5791896380947485,0.8854451843811915,0.47939981855353997,0.5980964620442416,0.61094311249563,0.36351021721341364,0.8325563227149029,0.5509221441645038,0.5655716619566632,0.7668004483124643,0.789313045599363,0.5969699881394339,0.1518923219152526,0.8797851514550006,0.4551794053244763,0.5535481830032353,0.7917808537869064,0.3361235253727887,0.5596306085267682,0.5099015059759268,0.6652965949308812,0.45966135451719575,0.37628008813843955,0.6678571050457695,0.9102348593930666,0.46102669220312215,0.19861418849292511,0.22257316230776916,0.46215923007282966,0.39459075350172435,0.5289132373606549,0.2003173570027886,0.4822956046505871,0.7275353040401343,0.11850442938919972,0.045018354121842616,0.8318789839584889,0.263023144201225,0.6687538255237547,0.3970015539665105,0.6357600211614575,0.5389676648484948,0.6602033601535292,0.7154333604501603,0.40490897466836756,0.7518042929179989,0.42545124419585706,0.18726205665842727,0.42638432252215214,0.3474615119936727,0.6264534331189507,0.6398787177898754,0.3927732454080271,0.40378195573172865,0.9327405396673539,0.5223861843463422,0.5843367848851351,0.14018697133409638,0.47477800105218243,0.6256174987936146,0.052170570085245165,0.7460490216844653],[0.1742869273945543,0.33489304499478656,0.6557221165516373,0.3667261294331759,0.19508904405112193,0.3186160998545007,0.512343031331874,0.5833076932562318,0.08347781169663472,0.41756470226413883,0,0.2543511775520204,0.5866404453427998,0.30444454899156626,0.19717162400794122,0.3467416841542549,0.41722273052397396,0.2880185154609483,0.7025593645748361,0.3656459283031141,0.21133990262332972,0.4392451650306024,0.2265089817030976,0.27894994538390067,0.2603661703498358,0.10184514493199796,0.4412287971217469,0.42875909021495756,0.22629499924687466,0.4604796785086305,0.33211304356830834,0.2124042991758413,0.4080895998771823,0.16738700340214682,0.6385496265204968,0.4002663259085538,0.1434161325321359,0.6756858616148399,0.38260737447337495,0.16786583133192143,0.26342874900297997,0.482411858706169,0.03824443534707437,0.46929006779462734,0.6490496420169426,0.09611705776505833,0.3351137496051187,0.10949223832991004,0.32468879048807026,0.23831551532593553,0.20371302476336792,0.28094946406621485,0.6802410091135304,0.11658904691195258,0.23770329576372573,0.29648035455634675,0.10915148016658029,0.11631664002486547,0.1000154668107563,0.21229062450652433,0.47732278590349764,0.5602168831958738,0.2864192968477539,0.36003502881259225,0.40171165055380803,0.23763943677005617,0.24336041441855982,0.16588910397697557,0.23536823493093834,0.17416717171639662,0.279289625141757,0.3028981897569128,0.04557015106921173,0.3232166101055399,0.18902940208645086,0.39146210956357547,0.36830712177688607,0.12485909715759756,0.2024236353315487,0.5034065747674273,0.23057831207720256,0.1645229493371321,0.5092403358009406,0.4937131698491878,0.43161796136228425,0.4375156327113738,0.11631664002486547,0.5541576706605031,0.46939619418108064,0.3659500463845813],[0.21924688381116458,0.5924589718585842,0.8275600036891907,0.27982573368557645,0.04814909755160542,0.5671618356512,0.7681077625518739,0.768537591169318,0.15937757955829818,0.28402585754002846,0.2543511775520204,0,0.8313261151922505,0.30953555936593624,0.4614449675965505,0.30753483211079935,0.6823602075207114,0.21308514503912382,0.9308720167680782,0.6308205456129139,0.15818869166243732,0.4343727392876496,0.24769451846215373,0.2254908525449804,0.32471722092765953,0.36466432480546757,0.7082094960798913,0.35913321020183614,0.3093767528634167,0.7034528096172772,0.5207704107300287,0.3433093591402351,0.6299455173622309,0.0975189652988062,0.8680293504626907,0.5986458460174714,0.4036053433639157,0.8653535007343214,0.6438254977921368,0.3938993275687718,0.14317011149806022,0.7454925979175968,0.3052199364006839,0.6429483216156835,0.8593174810465377,0.25635527326575736,0.5600829304678612,0.2832165381166392,0.5875519767193458,0.16717378171290218,0.37758488653276173,0.547833375217223,0.9229404182310946,0.21601205181263783,0.2554028107326215,0.3395714160173514,0.36238665750782656,0.15247420078536836,0.3343959464293766,0.21130778550243706,0.6121313846560449,0.7765464443306295,0.1969276887566737,0.23840467260530346,0.6261382091489064,0.3200605929394455,0.4938962331692073,0.3645372067925886,0.3868552525810331,0.281862730102462,0.3954768894205573,0.4705620460704492,0.2063566270948836,0.5621111929632885,0.3977734466948131,0.38997999309701087,0.516074883766297,0.29601461206225316,0.4062314460316744,0.703689385774811,0.09887459103431152,0.1334491386894995,0.7534585993106967,0.64232871825644,0.6337600752726986,0.39193650443161193,0.3728039143407452,0.7284288356244532,0.34881727567848203,0.6328246465391635],[0.7542010390639655,0.4391602608628692,0.3217475089236341,0.7580601520305114,0.7712217389274765,0.25540281073262144,0.45591004237031774,0.2608809294831806,0.6673072209813118,0.8305112991280581,0.5866404453427998,0.8313261151922505,0,0.6426263961408447,0.4480383396948922,0.699032767727636,0.3503265482759112,0.8773063237542094,0.13585830951432795,0.26105619427136245,0.702086504120005,0.6724783053923563,0.7971480308186427,0.7042069026571873,0.5753907794981036,0.5148944717332459,0.28621611852927004,0.7596306875851441,0.7607103892228888,0.5249494277849873,0.33864436664652303,0.7139828936449422,0.20692521240526357,0.7643397052296055,0.08913198374032977,0.27211617025788554,0.4994763213428687,0.2671555772303671,0.4031596399394042,0.5783679931214194,0.7573920158275501,0.37805158335560013,0.5415926630940303,0.3089992731734178,0.17779423624555488,0.5631781676286612,0.2648264146926029,0.6512347020936984,0.27366129153963287,0.8335845370553967,0.4575447251661055,0.3645372067925886,0.08122295488743402,0.7009349041112726,0.6344916363292518,0.5954998241759488,0.4653735797616898,0.7156001984138463,0.5794866629316348,0.657532521005835,0.4091823745373037,0.14091737120084338,0.738187504971928,0.7914310454573027,0.5882812703031225,0.5599210291095693,0.4952828405831841,0.45777584586272746,0.6983496306338071,0.719806809901804,0.7553674693480414,0.6952673557791063,0.6448036280730362,0.5287715397761942,0.4240405675664862,0.6579569469386928,0.40438801116205125,0.5260187918360009,0.616882357354035,0.21679368571419716,0.8295248870410356,0.7636810916053249,0.5305813005315362,0.3731106768464339,0.24334792613701062,0.730789135384608,0.4576806922717533,0.29634587883332236,0.8422931283984079,0.32128828606292137],[0.4377073422151779,0.5991842862258829,0.5414080485987922,0.10279065546665944,0.2770359636998266,0.42545124419585706,0.7670998076663728,0.4981198767738265,0.26768067824929387,0.17524222493411906,0.30444454899156626,0.30953555936593624,0.6426263961408447,0,0.45940406749081475,0.04638817614410841,0.6438498470664851,0.5016876764710703,0.7031178984183538,0.540114020679796,0.14202200654176117,0.1268213700899173,0.48831780636037836,0.07614719343953091,0.0589664792201648,0.39039267950826306,0.63968761316403,0.1253233193093848,0.5183917164674552,0.7408439967579074,0.29157025962066785,0.5203267138269333,0.42305844764098705,0.3353894335497849,0.6464791245181105,0.36394342204592856,0.42884599466927187,0.5928867719903785,0.6315256679433511,0.4805420232079819,0.16043366998730768,0.7150776044976948,0.32679562965259834,0.3735827801272471,0.6102506177177355,0.19989660488691438,0.3727458507233051,0.41980310546967126,0.48954159179283924,0.4450655189540808,0.1962707014309712,0.5052987983457282,0.7227471193671745,0.39285997813509504,0.056928481380387724,0.03533412768292496,0.3080536300687799,0.33906275024678323,0.4147614327992049,0.0975189652988062,0.31452782183848166,0.542330506946819,0.113103435