"trial_id","rt","stimulus","response","trial_type","trial_index","plugin_version","time_elapsed","participant_number","success","raw_payload","placements","dissimilarity_vector","n_words","trial_category","distance_matrix","value"
"consent_form","2492","
    <div style=""max-width:800px; margin:0 auto; text-align:left; font-size: 16px; padding: 10px 0;"">
      <h1>Informed Consent Form</h1>
      <p>You are being invited to participate in a research study titled <strong>""Reproducibility of Psychological Science and Instruction.""</strong> This study is being done by Dr. Bria Long from UC San Diego and associated graduate students in the Experimental Methods course. You were selected to participate in this study because you are an adult in the U.S. and have been a represented population in previous psychology studies.</p>
      
      <p>The purpose of this study is to better understand how well previously published studies in the psychological field replicate online and with different populations. Your participation in this research should last approximately <strong>5-30 minutes</strong>. If you agree to take part in this study, you may be asked to view a set of stimuli, including pictures, sounds, written text, or videos and then giving some responses via key-presses, verbally, or with paper-and-pencil. We may also observe your choices or preferences among an array of stimuli. These stimuli will be taken directly from or closely adapted from studies that already exist in the published psychological literature. Stimuli will include, e.g., pictures of objects and human faces, audio and video clips, short text passages, etc. None of the stimuli will be disturbing, threatening, or offensive. The online and in-person experiments described in this protocol will take no more than 30 minutes. An example game you might play would be to click on an image on the screen that matches a word you hear being said out loud. Your total expected time commitment for this study is between 5-30 minutes, and is specified in the study description.</p>
      
      <p>Your participation in this study is completely voluntary and you can withdraw at any time. Choosing not to participate or withdrawing will result in no penalty or loss of benefits to which you are entitled. You are free to skip any question that you choose.</p>
      
      <p>We will not be asking for any personally identifying information, and we will handle responses as confidentially as possible. Your SONA or Prolific IDs will never be tied to your responses on this survey. However, we cannot guarantee the confidentiality of information transmitted over the Internet. To minimize this risk, data containing anything that might be personally identifying (e.g. Prolific IDs or IP addresses) will be encrypted on transfer and storage and will only be accessible to qualified lab personnel. We will be keeping data collected as part of this experiment indefinitely. This anonymized data (containing neither Prolific IDs nor IP addresses) may be shared with the scientific community or with other participants to be used as stimuli in future studies.</p>
      
      <p>If you have questions about this project or if you have a research-related problem, you may contact the researcher(s), <strong>Dr. Bria Long, <a href=""mailto:brlong@ucsd.edu"">brlong@ucsd.edu</a></strong>. If you have any questions concerning your rights as a research subject, you may contact the UC San Diego Office of IRB Administration at <a href=""mailto:irb@ucsd.edu"">irb@ucsd.edu</a> or 858-246-4777.</p>
      
      <h3 style=""margin-top: 25px;"">Consent Statement</h3>
      <p style=""font-weight: bold;"">By participating in this research you are indicating that you are at least 18 years old, have read this consent form, and agree to participate in this research study. Please keep this consent form for your records.</p>
    </div>
  ","0","html-button-response","0","2.1.0","2496","vgqc6rboes_f8tyez","","","","","","","",""
"","30917","","{""participant_date"":""11252025"",""participant_time"":""4:05PM""}","survey-html-form","1","2.1.0","33416","vgqc6rboes_f8tyez","","","","","","","",""
"","5018","
    <div style=""display:flex; align-items:center; justify-content:center; height:100vh; font-family:sans-serif;"">
      <div style=""max-width:900px; margin:0 auto; text-align:center;"">
        <h1 style= ""font-size: 24px;"">Welcome! Thank you for participating in the study.</h1>
        <h2 style= ""font-size: 22px;"">The study will be in Madarin Chinese.</h2>
        <h2 style= ""font-size: 22px;"">Please use desktop computers or laptops for the study. Tablets and phones are not allowed.</h2>
        <p style=""font-size:16px; margin-top:30px;""><em>Press any key to continue.</em></p>
      </div>
    </div>
  ","ArrowDown","html-keyboard-response","2","2.1.0","38435","vgqc6rboes_f8tyez","","","","","","","",""
"","31428","
    <div style=""display:flex; align-items:center; justify-content:center; height:100vh; font-family:sans-serif;"">
      <div style=""max-width:900px; margin:0 auto; text-align:center;"">
        <p style=""font-size:18px; line-height:1.6;"">
          In this task, you will be presented with <strong>90 words</strong> arranged <strong>outside a circle</strong>.<br>
          Your job is to <strong>drag these words into the circle</strong> and <strong>rearrange them</strong> based on their <strong>meaning similarity</strong>.<br><br>
          Words that are <strong>similar in meaning</strong> should be placed <strong>closer together</strong>.<br>
          Words that are <strong>different in meaning</strong> should be placed <strong>farther apart</strong>.<br><br>
          You can place the words <strong>anywhere inside the circle</strong>. There is no single correct answer — 
          we are interested in <strong>your personal judgment</strong> of how these words relate to each other.<br><br>
          <strong>You must move all words into the circle before you can finish.</strong><br>
          After the initial arrangement, you will arrange words from specific categories.
        </p>
        <p style=""font-size:16px; margin-top:30px;""><em>Press any key to continue.</em></p>
      </div>
    </div>
  ","ArrowDown","html-keyboard-response","3","2.1.0","69866","vgqc6rboes_f8tyez","","","","","","","",""
"","2211","","","fullscreen","4","2.1.0","73083","vgqc6rboes_f8tyez","true","{""placements"":[{""word"":""骄傲"",""x"":73,""y"":325.5,""cx"":92,""cy"":342.5,""angle_rad"":-3.113,""angle_deg"":181.7},{""word"":""冰箱"",""x"":516,""y"":431.5,""cx"":535,""cy"":448.5,""angle_rad"":0.489,""angle_deg"":28},{""word"":""兔子"",""x"":104,""y"":487.5,""cx"":123,""cy"":504.5,""angle_rad"":2.544,""angle_deg"":145.8},{""word"":""反感"",""x"":64,""y"":309.5,""cx"":83,""cy"":326.5,""angle_rad"":-3.054,""angle_deg"":185},{""word"":""协议"",""x"":283,""y"":423.5,""cx"":302,""cy"":440.5,""angle_rad"":2.058,""angle_deg"":117.9},{""word"":""嘴唇"",""x"":205,""y"":582.5,""cx"":224,""cy"":599.5,""angle_rad"":2.038,""angle_deg"":116.8},{""word"":""剪刀"",""x"":528,""y"":415.5,""cx"":547,""cy"":432.5,""angle_rad"":0.397,""angle_deg"":22.7},{""word"":""长颈鹿"",""x"":71,""y"":486.5,""cx"":97,""cy"":503.5,""angle_rad"":2.596,""angle_deg"":148.8},{""word"":""制度"",""x"":290,""y"":412.5,""cx"":309,""cy"":429.5,""angle_rad"":2.047,""angle_deg"":117.3},{""word"":""过失"",""x"":510,""y"":270.5,""cx"":529,""cy"":287.5,""angle_rad"":-0.336,""angle_deg"":340.8},{""word"":""友情"",""x"":400,""y"":192.5,""cx"":419,""cy"":209.5,""angle_rad"":-1.114,""angle_deg"":296.2},{""word"":""方法"",""x"":423,""y"":379.5,""cx"":442,""cy"":396.5,""angle_rad"":0.468,""angle_deg"":26.8},{""word"":""蚂蚁"",""x"":98,""y"":482.5,""cx"":117,""cy"":499.5,""angle_rad"":2.571,""angle_deg"":147.3},{""word"":""沮丧"",""x"":72,""y"":324.5,""cx"":91,""cy"":341.5,""angle_rad"":-3.109,""angle_deg"":181.9},{""word"":""沙发"",""x"":517,""y"":437.5,""cx"":536,""cy"":454.5,""angle_rad"":0.512,""angle_deg"":29.3},{""word"":""暴力"",""x"":545,""y"":290.5,""cx"":564,""cy"":307.5,""angle_rad"":-0.196,""angle_deg"":348.8},{""word"":""筷子"",""x"":504,""y"":443.5,""cx"":523,""cy"":460.5,""angle_rad"":0.568,""angle_deg"":32.6},{""word"":""概念"",""x"":362,""y"":315.5,""cx"":381,""cy"":332.5,""angle_rad"":-0.514,""angle_deg"":330.6},{""word"":""麻雀"",""x"":86,""y"":485.5,""cx"":105,""cy"":502.5,""angle_rad"":2.585,""angle_deg"":148.1},{""word"":""椅子"",""x"":514,""y"":405.5,""cx"":533,""cy"":422.5,""angle_rad"":0.377,""angle_deg"":21.6},{""word"":""买卖"",""x"":387,""y"":533.5,""cx"":406,""cy"":550.5,""angle_rad"":1.298,""angle_deg"":74.4},{""word"":""魔力"",""x"":234,""y"":62.5,""cx"":253,""cy"":79.5,""angle_rad"":-1.915,""angle_deg"":250.3},{""word"":""结果"",""x"":367,""y"":314.5,""cx"":386,""cy"":331.5,""angle_rad"":-0.475,""angle_deg"":332.8},{""word"":""敌意"",""x"":552,""y"":259.5,""cx"":571,""cy"":276.5,""angle_rad"":-0.321,""angle_deg"":341.6},{""word"":""纠纷"",""x"":308,""y"":424.5,""cx"":327,""cy"":441.5,""angle_rad"":1.817,""angle_deg"":104.1},{""word"":""关系"",""x"":304,""y"":498.5,""cx"":323,""cy"":515.5,""angle_rad"":1.733,""angle_deg"":99.3},{""word"":""铅笔"",""x"":501,""y"":433.5,""cx"":520,""cy"":450.5,""angle_rad"":0.534,""angle_deg"":30.6},{""word"":""愤怒"",""x"":53,""y"":319.5,""cx"":72,""cy"":336.5,""angle_rad"":-3.093,""angle_deg"":182.8},{""word"":""团队"",""x"":480,""y"":175.5,""cx"":499,""cy"":192.5,""angle_rad"":-0.813,""angle_deg"":313.4},{""word"":""洗衣机"",""x"":492,""y"":439.5,""cx"":518,""cy"":456.5,""angle_rad"":0.565,""angle_deg"":32.4},{""word"":""大腿"",""x"":200,""y"":583.5,""cx"":219,""cy"":600.5,""angle_rad"":2.053,""angle_deg"":117.6},{""word"":""慈善"",""x"":254,""y"":80.5,""cx"":273,""cy"":97.5,""angle_rad"":-1.867,""angle_deg"":253},{""word"":""手指"",""x"":203,""y"":584.5,""cx"":222,""cy"":601.5,""angle_rad"":2.042,""angle_deg"":117},{""word"":""性质"",""x"":388,""y"":311.5,""cx"":407,""cy"":328.5,""angle_rad"":-0.361,""angle_deg"":339.3},{""word"":""猫"",""x"":99,""y"":486.5,""cx"":111,""cy"":503.5,""angle_rad"":2.571,""angle_deg"":147.3},{""word"":""眼睛"",""x"":208,""y"":592.5,""cx"":227,""cy"":609.5,""angle_rad"":2.013,""angle_deg"":115.4},{""word"":""床"",""x"":511,""y"":430.5,""cx"":523,""cy"":447.5,""angle_rad"":0.513,""angle_deg"":29.4},{""word"":""鼠标"",""x"":505,""y"":419.5,""cx"":524,""cy"":436.5,""angle_rad"":0.461,""angle_deg"":26.4},{""word"":""微波炉"",""x"":504,""y"":430.5,""cx"":530,""cy"":447.5,""angle_rad"":0.496,""angle_deg"":28.4},{""word"":""原因"",""x"":374,""y"":317.5,""cx"":393,""cy"":334.5,""angle_rad"":-0.346,""angle_deg"":340.2},{""word"":""锤子"",""x"":501,""y"":419.5,""cx"":520,""cy"":436.5,""angle_rad"":0.471,""angle_deg"":27},{""word"":""勺子"",""x"":527,""y"":415.5,""cx"":546,""cy"":432.5,""angle_rad"":0.398,""angle_deg"":22.8},{""word"":""缘分"",""x"":109,""y"":160.5,""cx"":128,""cy"":177.5,""angle_rad"":-2.481,""angle_deg"":217.8},{""word"":""胳膊"",""x"":207,""y"":575.5,""cx"":226,""cy"":592.5,""angle_rad"":2.043,""angle_deg"":117.1},{""word"":""老鼠"",""x"":94,""y"":489.5,""cx"":113,""cy"":506.5,""angle_rad"":2.558,""angle_deg"":146.6},{""word"":""兴奋"",""x"":91,""y"":319.5,""cx"":110,""cy"":336.5,""angle_rad"":-3.085,""angle_deg"":183.2},{""word"":""耳朵"",""x"":214,""y"":578.5,""cx"":233,""cy"":595.5,""angle_rad"":2.016,""angle_deg"":115.5},{""word"":""社会"",""x"":153,""y"":392.5,""cx"":172,""cy"":409.5,""angle_rad"":2.819,""angle_deg"":161.5},{""word"":""牙刷"",""x"":497,""y"":439.5,""cx"":516,""cy"":456.5,""angle_rad"":0.57,""angle_deg"":32.7},{""word"":""过程"",""x"":364,""y"":317.5,""cx"":383,""cy"":334.5,""angle_rad"":-0.439,""angle_deg"":334.8},{""word"":""光彩"",""x"":179,""y"":173.5,""cx"":198,""cy"":190.5,""angle_rad"":-2.332,""angle_deg"":226.4},{""word"":""空调"",""x"":501,""y"":443.5,""cx"":520,""cy"":460.5,""angle_rad"":0.576,""angle_deg"":33},{""word"":""乌龟"",""x"":87,""y"":485.5,""cx"":106,""cy"":502.5,""angle_rad"":2.583,""angle_deg"":148},{""word"":""地位"",""x"":159,""y"":395.5,""cx"":178,""cy"":412.5,""angle_rad"":2.793,""angle_deg"":160},{""word"":""创伤"",""x"":293,""y"":207.5,""cx"":312,""cy"":224.5,""angle_rad"":-1.865,""angle_deg"":253.2},{""word"":""死亡"",""x"":296,""y"":217.5,""cx"":315,""cy"":234.5,""angle_rad"":-1.865,""angle_deg"":253.1},{""word"":""快乐"",""x"":52,""y"":316.5,""cx"":71,""cy"":333.5,""angle_rad"":-3.083,""angle_deg"":183.4},{""word"":""身份"",""x"":149,""y"":389.5,""cx"":168,""cy"":406.5,""angle_rad"":2.841,""angle_deg"":162.8},{""word"":""婚姻"",""x"":198,""y"":289.5,""cx"":217,""cy"":306.5,""angle_rad"":-2.825,""angle_deg"":198.1},{""word"":""错误"",""x"":189,""y"":294.5,""cx"":208,""cy"":311.5,""angle_rad"":-2.877,""angle_deg"":195.2},{""word"":""脚踝"",""x"":183,""y"":582.5,""cx"":202,""cy"":599.5,""angle_rad"":2.106,""angle_deg"":120.7},{""word"":""老虎"",""x"":93,""y"":490.5,""cx"":112,""cy"":507.5,""angle_rad"":2.557,""angle_deg"":146.5},{""word"":""冷漠"",""x"":524,""y"":287.5,""cx"":543,""cy"":304.5,""angle_rad"":-0.232,""angle_deg"":346.7},{""word"":""疾病"",""x"":298,""y"":206.5,""cx"":317,""cy"":223.5,""angle_rad"":-1.826,""angle_deg"":255.4},{""word"":""扫帚"",""x"":509,""y"":414.5,""cx"":528,""cy"":431.5,""angle_rad"":0.429,""angle_deg"":24.6},{""word"":""难过"",""x"":49,""y"":330.5,""cx"":68,""cy"":347.5,""angle_rad"":-3.133,""angle_deg"":180.5},{""word"":""钥匙"",""x"":507,""y"":439.5,""cx"":526,""cy"":456.5,""angle_rad"":0.544,""angle_deg"":31.2},{""word"":""天堂"",""x"":469,""y"":101.5,""cx"":488,""cy"":118.5,""angle_rad"":-1.033,""angle_deg"":300.8},{""word"":""义务"",""x"":289,""y"":405.5,""cx"":308,""cy"":422.5,""angle_rad"":2.096,""angle_deg"":120.1},{""word"":""数据"",""x"":479,""y"":172.5,""cx"":498,""cy"":189.5,""angle_rad"":-0.826,""angle_deg"":312.7},{""word"":""爱心"",""x"":249,""y"":75.5,""cx"":268,""cy"":92.5,""angle_rad"":-1.879,""angle_deg"":252.3},{""word"":""内容"",""x"":376,""y"":312.5,""cx"":395,""cy"":329.5,""angle_rad"":-0.427,""angle_deg"":335.5},{""word"":""现象"",""x"":374,""y"":314.5,""cx"":393,""cy"":331.5,""angle_rad"":-0.406,""angle_deg"":336.7},{""word"":""柜子"",""x"":498,""y"":430.5,""cx"":517,""cy"":447.5,""angle_rad"":0.528,""angle_deg"":30.3},{""word"":""奇迹"",""x"":243,""y"":74.5,""cx"":262,""cy"":91.5,""angle_rad"":-1.899,""angle_deg"":251.2},{""word"":""恐惧"",""x"":80,""y"":286.5,""cx"":99,""cy"":303.5,""angle_rad"":-2.958,""angle_deg"":190.5},{""word"":""膝盖"",""x"":212,""y"":590.5,""cx"":231,""cy"":607.5,""angle_rad"":2.004,""angle_deg"":114.8},{""word"":""舒心"",""x"":56,""y"":299.5,""cx"":75,""cy"":316.5,""angle_rad"":-3.02,""angle_deg"":186.9},{""word"":""债务"",""x"":515,""y"":254.5,""cx"":534,""cy"":271.5,""angle_rad"":-0.403,""angle_deg"":336.9},{""word"":""大象"",""x"":92,""y"":492.5,""cx"":111,""cy"":509.5,""angle_rad"":2.553,""angle_deg"":146.3},{""word"":""作用"",""x"":282,""y"":405.5,""cx"":301,""cy"":422.5,""angle_rad"":2.165,""angle_deg"":124.1},{""word"":""纪律"",""x"":272,""y"":412.5,""cx"":291,""cy"":429.5,""angle_rad"":2.209,""angle_deg"":126.6},{""word"":""电视"",""x"":499,""y"":422.5,""cx"":518,""cy"":439.5,""angle_rad"":0.489,""angle_deg"":28},{""word"":""肩膀"",""x"":215,""y"":579.5,""cx"":234,""cy"":596.5,""angle_rad"":2.011,""angle_deg"":115.2},{""word"":""鼻子"",""x"":207,""y"":579.5,""cx"":226,""cy"":596.5,""angle_rad"":2.037,""angle_deg"":116.7},{""word"":""斧头"",""x"":522,""y"":437.5,""cx"":541,""cy"":454.5,""angle_rad"":0.501,""angle_deg"":28.7},{""word"":""风景"",""x"":471,""y"":566.5,""cx"":490,""cy"":583.5,""angle_rad"":1.031,""angle_deg"":59.1},{""word"":""熊猫"",""x"":89,""y"":488.5,""cx"":108,""cy"":505.5,""angle_rad"":2.57,""angle_deg"":147.3},{""word"":""骗局"",""x"":533,""y"":272.5,""cx"":552,""cy"":289.5,""angle_rad"":-0.291,""angle_deg"":343.3},{""word"":""桌子"",""x"":533,""y"":413.5,""cx"":552,""cy"":430.5,""angle_rad"":0.379,""angle_deg"":21.7}],""n_words"":90,""words"":[""骄傲"",""冰箱"",""兔子"",""反感"",""协议"",""嘴唇"",""剪刀"",""长颈鹿"",""制度"",""过失"",""友情"",""方法"",""蚂蚁"",""沮丧"",""沙发"",""暴力"",""筷子"",""概念"",""麻雀"",""椅子"",""买卖"",""魔力"",""结果"",""敌意"",""纠纷"",""关系"",""铅笔"",""愤怒"",""团队"",""洗衣机"",""大腿"",""慈善"",""手指"",""性质"",""猫"",""眼睛"",""床"",""鼠标"",""微波炉"",""原因"",""锤子"",""勺子"",""缘分"",""胳膊"",""老鼠"",""兴奋"",""耳朵"",""社会"",""牙刷"",""过程"",""光彩"",""空调"",""乌龟"",""地位"",""创伤"",""死亡"",""快乐"",""身份"",""婚姻"",""错误"",""脚踝"",""老虎"",""冷漠"",""疾病"",""扫帚"",""难过"",""钥匙"",""天堂"",""义务"",""数据"",""爱心"",""内容"",""现象"",""柜子"",""奇迹"",""恐惧"",""膝盖"",""舒心"",""债务"",""大象"",""作用"",""纪律"",""电视"",""肩膀"",""鼻子"",""斧头"",""风景"",""熊猫"",""骗局"",""桌子""],""distance_matrix"":[[0,0.8136442810871914,0.293480332346547,0.03107308516846412,0.4130673983013968,0.5154219730388963,0.8285215059315337,0.2865670994998933,0.41673595119423,0.7866883238002412,0.6301647377323064,0.6321848923875045,0.28280838326591234,0.0007415151372901692,0.8179462057854389,0.8454927214534189,0.7981701115749177,0.515880285894021,0.285581849720192,0.8005621895395199,0.672467166169903,0.5502403962585468,0.5248897967406411,0.8638056899691008,0.4547081890276524,0.5148547132302904,0.7884219372076577,0.03558979432460968,0.7747191280104858,0.7876591291940107,0.512999798555106,0.5435116260752352,0.516993410700978,0.5626719018124859,0.28842820303975325,0.5338105891035204,0.7923420234038977,0.7896619567734728,0.8045226176754348,0.537243054451085,0.7826664563934069,0.8267654285326449,0.30053762202875595,0.5059890451527708,0.29419579905169374,0.032176023658736355,0.5167122631672455,0.1850153441581904,0.7842010229861072,0.5193478319836737,0.32994830522138413,0.7929914752174738,0.2857323602819358,0.1967176503748584,0.4451232132237344,0.4417726426209464,0.03911054454710066,0.17607801170334905,0.23107723748946282,0.2131576989605313,0.4986560507651983,0.29575084570565147,0.8084399562744125,0.4538649810333188,0.7948220084796906,0.04209652577479952,0.80150226527069,0.8126749380685278,0.4105569375732211,0.7749172034367904,0.5455354299049964,0.5411321330851241,0.5374124696970687,0.7819103140443425,0.5409048299757178,0.06914236753686712,0.533906315431222,0.053820652321095515,0.7996110138682919,0.2990978691205531,0.39882943290923817,0.38701196226244455,0.7803446204585651,0.5191479354210623,0.5123114410233275,0.826628108437082,0.8311419470581121,0.2914109082257168,0.827138592137313,0.8366239484030996],[0.8136442810871914,0,0.7425442115892867,0.8363257504424318,0.4155665977177221,0.6171086122892009,0.0340133421218666,0.7884645191363331,0.4042168246714554,0.28662821863019877,0.4737938987524464,0.18895388542689526,0.7520524496984518,0.8158029725392212,0.00909903899301251,0.25590811673158104,0.028590116560141637,0.3433564806515155,0.7740316619277627,0.04489190026092351,0.2926107688658862,0.8296015113629062,0.3373524946387439,0.3127921740456544,0.3707772139326857,0.3962291780011605,0.025300101217532272,0.8509670248096145,0.46100405388561266,0.03184417564964692,0.6259466885000587,0.7823089123800646,0.6218953926769522,0.31230280530246723,0.7636037124469143,0.6203699993806284,0.0197663965252321,0.02735177642914532,0.007337965951580979,0.3241988403925797,0.03259798020463118,0.03296875271312213,0.8735490941055115,0.6084917902230318,0.7607659236477718,0.7850099527476582,0.599487778196088,0.6517834078051571,0.03511524574325079,0.33834324531751514,0.757997679574791,0.03259798020463118,0.7722554695170748,0.6405437968675814,0.5640441871232359,0.5476392774376287,0.8539831870948091,0.6594926603650654,0.6216641229648175,0.632897244017581,0.6527633522548977,0.7627847092380091,0.2563926642468263,0.5590493920020185,0.03112180759858268,0.8535505493303407,0.0197663965252321,0.5949294555651925,0.4072366165799621,0.4665726662104421,0.794838100110988,0.3271397274645176,0.3275875957620226,0.030482679117346274,0.8027500076022811,0.8207581515790938,0.6123654055412463,0.8549244953174626,0.3150760155562715,0.7650594157603986,0.419688862597117,0.4363350325252797,0.032644545095434775,0.598666418132245,0.6115508406081364,0.013399970329495381,0.25295632079800334,0.7693954949044794,0.28447009009477553,0.04253249708997866],[0.293480332346547,0.7425442115892867,0,0.3248077806662927,0.3385175072782416,0.24643176976292894,0.768110347456293,0.04478881126613873,0.3572327141194776,0.8223228950819668,0.7463255968927063,0.6011165106554694,0.01219154485062864,0.29557846431935664,0.7429509699507818,0.862866637536898,0.7185993839478836,0.5533029304170001,0.03063128859871589,0.7467174560228611,0.511478574052738,0.7938317476677902,0.5617542406848578,0.898096901932683,0.3804239080565721,0.35678612362665973,0.7154540253666405,0.312511899754445,0.8728715230463243,0.7105311404342269,0.2412521637891892,0.7747191280104858,0.24632846232086664,0.5963322131132311,0.0197663965252321,0.2627745659371689,0.7215139980882622,0.7263186209567587,0.7339220276867376,0.5693853568983946,0.719259699403833,0.7663454955539867,0.5836657715763164,0.24073076181629,0.016466107804312832,0.2998584474874579,0.2537789872986907,0.18956614671240402,0.7069770662938004,0.5543181063213131,0.5761372763025753,0.7132612971344285,0.02885269959738832,0.19009296608604342,0.6029634636956667,0.5913067445545882,0.31817090312147744,0.19125852869141136,0.3905810992060197,0.3757375068130392,0.21939618098213085,0.018620969789818424,0.8309784110592812,0.6094887092928998,0.7349145161413029,0.2960146113285302,0.7247500173950252,0.9492313994417061,0.3604672999663665,0.874939219198137,0.7801069343536673,0.5772120478911503,0.5722648355645281,0.7108819756158471,0.7783034938388224,0.36059113053600883,0.26537820897817443,0.34555931077451046,0.843980318425568,0.021482110813810486,0.3490477646201275,0.3275681358912941,0.7148393961715346,0.2562995526827663,0.24544212509617225,0.7518377339226822,0.670253397583973,0.025122068990271015,0.8572443415889713,0.7775369501306553],[0.03107308516846412,0.8363257504424318,0.3248077806662927,0,0.44019479194412353,0.5482630364012239,0.8502508098070604,0.3160605840340093,0.4428262374984547,0.7996749938449238,0.6351326736635434,0.6529860848394349,0.3138346401356301,0.02864281441841398,0.8409112427855001,0.8599559518915817,0.8216051170686774,0.5317903631155282,0.31573273375601046,0.8219164255328787,0.7018764860310192,0.5349910157660203,0.540706969261818,0.8763891837163875,0.4810962930059208,0.5450814595479019,0.811401044981627,0.024822702115150874,0.7806047629601645,0.8109674270619155,0.5458164099136511,0.5308916967207438,0.5498222528148329,0.5782378664349932,0.319011143747804,0.5666435297811475,0.8151285038584756,0.811865941843618,0.8272178436027651,0.5533491150502706,0.8049199746713394,0.8485056883965795,0.2768453980921354,0.5388459101056748,0.32488627092375066,0.04975321328314562,0.5495752831952602,0.21606768533428514,0.8075376379765206,0.5354535126052594,0.31704713782442745,0.8164690522741512,0.31595974305433466,0.22761092989545229,0.44698732084141096,0.44499412004918454,0.023079742536850467,0.20717021015314602,0.24075058236561553,0.22358721127294495,0.5313397164832196,0.326364253136117,0.822631988888587,0.45589657349226853,0.8167137982576028,0.04440885025961202,0.8246993539707455,0.8132590413928041,0.43613017461056924,0.7805678976305116,0.5322136241912037,0.55677052450588,0.5532365332737514,0.8047769487042234,0.5270424507206519,0.04836670657068099,0.5667562750999897,0.02113526150270383,0.8115606369902759,0.3296245234767786,0.424632579607582,0.41371963890731517,0.8027818734193863,0.5520110903311751,0.5451634949814197,0.8495283456287807,0.8599113241855085,0.32176152359085586,0.8404110097607947,0.8581969862968354],[0.4130673983013968,0.4155665977177221,0.3385175072782416,0.44019479194412353,0,0.31525295812043463,0.43703667648149336,0.38213473921413493,0.021550862179886318,0.4882670029409338,0.4617582360376271,0.2609208060696702,0.3458267687660431,0.4154475619211682,0.4178600470346113,0.5242078603274808,0.3954554634298021,0.23775248480917718,0.3679277413383812,0.4129940053399353,0.26920721728339203,0.6503893567558435,0.24455910339446763,0.5622061552009563,0.04300001083568246,0.13763683262422094,0.3888785455884117,0.45008653427643786,0.5651984096277771,0.3859472124988611,0.3208837540609178,0.6144309117891347,0.3200484023923465,0.27304118265201494,0.35825331962839113,0.3292036178093945,0.3940371069164046,0.3956933797626328,0.4065622496446917,0.2483032279874088,0.38853385954977576,0.43524745808573595,0.5627400276229522,0.30243440460465176,0.3565894475064132,0.38910816742698967,0.30193889874724,0.2374579760057607,0.3823767341421127,0.23702895123572804,0.4829344540370331,0.39010709236874636,0.3662205298309139,0.22578054469820766,0.385301989508019,0.36771964981340105,0.4539493720373023,0.24569476327082457,0.28228428619032553,0.2839490409044039,0.334462810046753,0.35887140523740463,0.49359713783072745,0.3876049752314748,0.403110256528832,0.44898237233850674,0.4002308821394916,0.6639049726514299,0.032176023658736355,0.5683098835374447,0.6241573139878331,0.2574455913177581,0.25240219487710597,0.38330158560285293,0.6270713802072877,0.43663117550526187,0.3230663322682715,0.4612567379166492,0.5120402056796766,0.3617610098220206,0.030482679117346274,0.026058425521700596,0.3848919626509305,0.30285547688991804,0.308855639207682,0.42679528288797436,0.42105907304665496,0.3644791135026222,0.5210545936118373,0.4461116914671825],[0.5154219730388963,0.6171086122892009,0.24643176976292894,0.5482630364012239,0.31525295812043463,0,0.64914988202979,0.2832078516231107,0.33846099966454946,0.7792867723709197,0.7787860503966322,0.531468940789154,0.26038962606537885,0.5178328569040639,0.6141161941045458,0.800528238397293,0.5884848690120009,0.552696400521535,0.27304701294696676,0.6356984753648532,0.33562355324987847,0.9305478014627853,0.5588179205579457,0.8468702721830356,0.33585142646435023,0.2306364351286171,0.5914499169206386,0.5420020903856374,0.8775379581905649,0.5834768914138498,0.007337965951580979,0.901149065601394,0.0032732061757312124,0.5836000810408053,0.2636452846330318,0.016899809211729403,0.598666418132245,0.609415307591008,0.6098634449001497,0.5608664101094119,0.6031330153471673,0.6475601981850062,0.7729651941980756,0.011242501380369266,0.2574455913177581,0.5113536835466118,0.01584101198948628,0.3508517579255118,0.5802593037895587,0.5514465909337194,0.7318696879368214,0.5836192415417776,0.2716617566601538,0.34295234111788453,0.6877622509131084,0.6716253637196115,0.5475488611003,0.3579639223922839,0.5228810322588312,0.5145755043948035,0.03759369392416835,0.25768036719833987,0.7760324979240486,0.6915997445643316,0.6199964417514651,0.5287788223076291,0.5963884692920474,0.9804553771412727,0.3489427021197151,0.8809970937188574,0.9092405239836181,0.5703411919821374,0.5654018521304524,0.5891116105414901,0.9101599377539081,0.5734137052129894,0.017239654958526567,0.5707583433090596,0.8061406230149956,0.25682054564788537,0.343755510352623,0.3253225292304615,0.5974135482712917,0.016899809211729403,0.004664395102548556,0.6222447042934998,0.4752572740537149,0.2654921387857948,0.8061406230149956,0.6587459190816415],[0.8285215059315337,0.0340133421218666,0.768110347456293,0.8502508098070604,0.43703667648149336,0.64914988202979,0,0.8137543161471175,0.42430553509204405,0.2597777418248245,0.45850787800370385,0.19691934912659612,0.777273726458656,0.8306262186289739,0.042242329172057405,0.22404177346357965,0.06422824932698848,0.34513464413367423,0.7993290412370556,0.029009174872691057,0.3273540013790476,0.8206100864887703,0.33844687129472667,0.28076287700734665,0.39237793969432827,0.4258520853251053,0.05630096313214399,0.8657361584991616,0.43636063302997813,0.06559752376099758,0.6579278993756955,0.7729672624157372,0.6539764496456464,0.3104197859687065,0.7890077443058254,0.65285881835612,0.04887528112240844,0.04000190130970851,0.038795918948311185,0.32498435723336977,0.047072117014866695,0,0.8762833479750449,0.6402843062877368,0.7863590347631206,0.7991710131818939,0.6315501749707819,0.6707872725226249,0.06839293913803277,0.3402224497908534,0.7584868016750277,0.06784283439162486,0.7975609507588718,0.6597543051082927,0.5600199602153263,0.5442222780226609,0.868568604019457,0.678281132381901,0.6305652306283467,0.6425786600805264,0.6843728277130852,0.7884259927282962,0.22746419813739616,0.5545514499608203,0.03227024353338055,0.8691005019021425,0.05529931667788145,0.5701619194805784,0.4264362144916028,0.44197850660294324,0.7855637019299698,0.32690581479512926,0.3278987974817173,0.058254149198678586,0.793793481169655,0.8327947443127826,0.6448599176046964,0.8683163450537099,0.28736618208139536,0.7908050238243772,0.4389568024821732,0.4565263216489436,0.051615905061456704,0.630790713088917,0.643510506295358,0.03903211548078772,0.2871444363754817,0.794888384363903,0.254361414072587,0.007850216360307107],[0.2865670994998933,0.7884645191363331,0.04478881126613873,0.3160605840340093,0.38213473921413493,0.2832078516231107,0.8137543161471175,0,0.40018305001200977,0.8628481055363935,0.7787757863419529,0.6448425717406784,0.03472239150977654,0.2884171603527283,0.7889773497707898,0.9048680873574044,0.7646999301754186,0.5916659607355599,0.012642683628720095,0.7920816902299097,0.5577364543563575,0.8069890276972755,0.6002654354608089,0.9390405116027848,0.42464761010600965,0.403359497869768,0.7613750595418783,0.3005005191141723,0.9080789435291502,0.7565558894968691,0.2772304326357298,0.7903742913590864,0.2825549085313053,0.6354847870964541,0.02327228671496136,0.2984901538653491,0.7673857271994394,0.7719676697810018,0.7798117751838106,0.6083867566242566,0.7648943241252142,0.811986062667333,0.5844398173250464,0.2787709979860082,0.02735177642914532,0.29807363906095347,0.29214776695477546,0.21348545443555045,0.7529977472354047,0.5929066895689965,0.5869844990139014,0.7593567455417697,0.014420556348782507,0.21630292131722614,0.6287635506278203,0.6180477278489337,0.3060784442842234,0.21340356236633778,0.41115106161755105,0.3952295126547974,0.2528997041739684,0.026000827525350007,0.8724995515147672,0.6356733392864858,0.7804675332088828,0.28226172269052097,0.7707905106634791,0.980535308971207,0.4028133404580221,0.9099648815525718,0.7951136188688263,0.6159631886958092,0.6110673340696329,0.7567375834219772,0.7927111869161924,0.35626290564051377,0.30186503082214733,0.33528145458278025,0.8839272798488854,0.025476971064350148,0.3911401811673051,0.3699117332766587,0.760532642828705,0.2946339804679074,0.2828984532291348,0.797873604405766,0.7161774951631944,0.018224599132125617,0.8983336944133774,0.8231565998553244],[0.41673595119423,0.4042168246714554,0.3572327141194776,0.4428262374984547,0.021550862179886318,0.33846099966454946,0.42430553509204405,0.40018305001200977,0,0.46696252122512055,0.43853487483093184,0.2435227169073966,0.36405450914143644,0.4190649110507194,0.40703677495920676,0.5042599699905531,0.38530612897777355,0.21446574042207062,0.3860835644387241,0.3994049786663064,0.2758314202640706,0.6327406962856631,0.22132205441452196,0.5413534407664555,0.036937250121045706,0.15419158045391046,0.37780310556862445,0.4539774988995113,0.5419903036623335,0.3754657697260774,0.34414018393797574,0.5960320907529786,0.3432682606919863,0.2501417054449779,0.3766108356533914,0.3523028161436903,0.38266025834970174,0.38330158560285293,0.395148784779104,0.22522361051567327,0.37614474610556714,0.4225155019917947,0.5536405669133877,0.32566035198322807,0.3751895862570918,0.39143776153235577,0.3250431948894841,0.24606354045813408,0.37191520719256266,0.2137829815353596,0.4699542928421019,0.37999185459617885,0.38439852594565455,0.23468928253175492,0.3652351782752554,0.34745933273631563,0.4576263037772125,0.2539607465636997,0.27318107561134497,0.27626396521008106,0.35780354062858516,0.3775117262609064,0.4731330652986606,0.36726404054286577,0.39027469474839777,0.4539317918668736,0.38967344632083706,0.6405862036293645,0.01086827929105434,0.5450814595479019,0.6059475179284485,0.23432309957026162,0.22927431239733687,0.3719580824904968,0.6091111208719568,0.4366238657415765,0.3461124447625814,0.46339728829534615,0.49039100781731454,0.3805035538944416,0.017239654958526567,0.030432990319564854,0.37278461435294863,0.32593427097175764,0.3320572315937695,0.41593500952849627,0.42364315905222755,0.382897757353613,0.5002544343309654,0.43322625155242506],[0.7866883238002412,0.28662821863019877,0.8223228950819668,0.7996749938449238,0.4882670029409338,0.7792867723709197,0.2597777418248245,0.8628481055363935,0.46696252122512055,0,0.23961157616872011,0.2478735855357928,0.8276777391407666,0.7882434736893378,0.297431714930352,0.07037412174820397,0.3080964600971495,0.2751321568145781,0.8492516149796616,0.23998963197898612,0.5179716051685591,0.6168962731046495,0.26604909607332666,0.07593315130542612,0.45292859864592877,0.5482921667183264,0.29045295579861174,0.8210094115921881,0.17655483479114134,0.30138973585428425,0.7868407258666773,0.5689250889978061,0.7843498307137616,0.22861457323766604,0.8405061339674369,0.7885030436662266,0.2848392923187525,0.2650961736569436,0.2846435625280493,0.25580238924768084,0.26543218178405636,0.2595632439004761,0.7425894179390237,0.7678480637391857,0.8398152879097888,0.7534052405482279,0.7629313983129901,0.6735903098339732,0.3016433191523326,0.2727845271121968,0.615677798327139,0.30832905924786547,0.8476553630955465,0.6652179299370001,0.4027182812861347,0.3928817002719134,0.8222353946524318,0.6786697896807612,0.5577794095068469,0.5744601891637445,0.8073079403147947,0.8422336229146223,0.03763435874638493,0.3946438631094874,0.2560013696781816,0.8304414023424619,0.3007972150444114,0.3095254795244141,0.46181354052816775,0.18221517696488151,0.5814501217404243,0.24960049777082463,0.25409854678173205,0.28544241776779056,0.5911473233333085,0.7685181668411889,0.7809978851148287,0.812606076749943,0.028218640498937908,0.8454908302708258,0.47255239177912783,0.49434376083404935,0.27102816770453425,0.7629858756605057,0.7729445117177907,0.2979400182396808,0.532681522465729,0.8469212496410605,0.039539244134868215,0.2574950354851387],[0.6301647377323064,0.4737938987524464,0.7463255968927063,0.6351326736635434,0.4617582360376271,0.7787860503966322,0.45850787800370385,0.7787757863419529,0.43853487483093184,0.23961157616872011,0,0.3354953069115008,0.7477443098510936,0.6311528369133712,0.48424835067058075,0.3115110652853977,0.48458780106429233,0.22867020304451005,0.7670377502573488,0.4306957224480153,0.609103251964785,0.3756611005305484,0.22446001395410833,0.29557846431935664,0.44499412004918454,0.5723290320803216,0.46599755082077005,0.6596985931415605,0.14462169979540362,0.4745782887325964,0.7844232049769342,0.32762164776961095,0.7835912285966051,0.21232114835509325,0.7604548666902861,0.7924993927664253,0.4631733381635101,0.44594709664069954,0.46833128467657636,0.22677119390979716,0.44298838462464235,0.457619328071662,0.5222912718042058,0.7659803510496753,0.7615996869296441,0.5962732723931053,0.7652578966199957,0.5671619732564116,0.47325788485980586,0.23107723748946282,0.39529811844524787,0.48255745512062304,0.7657298658459699,0.5622999034112057,0.1916316821809545,0.18969171136377774,0.6595580812551919,0.5694134100175786,0.39935704805948086,0.417756939339312,0.797175978312713,0.7641310969587626,0.2778499692891523,0.18251971375442413,0.4409482294700762,0.6733814943377526,0.48008979747100616,0.20265073363408387,0.42818756734246033,0.1440954310539027,0.34017559553682275,0.21728522856441362,0.22151588093536778,0.4589775930951189,0.34980055338380506,0.5952703899181598,0.7861882381249702,0.6431329602323006,0.23209341100327485,0.7679105203499231,0.43412041296477494,0.4538579477441266,0.4464728724281792,0.7660972161823139,0.7723817363419233,0.4881721709906364,0.6796933691709651,0.766812627390261,0.27605642767328675,0.4599572342023506],[0.6321848923875045,0.18895388542689526,0.6011165106554694,0.6529860848394349,0.2609208060696702,0.531468940789154,0.19691934912659612,0.6448425717406784,0.2435227169073966,0.2478735855357928,0.3354953069115008,0,0.6085364240289751,0.6342288633695498,0.1959412152236485,0.2685500950719025,0.18301459952687407,0.1564860778798523,0.6306387112711864,0.16763462875861096,0.28132941134709716,0.6589035808495282,0.15180023962575806,0.31361118171948643,0.21928024001917412,0.2994810576733332,0.16804082189828526,0.6692273580479395,0.3773934215164552,0.1715521045794265,0.5392606901537593,0.6130564160244042,0.536529142238438,0.1351202486437018,0.6209492141345149,0.5399976214589195,0.1695624839387128,0.16153823711317625,0.180289282953492,0.13967903393918182,0.15513382944302637,0.1952267949859455,0.6835386349667706,0.5203523045509979,0.6192254307421275,0.6021760150961187,0.5148299007776236,0.48211725183551374,0.16875637866706297,0.15142420159154507,0.5698676787523641,0.17883138683952657,0.6289312477111588,0.47168343050786016,0.3841744054107092,0.3667122175727047,0.6718727820366125,0.48904458673984574,0.43202747586445833,0.44389172307211805,0.5609319069829973,0.6214918997922971,0.24278349585349643,0.3802939239422899,0.16442647559810727,0.6734574347169221,0.18300592874190072,0.5026456899040778,0.2425671952452235,0.3820971746047832,0.6252622169284836,0.14472016473321145,0.14393058229852518,0.16057394261518454,0.6322076393785383,0.6344102318771949,0.5323966332099092,0.6706323971093242,0.27605642767328675,0.6243364815582757,0.25488009821704544,0.2749063977968179,0.15453021431584144,0.5147740684014872,0.5251909070875155,0.20361251943586894,0.34382506137137947,0.6271631029855889,0.27292455076823896,0.20432119607915777],[0.28280838326591234,0.7520524496984518,0.01219154485062864,0.3138346401356301,0.3458267687660431,0.26038962606537885,0.777273726458656,0.03472239150977654,0.36405450914143644,0.8276777391407666,0.7477443098510936,0.6085364240289751,0,0.2848616529279233,0.7526070262659142,0.8691133812123675,0.72836681283172,0.5574356759179787,0.020353077085490123,0.7555727196566026,0.5235646909627976,0.7885192639591025,0.565966587699262,0.9037008978789054,0.38822173826194184,0.36809672950165306,0.724963916802344,0.3009242814235895,0.8755293553659319,0.7201857897556204,0.25517958232780685,0.7701472898484952,0.2602673635135119,0.6008932197512344,0.011118966106247984,0.27669583832736383,0.7309583645259573,0.7354885040654076,0.7433897615604599,0.573859250060432,0.728412896894597,0.7755049425054779,0.5749827191205835,0.25471148474156186,0.012642683628720095,0.2902774475586548,0.26776062274744294,0.1870288341251371,0.7166259482043214,0.5585691965792489,0.5700638560598501,0.7230210747531598,0.018620969789818424,0.1884239112670254,0.6017142042735266,0.5904009862968894,0.3065776910232811,0.18808665198192734,0.3873374076641772,0.3721166783443966,0.2331597550743266,0.015098309773368896,0.8369239508456936,0.608384130552635,0.7439744154339505,0.28410601584307216,0.7344271451473184,0.9502098160927893,0.3668730701608502,0.8775142684856477,0.7753400079922622,0.5815545116754153,0.576633359786328,0.720305628263995,0.7733559892971774,0.3505608291897335,0.2793301467529268,0.3343293536202435,0.8490105789273322,0.01908668322469329,0.3552814883130311,0.33396207492434965,0.7240615836135877,0.2702812263604667,0.2594160578066915,0.7615073247914095,0.6826683104484688,0.017573537109947416,0.8629314964110086,0.7866720658411546],[0.0007415151372901692,0.8158029725392212,0.29557846431935664,0.02864281441841398,0.4154475619211682,0.5178328569040639,0.8306262186289739,0.2884171603527283,0.4190649110507194,0.7882434736893378,0.6311528369133712,0.6342288633695498,0.2848616529279233,0,0.8201208925302146,0.8471477790853958,0.8003704465876134,0.5176107825877423,0.28751576435098275,0.8026444430671104,0.6749484077946573,0.549653744355512,0.5266150474681583,0.8653371038280233,0.4570539437297996,0.5173608354326025,0.7905967645912909,0.033381200048983324,0.7757831901653434,0.7898522452160944,0.5153971878009459,0.5431412503254011,0.5193970255325341,0.5643839085905898,0.2904200560332262,0.5362165077541552,0.794506144404398,0.7917930040359953,0.8066818811675893,0.5389881562471691,0.7848001592014393,0.8288707326974478,0.2991777403014551,0.5084130965766573,0.2962028724043637,0.033381200048983324,0.5191479354210623,0.18753732430083014,0.7863956292275265,0.5210913687762018,0.32951330156226327,0.7951940443372879,0.2876763406912278,0.19923629558094907,0.4458611970544626,0.44260994930012004,0.03677139314468105,0.1786005831559607,0.23231254423577113,0.2144361000825231,0.5010071061974938,0.29774749953959634,0.8100758126240968,0.4546169167354418,0.79693527630