"trial_id","rt","stimulus","response","trial_type","trial_index","plugin_version","time_elapsed","participant_number","success","raw_payload","placements","dissimilarity_vector","n_words","trial_category","distance_matrix","value"
"consent_form","41928","
    <div style=""max-width:800px; margin:0 auto; text-align:left; font-size: 16px; padding: 10px 0;"">
      <h1>Informed Consent Form</h1>
      <p>You are being invited to participate in a research study titled <strong>""Reproducibility of Psychological Science and Instruction.""</strong> This study is being done by Dr. Bria Long from UC San Diego and associated graduate students in the Experimental Methods course. You were selected to participate in this study because you are an adult in the U.S. and have been a represented population in previous psychology studies.</p>
      
      <p>The purpose of this study is to better understand how well previously published studies in the psychological field replicate online and with different populations. Your participation in this research should last approximately <strong>5-30 minutes</strong>. If you agree to take part in this study, you may be asked to view a set of stimuli, including pictures, sounds, written text, or videos and then giving some responses via key-presses, verbally, or with paper-and-pencil. We may also observe your choices or preferences among an array of stimuli. These stimuli will be taken directly from or closely adapted from studies that already exist in the published psychological literature. Stimuli will include, e.g., pictures of objects and human faces, audio and video clips, short text passages, etc. None of the stimuli will be disturbing, threatening, or offensive. The online and in-person experiments described in this protocol will take no more than 30 minutes. An example game you might play would be to click on an image on the screen that matches a word you hear being said out loud. Your total expected time commitment for this study is between 5-30 minutes, and is specified in the study description.</p>
      
      <p>Your participation in this study is completely voluntary and you can withdraw at any time. Choosing not to participate or withdrawing will result in no penalty or loss of benefits to which you are entitled. You are free to skip any question that you choose.</p>
      
      <p>We will not be asking for any personally identifying information, and we will handle responses as confidentially as possible. Your SONA or Prolific IDs will never be tied to your responses on this survey. However, we cannot guarantee the confidentiality of information transmitted over the Internet. To minimize this risk, data containing anything that might be personally identifying (e.g. Prolific IDs or IP addresses) will be encrypted on transfer and storage and will only be accessible to qualified lab personnel. We will be keeping data collected as part of this experiment indefinitely. This anonymized data (containing neither Prolific IDs nor IP addresses) may be shared with the scientific community or with other participants to be used as stimuli in future studies.</p>
      
      <p>If you have questions about this project or if you have a research-related problem, you may contact the researcher(s), <strong>Dr. Bria Long, <a href=""mailto:brlong@ucsd.edu"">brlong@ucsd.edu</a></strong>. If you have any questions concerning your rights as a research subject, you may contact the UC San Diego Office of IRB Administration at <a href=""mailto:irb@ucsd.edu"">irb@ucsd.edu</a> or 858-246-4777.</p>
      
      <h3 style=""margin-top: 25px;"">Consent Statement</h3>
      <p style=""font-weight: bold;"">By participating in this research you are indicating that you are at least 18 years old, have read this consent form, and agree to participate in this research study. Please keep this consent form for your records.</p>
    </div>
  ","0","html-button-response","0","2.1.0","41929","w86rafljb8_f4e94i","","","","","","","",""
"","58799","","{""participant_date"":""11/25/2025"",""participant_time"":""3:30 PM""}","survey-html-form","1","2.1.0","100728","w86rafljb8_f4e94i","","","","","","","",""
"","5160","
    <div style=""display:flex; align-items:center; justify-content:center; height:100vh; font-family:sans-serif;"">
      <div style=""max-width:900px; margin:0 auto; text-align:center;"">
        <h1 style= ""font-size: 24px;"">Welcome! Thank you for participating in the study.</h1>
        <h2 style= ""font-size: 22px;"">The study will be in Madarin Chinese.</h2>
        <h2 style= ""font-size: 22px;"">Please use desktop computers or laptops for the study. Tablets and phones are not allowed.</h2>
        <p style=""font-size:16px; margin-top:30px;""><em>Press any key to continue.</em></p>
      </div>
    </div>
  "," ","html-keyboard-response","2","2.1.0","105890","w86rafljb8_f4e94i","","","","","","","",""
"","17763","
    <div style=""display:flex; align-items:center; justify-content:center; height:100vh; font-family:sans-serif;"">
      <div style=""max-width:900px; margin:0 auto; text-align:center;"">
        <p style=""font-size:18px; line-height:1.6;"">
          In this task, you will be presented with <strong>90 words</strong> arranged <strong>outside a circle</strong>.<br>
          Your job is to <strong>drag these words into the circle</strong> and <strong>rearrange them</strong> based on their <strong>meaning similarity</strong>.<br><br>
          Words that are <strong>similar in meaning</strong> should be placed <strong>closer together</strong>.<br>
          Words that are <strong>different in meaning</strong> should be placed <strong>farther apart</strong>.<br><br>
          You can place the words <strong>anywhere inside the circle</strong>. There is no single correct answer — 
          we are interested in <strong>your personal judgment</strong> of how these words relate to each other.<br><br>
          <strong>You must move all words into the circle before you can finish.</strong><br>
          After the initial arrangement, you will arrange words from specific categories.
        </p>
        <p style=""font-size:16px; margin-top:30px;""><em>Press any key to continue.</em></p>
      </div>
    </div>
  "," ","html-keyboard-response","3","2.1.0","123654","w86rafljb8_f4e94i","","","","","","","",""
"","6122","","","fullscreen","4","2.1.0","130779","w86rafljb8_f4e94i","true","{""placements"":[{""word"":""骄傲"",""x"":314,""y"":422.8,""cx"":333,""cy"":440.2,""angle_rad"":1.757,""angle_deg"":100.7},{""word"":""冰箱"",""x"":496,""y"":374.8,""cx"":515,""cy"":392.2,""angle_rad"":0.25,""angle_deg"":14.3},{""word"":""兔子"",""x"":48,""y"":231.8,""cx"":67,""cy"":249.2,""angle_rad"":-2.799,""angle_deg"":199.6},{""word"":""反感"",""x"":328,""y"":344.8,""cx"":347,""cy"":362.2,""angle_rad"":1.811,""angle_deg"":103.8},{""word"":""协议"",""x"":406,""y"":542.8,""cx"":425,""cy"":560.2,""angle_rad"":1.228,""angle_deg"":70.4},{""word"":""嘴唇"",""x"":153,""y"":486.8,""cx"":172,""cy"":504.2,""angle_rad"":2.428,""angle_deg"":139.1},{""word"":""剪刀"",""x"":574,""y"":373.8,""cx"":593,""cy"":391.2,""angle_rad"":0.168,""angle_deg"":9.6},{""word"":""长颈鹿"",""x"":35,""y"":261.8,""cx"":61,""cy"":279.2,""angle_rad"":-2.901,""angle_deg"":193.8},{""word"":""制度"",""x"":356,""y"":533.8,""cx"":375,""cy"":551.2,""angle_rad"":1.447,""angle_deg"":82.9},{""word"":""过失"",""x"":226,""y"":605.8,""cx"":245,""cy"":623.2,""angle_rad"":1.938,""angle_deg"":111},{""word"":""友情"",""x"":609,""y"":197.8,""cx"":628,""cy"":215.2,""angle_rad"":-0.451,""angle_deg"":334.1},{""word"":""方法"",""x"":597,""y"":290.8,""cx"":616,""cy"":308.2,""angle_rad"":-0.156,""angle_deg"":351.1},{""word"":""蚂蚁"",""x"":97,""y"":291.8,""cx"":116,""cy"":309.2,""angle_rad"":-2.969,""angle_deg"":189.9},{""word"":""沮丧"",""x"":334,""y"":442.8,""cx"":353,""cy"":460.2,""angle_rad"":1.544,""angle_deg"":88.4},{""word"":""沙发"",""x"":577,""y"":422.8,""cx"":596,""cy"":440.2,""angle_rad"":0.351,""angle_deg"":20.1},{""word"":""暴力"",""x"":244,""y"":581.8,""cx"":263,""cy"":599.2,""angle_rad"":1.907,""angle_deg"":109.2},{""word"":""筷子"",""x"":631,""y"":344.8,""cx"":650,""cy"":362.2,""angle_rad"":0.041,""angle_deg"":2.3},{""word"":""概念"",""x"":480,""y"":63.8,""cx"":499,""cy"":81.2,""angle_rad"":-1.065,""angle_deg"":299},{""word"":""麻雀"",""x"":51,""y"":291.8,""cx"":70,""cy"":309.2,""angle_rad"":-2.997,""angle_deg"":188.3},{""word"":""椅子"",""x"":544,""y"":451.8,""cx"":563,""cy"":469.2,""angle_rad"":0.51,""angle_deg"":29.2},{""word"":""买卖"",""x"":441,""y"":560.8,""cx"":460,""cy"":578.2,""angle_rad"":1.122,""angle_deg"":64.3},{""word"":""魔力"",""x"":371,""y"":455.8,""cx"":390,""cy"":473.2,""angle_rad"":1.257,""angle_deg"":72},{""word"":""结果"",""x"":487,""y"":236.8,""cx"":506,""cy"":254.2,""angle_rad"":-0.551,""angle_deg"":328.4},{""word"":""敌意"",""x"":527,""y"":207.8,""cx"":546,""cy"":225.2,""angle_rad"":-0.567,""angle_deg"":327.5},{""word"":""纠纷"",""x"":512,""y"":261.8,""cx"":531,""cy"":279.2,""angle_rad"":-0.373,""angle_deg"":338.6},{""word"":""关系"",""x"":521,""y"":150.8,""cx"":540,""cy"":168.2,""angle_rad"":-0.763,""angle_deg"":316.3},{""word"":""铅笔"",""x"":510,""y"":480.8,""cx"":529,""cy"":498.2,""angle_rad"":0.692,""angle_deg"":39.6},{""word"":""愤怒"",""x"":237,""y"":598.8,""cx"":256,""cy"":616.2,""angle_rad"":1.91,""angle_deg"":109.4},{""word"":""团队"",""x"":337,""y"":513.8,""cx"":356,""cy"":531.2,""angle_rad"":1.538,""angle_deg"":88.1},{""word"":""洗衣机"",""x"":496,""y"":356.8,""cx"":522,""cy"":374.2,""angle_rad"":0.14,""angle_deg"":8},{""word"":""大腿"",""x"":209,""y"":483.8,""cx"":228,""cy"":501.2,""angle_rad"":2.25,""angle_deg"":128.9},{""word"":""慈善"",""x"":54,""y"":380.8,""cx"":73,""cy"":398.2,""angle_rad"":2.969,""angle_deg"":170.1},{""word"":""手指"",""x"":120,""y"":467.8,""cx"":139,""cy"":485.2,""angle_rad"":2.572,""angle_deg"":147.3},{""word"":""性质"",""x"":282,""y"":290.8,""cx"":301,""cy"":308.2,""angle_rad"":-2.435,""angle_deg"":220.5},{""word"":""猫"",""x"":199,""y"":66.8,""cx"":211,""cy"":84.2,""angle_rad"":-2.053,""angle_deg"":242.4},{""word"":""眼睛"",""x"":156,""y"":412.8,""cx"":175,""cy"":430.2,""angle_rad"":2.712,""angle_deg"":155.4},{""word"":""床"",""x"":579,""y"":417.8,""cx"":591,""cy"":435.2,""angle_rad"":0.34,""angle_deg"":19.5},{""word"":""鼠标"",""x"":522,""y"":528.8,""cx"":541,""cy"":546.2,""angle_rad"":0.799,""angle_deg"":45.8},{""word"":""微波炉"",""x"":500,""y"":369.8,""cx"":526,""cy"":387.2,""angle_rad"":0.208,""angle_deg"":11.9},{""word"":""原因"",""x"":156,""y"":182.8,""cx"":175,""cy"":200.2,""angle_rad"":-2.434,""angle_deg"":220.6},{""word"":""锤子"",""x"":426,""y"":404.8,""cx"":445,""cy"":422.2,""angle_rad"":0.65,""angle_deg"":37.2},{""word"":""勺子"",""x"":624,""y"":340.8,""cx"":643,""cy"":358.2,""angle_rad"":0.028,""angle_deg"":1.6},{""word"":""缘分"",""x"":500,""y"":145.8,""cx"":519,""cy"":163.2,""angle_rad"":-0.835,""angle_deg"":312.1},{""word"":""胳膊"",""x"":240,""y"":415.8,""cx"":259,""cy"":433.2,""angle_rad"":2.401,""angle_deg"":137.6},{""word"":""老鼠"",""x"":83,""y"":146.8,""cx"":102,""cy"":164.2,""angle_rad"":-2.499,""angle_deg"":216.8},{""word"":""兴奋"",""x"":306,""y"":331.8,""cx"":325,""cy"":349.2,""angle_rad"":-3.11,""angle_deg"":181.8},{""word"":""耳朵"",""x"":81,""y"":455.8,""cx"":100,""cy"":473.2,""angle_rad"":2.684,""angle_deg"":153.8},{""word"":""社会"",""x"":532,""y"":251.8,""cx"":551,""cy"":269.2,""angle_rad"":-0.382,""angle_deg"":338.1},{""word"":""牙刷"",""x"":156,""y"":516.8,""cx"":175,""cy"":534.2,""angle_rad"":2.331,""angle_deg"":133.5},{""word"":""过程"",""x"":344,""y"":270.8,""cx"":363,""cy"":288.2,""angle_rad"":-1.363,""angle_deg"":281.9},{""word"":""光彩"",""x"":193,""y"":341.8,""cx"":212,""cy"":359.2,""angle_rad"":3.075,""angle_deg"":176.2},{""word"":""空调"",""x"":489,""y"":385.8,""cx"":508,""cy"":403.2,""angle_rad"":0.325,""angle_deg"":18.6},{""word"":""乌龟"",""x"":87,""y"":266.8,""cx"":106,""cy"":284.2,""angle_rad"":-2.878,""angle_deg"":195.1},{""word"":""地位"",""x"":62,""y"":358.8,""cx"":81,""cy"":376.2,""angle_rad"":3.044,""angle_deg"":174.4},{""word"":""创伤"",""x"":378,""y"":178.8,""cx"":397,""cy"":196.2,""angle_rad"":-1.274,""angle_deg"":287},{""word"":""死亡"",""x"":342,""y"":78.8,""cx"":361,""cy"":96.2,""angle_rad"":-1.527,""angle_deg"":272.5},{""word"":""快乐"",""x"":217,""y"":215.8,""cx"":236,""cy"":233.2,""angle_rad"":-2.344,""angle_deg"":225.7},{""word"":""身份"",""x"":79,""y"":377.8,""cx"":98,""cy"":395.2,""angle_rad"":2.964,""angle_deg"":169.8},{""word"":""婚姻"",""x"":497,""y"":127.8,""cx"":516,""cy"":145.2,""angle_rad"":-0.89,""angle_deg"":309},{""word"":""错误"",""x"":430,""y"":522.8,""cx"":449,""cy"":540.2,""angle_rad"":1.091,""angle_deg"":62.5},{""word"":""脚踝"",""x"":242,""y"":487.8,""cx"":261,""cy"":505.2,""angle_rad"":2.091,""angle_deg"":119.8},{""word"":""老虎"",""x"":165,""y"":89.8,""cx"":184,""cy"":107.2,""angle_rad"":-2.17,""angle_deg"":235.6},{""word"":""冷漠"",""x"":283,""y"":602.8,""cx"":302,""cy"":620.2,""angle_rad"":1.747,""angle_deg"":100.1},{""word"":""疾病"",""x"":294,""y"":33.8,""cx"":313,""cy"":51.2,""angle_rad"":-1.694,""angle_deg"":262.9},{""word"":""扫帚"",""x"":610,""y"":384.8,""cx"":629,""cy"":402.2,""angle_rad"":0.185,""angle_deg"":10.6},{""word"":""难过"",""x"":286,""y"":560.8,""cx"":305,""cy"":578.2,""angle_rad"":1.765,""angle_deg"":101.2},{""word"":""钥匙"",""x"":276,""y"":145.8,""cx"":295,""cy"":163.2,""angle_rad"":-1.857,""angle_deg"":253.6},{""word"":""天堂"",""x"":355,""y"":114.8,""cx"":374,""cy"":132.2,""angle_rad"":-1.461,""angle_deg"":276.3},{""word"":""义务"",""x"":159,""y"":167.8,""cx"":178,""cy"":185.2,""angle_rad"":-2.378,""angle_deg"":223.8},{""word"":""数据"",""x"":356,""y"":225.8,""cx"":375,""cy"":243.2,""angle_rad"":-1.341,""angle_deg"":283.2},{""word"":""爱心"",""x"":229,""y"":226.8,""cx"":248,""cy"":244.2,""angle_rad"":-2.338,""angle_deg"":226},{""word"":""内容"",""x"":375,""y"":256.8,""cx"":394,""cy"":274.2,""angle_rad"":-1.045,""angle_deg"":300.1},{""word"":""现象"",""x"":431,""y"":73.8,""cx"":450,""cy"":91.2,""angle_rad"":-1.202,""angle_deg"":291.1},{""word"":""柜子"",""x"":616,""y"":449.8,""cx"":635,""cy"":467.2,""angle_rad"":0.39,""angle_deg"":22.4},{""word"":""奇迹"",""x"":283,""y"":38.8,""cx"":302,""cy"":56.2,""angle_rad"":-1.733,""angle_deg"":260.7},{""word"":""恐惧"",""x"":410,""y"":160.8,""cx"":429,""cy"":178.2,""angle_rad"":-1.14,""angle_deg"":294.7},{""word"":""膝盖"",""x"":220,""y"":506.8,""cx"":239,""cy"":524.2,""angle_rad"":2.138,""angle_deg"":122.5},{""word"":""舒心"",""x"":198,""y"":319.8,""cx"":217,""cy"":337.2,""angle_rad"":-3.046,""angle_deg"":185.5},{""word"":""债务"",""x"":453,""y"":531.8,""cx"":472,""cy"":549.2,""angle_rad"":1.021,""angle_deg"":58.5},{""word"":""大象"",""x"":91,""y"":230.8,""cx"":110,""cy"":248.2,""angle_rad"":-2.74,""angle_deg"":203},{""word"":""作用"",""x"":284,""y"":159.8,""cx"":303,""cy"":177.2,""angle_rad"":-1.836,""angle_deg"":254.8},{""word"":""纪律"",""x"":430,""y"":313.8,""cx"":449,""cy"":331.2,""angle_rad"":-0.188,""angle_deg"":349.3},{""word"":""电视"",""x"":498,""y"":390.8,""cx"":517,""cy"":408.2,""angle_rad"":0.335,""angle_deg"":19.2},{""word"":""肩膀"",""x"":218,""y"":422.8,""cx"":237,""cy"":440.2,""angle_rad"":2.468,""angle_deg"":141.4},{""word"":""鼻子"",""x"":135,""y"":421.8,""cx"":154,""cy"":439.2,""angle_rad"":2.714,""angle_deg"":155.5},{""word"":""斧头"",""x"":404,""y"":386.8,""cx"":423,""cy"":404.2,""angle_rad"":0.639,""angle_deg"":36.6},{""word"":""风景"",""x"":181,""y"":318.8,""cx"":200,""cy"":336.2,""angle_rad"":-3.05,""angle_deg"":185.3},{""word"":""熊猫"",""x"":221,""y"":88.8,""cx"":240,""cy"":106.2,""angle_rad"":-1.995,""angle_deg"":245.7},{""word"":""骗局"",""x"":468,""y"":554.8,""cx"":487,""cy"":572.2,""angle_rad"":1.018,""angle_deg"":58.3},{""word"":""桌子"",""x"":561,""y"":473.8,""cx"":580,""cy"":491.2,""angle_rad"":0.551,""angle_deg"":31.5}],""n_words"":90,""words"":[""骄傲"",""冰箱"",""兔子"",""反感"",""协议"",""嘴唇"",""剪刀"",""长颈鹿"",""制度"",""过失"",""友情"",""方法"",""蚂蚁"",""沮丧"",""沙发"",""暴力"",""筷子"",""概念"",""麻雀"",""椅子"",""买卖"",""魔力"",""结果"",""敌意"",""纠纷"",""关系"",""铅笔"",""愤怒"",""团队"",""洗衣机"",""大腿"",""慈善"",""手指"",""性质"",""猫"",""眼睛"",""床"",""鼠标"",""微波炉"",""原因"",""锤子"",""勺子"",""缘分"",""胳膊"",""老鼠"",""兴奋"",""耳朵"",""社会"",""牙刷"",""过程"",""光彩"",""空调"",""乌龟"",""地位"",""创伤"",""死亡"",""快乐"",""身份"",""婚姻"",""错误"",""脚踝"",""老虎"",""冷漠"",""疾病"",""扫帚"",""难过"",""钥匙"",""天堂"",""义务"",""数据"",""爱心"",""内容"",""现象"",""柜子"",""奇迹"",""恐惧"",""膝盖"",""舒心"",""债务"",""大象"",""作用"",""纪律"",""电视"",""肩膀"",""鼻子"",""斧头"",""风景"",""熊猫"",""骗局"",""桌子""],""distance_matrix"":[[0,0.29891418798685165,0.5286823276414347,0.11909458237669551,0.23783709075187193,0.2742140563874377,0.42490337536229605,0.509882912862649,0.18416317970695426,0.3233943813606497,0.6005289724033316,0.5036014082773991,0.4065856222613088,0.03500331403279942,0.4223011772200273,0.2749939603541342,0.527006835073495,0.6409706640896801,0.47315585747978883,0.3708536661110436,0.2977944320545197,0.09701174105437914,0.40747976133052066,0.4877182943901752,0.40942402008020046,0.5523407578874165,0.325609538493687,0.30532219243640846,0.14321063157439595,0.3186641243627746,0.18870560775301767,0.4229124654150146,0.31694522659109414,0.21245064880210165,0.6092944835260629,0.24956526501956092,0.4141307548272869,0.37354542686534,0.3185858119881683,0.46246313953506385,0.17551179359872404,0.517447327406881,0.5388853881674687,0.11098265115684226,0.5822137669992212,0.13906791331903454,0.3766359394680931,0.44550939821316493,0.29169428360666183,0.2439815925494318,0.228597677790165,0.2834784161363748,0.44282150287239397,0.4173509610767084,0.4045692396544482,0.5578342236563703,0.36553884313986795,0.38314450926854354,0.5611568255011437,0.2410465673174235,0.1483892172897126,0.5903032984394931,0.2897177865482154,0.6310580614305707,0.4807619446139434,0.22068206050767522,0.4496830486773582,0.5010375215029534,0.4807342978847882,0.3207019614109544,0.3408495675681036,0.28015249698608846,0.5957066926295033,0.48864158370651356,0.6240212804315833,0.4487585118052253,0.1963460467714553,0.24430622003529906,0.27980240496231085,0.47389379127962233,0.4251153697046483,0.2509841022396099,0.29650278722341866,0.14673914524193962,0.2836997343109329,0.14827860723199504,0.26692088587243196,0.5604219880312956,0.32301630590367825,0.40449727895953014],[0.29891418798685165,0,0.7643100791551752,0.2699294846881781,0.30281708758770587,0.5837156324869551,0.1170484253323439,0.7603208653723688,0.33790224100533295,0.5746560237332982,0.33483950111302846,0.20509543026836774,0.6608049158560247,0.2782381948989244,0.14369332503314652,0.526450551417099,0.21652591768842305,0.502183316060539,0.735277397951946,0.138052968706923,0.3083824081211859,0.23410989242200483,0.21652591768842305,0.2686017140764327,0.17665020273418772,0.3602432409827713,0.16475880858292732,0.5533632559962958,0.3368140067995358,0.020200413190469113,0.49490703472866854,0.7177312681802391,0.6274556383899792,0.36767657913654717,0.7024150867506443,0.5528498268881056,0.13241857582876754,0.24603946470322055,0.008270125068717788,0.6326299007560596,0.11399797189740601,0.20686556789769842,0.3662563676378683,0.4161338932211389,0.7667623522594598,0.3097745646385351,0.686033736227144,0.19980555499897518,0.596320525939853,0.2922323190071367,0.4912605463039544,0.009846535980932075,0.6863439112024591,0.7049499893378853,0.36583467170363676,0.538902696999881,0.5182135017535506,0.676430078879558,0.39590336466878967,0.2557253730185304,0.4470552256825035,0.7090681350885403,0.5031785061269121,0.6423209605739456,0.17716277105334227,0.4512237612900989,0.5123203952613559,0.4763771264173597,0.6409310299020855,0.32569429117098814,0.4920584443051755,0.267213931525559,0.49645261901536925,0.221833457134098,0.6447726997086266,0.36889479523457686,0.49315720288143944,0.48835851398880675,0.2569343605158136,0.6975964613648123,0.4865583611503232,0.13662772053081562,0.014938840960550655,0.45383975068845694,0.5890355129062965,0.14142477146086657,0.5162547231018794,0.643020017883779,0.2889172081908719,0.18375259571510097],[0.5286823276414347,0.7643100791551752,0,0.4865583611503232,0.7708300764461664,0.4433753110821259,0.8873413929705002,0.03881472607830412,0.7001007093124935,0.6717888041549565,0.9157211634145827,0.8994380044088609,0.11615691060258267,0.5747860341586708,0.9163741752387624,0.6502476838654134,0.9682277608265021,0.7531686574893875,0.08746022967510118,0.8836632072244452,0.8340484830347603,0.6369280951611094,0.7127608399327106,0.7797082277835583,0.7555642752852573,0.7801777182588623,0.8543371380447835,0.6694942814492351,0.654612033649497,0.7669319736445873,0.4817699901232974,0.23439222059329182,0.39546890718249517,0.3865332822638487,0.3496980071180162,0.33612185632487956,0.9058257052610437,0.911318580086095,0.7792057536702034,0.18402409520712787,0.6742800991313007,0.9556418437040363,0.7475447051032635,0.4271397201462118,0.14001325613119767,0.4449104739480527,0.3619378381051643,0.7876486569101425,0.4912361837531301,0.4809747724604907,0.28864987448116924,0.7591066519721626,0.07479978266741674,0.19916081774741962,0.5398340987788414,0.5352135042168449,0.268441375439286,0.23461342798451887,0.7488292946392577,0.7807190923783183,0.5183419459892042,0.291932033473656,0.7129863125938775,0.509399795973616,0.9494237717760238,0.6583610459659717,0.3904219802753702,0.5304455642651881,0.19975404837302868,0.4966508430047251,0.28710920282296837,0.5294803944520133,0.6719740246315713,0.992232590962838,0.4901115146780093,0.5970388644469946,0.5235485562194713,0.2752929940913325,0.81998327338896,0.05930451100072491,0.39546890718249517,0.6330185663597849,0.7758523429117752,0.4102508436425035,0.3331499128970365,0.6290214418190112,0.250574312261428,0.3586916257505554,0.8626041825835673,0.9242780543595261],[0.11909458237669551,0.2699294846881781,0.4865583611503232,0,0.33948368857520433,0.3601993127556413,0.397060770495766,0.4797241277521855,0.30359964218357804,0.4507205749915228,0.5116158389561053,0.4410567923514047,0.3794027851270936,0.1503420803123354,0.4188872200134906,0.40323594646947836,0.4883040591309465,0.5154908667946145,0.45369350356040844,0.38608174494697667,0.39057430944399346,0.18475319011216038,0.3054939329142824,0.3869877230579441,0.3214057192655173,0.43987648714032757,0.3632291789205888,0.4335368343389952,0.2675895562289102,0.2777729276337397,0.2902638529938713,0.4443376325971205,0.3870662580357406,0.1053827152955571,0.4990022032234377,0.29351973395581854,0.40858261233994614,0.42952829407459014,0.28656192496545296,0.3782104196640628,0.1779397955420844,0.4767981493025533,0.42235136662340905,0.17490715274236243,0.508115400246562,0.030497946474070746,0.43516369593303156,0.3582760266159627,0.38970356289850017,0.11325913871360983,0.21114695071793443,0.2624727176936665,0.40630886502759905,0.42785889422808016,0.2743997140503002,0.42785889422808016,0.26914521106114475,0.4027927520565562,0.44217703887060844,0.3268504511526653,0.26367680006822314,0.4877182943901752,0.4204778758807757,0.5045622200487739,0.45831029013602365,0.3514230746940163,0.32772200613440006,0.37045485751123375,0.3921450127730648,0.19005311469798114,0.24249153583022934,0.15295120980178364,0.46671085377065885,0.49415131176398597,0.4986848686324475,0.3207306318049015,0.30960087498432226,0.2067721043510861,0.35948475036778366,0.4222886289622013,0.3021106859183686,0.16424105354719856,0.27893235675670097,0.210841247528034,0.33120592424053574,0.13161322087670657,0.23465764562468466,0.44616403911932456,0.40479158500760776,0.4277907471968615],[0.23783709075187193,0.30281708758770587,0.7708300764461664,0.33948368857520433,0,0.41590471033107124,0.38153785407704777,0.7471088486943459,0.07216173519069095,0.3030118271313741,0.6488435175003525,0.5100916897273361,0.6452225742467468,0.19165967439533024,0.3330393488435465,0.2632809765803245,0.48288334886304696,0.788093059800575,0.7057360398798713,0.26109368005539507,0.05327467082294664,0.14306992893084453,0.5106445448262902,0.5760590776431498,0.48389532049675665,0.6624204888286068,0.18812045554425563,0.2821053024198106,0.1118343620277498,0.33447392688616884,0.32766183241964947,0.6277175816433963,0.4762097316883961,0.45176459128587465,0.8494928001757749,0.45328962280022106,0.33121783543628674,0.18112957287581116,0.3188824766103192,0.7115458376551036,0.21842115290176142,0.4787340854184126,0.6615232022554911,0.3332130764419515,0.8315577934231332,0.37361963510433943,0.5434876828549202,0.5115820172061681,0.4030751380650304,0.44866388584046935,0.47158083746794116,0.28136755684075304,0.6843751794186634,0.6320549217483465,0.5907328337612928,0.7612144210145496,0.6115485168489826,0.5927047642960186,0.689381800811303,0.039882127361099716,0.27375653841575903,0.8350137659403228,0.21415108429064836,0.8483110916703318,0.41410197893163264,0.18855608043189287,0.677637853364937,0.699559221443232,0.7292752130160868,0.5178716884293235,0.5859795773643098,0.4630169756610402,0.763314700815074,0.3673067584755325,0.8443761849921086,0.6186943064404937,0.30094141563512294,0.4915176346244875,0.06798132775560534,0.7199098658918873,0.6515975666281204,0.36826826007757607,0.2815068962131255,0.35635378682155394,0.47805070658629323,0.24576462200895435,0.5122164613180726,0.7972732133135397,0.09253529098219668,0.2682906706451861],[0.2742140563874377,0.5837156324869551,0.4433753110821259,0.3601993127556413,0.41590471033107124,0,0.7076008866115452,0.4023194883870381,0.3321575159559285,0.21869316066848843,0.8791526258989479,0.7891732400386995,0.323101715103241,0.2956933064735324,0.6958880483118451,0.20540295382091733,0.8111343307769343,0.8705546333873336,0.35145681762852876,0.6360900735950947,0.47898941345023405,0.35166670325370036,0.6767426033953781,0.7582583923315823,0.6874372027881345,0.8105914586245159,0.5774911407464157,0.21934231534395085,0.2951968332094043,0.6044082338207905,0.08086876340897138,0.22766094468642878,0.05116510027656977,0.3755088976439053,0.6843438848099686,0.11053786121490328,0.6890243999200798,0.601140196896963,0.6035347666249886,0.48997855599267875,0.45868381145755416,0.8019984662490744,0.791105422706834,0.17362584211673235,0.5611235522827825,0.3477071624541747,0.11768145962624353,0.7241718633216577,0.038081285193753714,0.46410554588713493,0.23652961358211388,0.5672630106949397,0.3673319033475168,0.24747760662047927,0.6177195453201849,0.7302869001688607,0.4478024865805073,0.20572256733168218,0.8087632504463778,0.4492461186023535,0.13519791068265252,0.6437100206975216,0.27582384162700474,0.7711866487352538,0.7609695450703206,0.23947406164304844,0.5864918807679684,0.6868176860906622,0.514798311175774,0.5339299922247247,0.43530382292798003,0.5157980906394433,0.8098179088313576,0.7547511738025416,0.7580585619362111,0.6733109034929132,0.10370755063809314,0.2737231490397694,0.4888918580961319,0.4229625842292465,0.5695933825194925,0.5272216090569173,0.579235446995746,0.13885100132082642,0.09962344162049085,0.4341601993184187,0.2693681285413398,0.6545772976810579,0.5200780268839371,0.6619032803166579],[0.42490337536229605,0.1170484253323439,0.8873413929705002,0.397060770495766,0.38153785407704777,0.7076008866115452,0,0.8854131364269336,0.43453563089515806,0.6784648763245537,0.28443166921796437,0.13044932377366736,0.786961985901831,0.4003912652373528,0.06933715448403446,0.6319957035749237,0.0938594642398358,0.522853706130267,0.8618626667342697,0.12622929365599575,0.3669797231882065,0.3495925076600713,0.2561221970969078,0.2730115034738763,0.19956723157298215,0.366548035549335,0.19406253396677534,0.6569555936617979,0.44253385519702415,0.1087987894763461,0.6173647122247241,0.8464474337551299,0.7533537496591315,0.4892398579239976,0.7969904362533461,0.6810579442257838,0.061010363331252884,0.25810260816949016,0.09908390413561931,0.7466565848523314,0.23784254697418675,0.08718517919763147,0.3838679563123954,0.5437965779034807,0.8809129234868028,0.43594905864763206,0.8129936011221927,0.2012362875080459,0.7173074664979433,0.4041667541346968,0.6192232016938777,0.12997916499528378,0.8110846927190032,0.8335316040098675,0.4445435802564841,0.6076018719925379,0.6325221312838285,0.8051445596990994,0.4136701068796437,0.330247702600881,0.5675521757719877,0.8099571021263987,0.5993537074241824,0.7151135754109271,0.05044599049597881,0.5549415983540781,0.6074677583703183,0.5480010572613981,0.752835734801628,0.42311290600763085,0.6071290471183707,0.3692452047826109,0.5367149993260972,0.13161322087670657,0.7205367096104126,0.43190707513798915,0.6123235056582086,0.6151250790265373,0.3167131493824807,0.8195133367590948,0.5830361419118072,0.24574346810831843,0.11683672091820274,0.5812961284675945,0.7170310225330156,0.2696634640848018,0.6431302177071175,0.736952295630138,0.33444246160435215,0.15472790260892683],[0.509882912862649,0.7603208653723688,0.03881472607830412,0.4797241277521855,0.7471088486943459,0.4023194883870381,0.8854131364269336,0,0.6738175188780865,0.6320549217483467,0.929864264496692,0.9053715527077993,0.09170894614644193,0.5552106322480679,0.9102279395254558,0.6127575152913608,0.969826929543633,0.7814798281787055,0.04001400247734034,0.8740136840479925,0.8110582178635477,0.6185582330621378,0.7237721355063932,0.7935623160102045,0.7638660911090343,0.799661093555867,0.8409342117711235,0.6307890041824823,0.6285282866745258,0.7649992489459805,0.44672271870955627,0.185686640051706,0.35179782022263834,0.38723010731421015,0.39428013553048863,0.30052742992642073,0.8999667956719002,0.8946544853249352,0.7760390180362973,0.21719311728414487,0.6644692591975745,0.957480943951117,0.7679279722443757,0.40223398032876134,0.18978974053582853,0.43900433358007945,0.31485059349849864,0.7970358892351699,0.44923430393276415,0.48687522246971354,0.27030149189685515,0.753768264844973,0.06304241814703063,0.15175601736384786,0.559421663790017,0.5681840749023077,0.2869040911833345,0.18924162946646822,0.7709970768646538,0.7599328072660556,0.4863041801636193,0.33724736674799466,0.6773474692742611,0.5490848824658284,0.9472966949489732,0.625133920067084,0.41928859335981716,0.558928001690451,0.23598050365075476,0.5098489787278522,0.3022538280851023,0.5378681567148789,0.7012416510235747,0.9849812093103644,0.5301240320377757,0.6180136454958884,0.4880316958282041,0.26295894991700397,0.7997600865384579,0.08400795367871859,0.4216701776374347,0.6342843295734155,0.7702940426631083,0.3819254329827456,0.29370257043693193,0.6202667386630852,0.23622775364022683,0.3990974403805108,0.8414769247370382,0.9134106537365292],[0.18416317970695426,0.33790224100533295,0.7001007093124935,0.30359964218357804,0.07216173519069095,0.3321575159559285,0.43453563089515806,0.6738175188780865,0,0.2335442608943585,0.6823537873522296,0.5530571830907667,0.5732240017319561,0.14281457875213668,0.3964107591506924,0.18939741784240952,0.5389373130323435,0.7904030407747069,0.6307784090719711,0.3267700105407136,0.13549423518473885,0.11939615407294517,0.5239579170526136,0.595767207404094,0.5057291525377736,0.6764617333907466,0.25707117105034916,0.21207372348315215,0.03385149312169943,0.3679850854727405,0.24454012221943885,0.5469565596802402,0.39269079247523614,0.4074797613305207,0.8050512200045192,0.374043408295933,0.39289274625469706,0.26236841283026435,0.3561798854376475,0.6549307027265425,0.23051086964079942,0.5332883516660495,0.6712308477929589,0.2613680503835908,0.7698081622134288,0.33170583871057996,0.4600017950515673,0.5368415930188315,0.3195366696391387,0.42275267310540254,0.40391786906013755,0.31666339720997255,0.6137291263392867,0.5528908219443436,0.5752315655435364,0.7394703264472271,0.5609928173515775,0.5129020447923448,0.6975120022948534,0.11177923452718058,0.19117702911180642,0.7858771038457089,0.15408030263269687,0.8196869331416062,0.47424132568967986,0.11213162634019733,0.6420273834881909,0.6797143857295312,0.6741848291446061,0.4965544193698115,0.5365387123705314,0.4464761516073187,0.757387955201796,0.4391855422985538,0.8139521714129777,0.6102255358418228,0.21712172467911306,0.42726379974475864,0.14842323577864808,0.6525431068143909,0.6167909304634334,0.3713338209642517,0.32086575893845654,0.2805627368706194,0.3971540206043022,0.24349654458340003,0.44576243871447674,0.7556600863635854,0.17636081651007998,0.34078777256113635],[0.3233943813606497,0.5746560237332982,0.6717888041549565,0.4507205749915228,0.3030118271313741,0.21869316066848843,0.6784648763245537,0.6320549217483467,0.2335442608943585,0,0.9117137850272976,0.7914038337653065,0.5484751850307922,0.31097511620592794,0.6414981953591959,0.037834390088922934,0.7833622159471898,0.9760075222977938,0.5814889503171925,0.5713473076315349,0.3507851180870537,0.33258091947050733,0.7341246365473877,0.8117247939831123,0.7265103602425739,0.8831065237512099,0.5003360514384968,0.009846535980932075,0.22622317930469174,0.6029259235786731,0.19158601109433268,0.455652325826582,0.27546373068720204,0.5162547231018795,0.8794887707135155,0.3270956770471082,0.6380919669484633,0.4930088617833515,0.5938367281691368,0.6958053095608872,0.4562113143928894,0.7773169002310049,0.8718159981163908,0.3026958554322787,0.7816205615622537,0.4593288124706183,0.33258091947050733,0.7604390079613679,0.17516964690323994,0.5743959163593139,0.42734133168521626,0.5541144800913347,0.5929029546749461,0.47755841667371063,0.7362227198600692,0.878736853235517,0.6320316581156449,0.43596426524472753,0.8950089069959152,0.3517416330285943,0.1848224866256786,0.8456982957465169,0.08251651413552209,0.938819562402472,0.7194035347761013,0.11208763223870703,0.7518360957215209,0.8260132071404386,0.7194705693218504,0.6510369903304697,0.6137291263392867,0.614494893883175,0.9290889384771076,0.6814332024862001,0.9286387827271666,0.7829083138643812,0.1519890994955304,0.46250907800149077,0.3822988086733691,0.6459847916610081,0.7304611895969048,0.5760915053578176,0.560431506520546,0.2905838128643662,0.3270474499152179,0.45400641638952727,0.4676888086223215,0.8414593717805262,0.39642076716694136,0.5824704518114784],[0.6005289724033316,0.33483950111302846,0.9157211634145827,0.5116158389561053,0.6488435175003525,0.8791526258989479,0.28443166921796437,0.929864264496692,0.6823537873522296,0.9117137850272976,0,0.1430611307673533,0.8472894330465275,0.5960652107535286,0.3633344722663709,0.8625294363910224,0.2335942220311076,0.2952500651870027,0.9220455849176634,0.42095644960909445,0.6483466094765872,0.5675239709002187,0.1996767648979046,0.12464056476776986,0.18008877609851937,0.15295120980178364,0.4830512372877466,0.8908854390404726,0.6763153190674122,0.3036514556078668,0.799718141833967,0.952621119154388,0.9100433327982598,0.5493033376744778,0.7095666216174875,0.8157310724199389,0.3564462540865358,0.5530571830907667,0.31829713233567725,0.7362245401362201,0.44423611692585013,0.22558711376664042,0.18760874576461525,0.6955281604650028,0.8603402757477006,0.535014321410125,0.9580187970487689,0.1435179738526909,0.9025525582587902,0.4418889824735363,0.714723856179497,0.35635378682155394,0.8571621493301147,0.9292061462625122,0.37078604037079893,0.47067851695369967,0.6358420298359707,0.9119304860698053,0.2062667085688737,0.6005645512746621,0.7601515549195789,0.7423266881057684,0.846212604951799,0.5743308714761415,0.29690011351508633,0.7901008613244128,0.5444652619260825,0.42925976233412916,0.7325128928509308,0.40834930910342593,0.6171828909062346,0.3865332822638487,0.3462875877709885,0.4043107774318448,0.5868263488157963,0.32232409404114243,0.8080743377027565,0.6957591255851064,0.5966070679085885,0.8448022800296711,0.5282588991672944,0.3402930219211334,0.3557095699603707,0.7327067789762468,0.8534044334991046,0.4484213179741959,0.7222433935348097,0.6533440188741971,0.6216891221995476,0.45058806650726124],[0.5036014082773991,0.20509543026836774,0.8994380044088609,0.4410567923514047,0.5100916897273361,0.7891732400386995,0.13044932377366736,0.9053715527077993,0.5530571830907667,0.7914038337653065,0.1430611307673533,0,0.8133699026126213,0.4895658883302347,0.20862766184691603,0.7432108853848418,0.09362699666578932,0.4097245772063581,0.8892730777935024,0.2680182238833146,0.5028690389110128,0.4500606007190812,0.19053170997759847,0.16749236787799746,0.13652670491946367,0.25118616807812716,0.3331499128970365,0.770097288759153,0.5535367040241225,0.17785361680864867,0.7033924308047095,0.8965451345952687,0.827857363368019,0.5081049237042222,0.7520161629757233,0.7433461303273226,0.20191300606477405,0.4000872016122127,0.18593481532127556,0.7375176370300595,0.32744913311368823,0.0820964021774785,0.2761929607369342,0.612474025590385,0.8691245516479447,0.4732457041073199,0.8822403902565492,0.11341160819244413,0.806004116903167,0.40710283001986,0.6602520212062468,0.22567316818246635,0.8308002631036449,0.8782229835154243,0.3942130588765485,0.5355220942800346,0.6274556383899792,0.8550411126552513,0.3038758821323305,0.4600133400170909,0.6582574158223689,0.7745443759856642,0.7187384425197765,0.6439280933213578,0.14491528506475135,0.6679155584034362,0.5695371695197289,0.4820871671473371,0.7390207146395259,0.40020951505499097,0.6046733457911038,0.3589194555777312,0.43915232615286137,0.25256023950013146,0.6526783668673153,0.3641322885557247,0.7052785645540861,0.6484476708631658,0.451579486881722,0.82911801694736,0.5482150723256988,0.26649542130428633,0.2205238099889697,0.6505540629168073,0.7807190923783182,0.34401749704682155,0.6763153190674122,0.6926250410814347,0.47317551285225135,0.29608283073548425],[0.4065856222613088,0.6608049158560247,0.11615691060258267,0.3794027851270936,0.6452225742467468,0.323101715103241,0.786961985901831,0.09170894614644193,0.5732240017319561,0.5484751850307922,0.8472894330465275,0.8133699026126213,0,0.45202889796834606,0.8093338628239355,0.5248188418831607,0.873800003267952,0.723814709451199,0.06423554285329061,0.7717411872363643,0.7089000069810114,0.5152506427887902,0.6382281399067747,0.7112747229137792,0.6748990318089096,0.7256338314721715,0.7377810748731506,0.5450915766345229,0.5277922392622418,0.666792816253704,0.3551087646916194,0.15143081216571858,0.2812142069649635,0.2936000171153425,0.3913350916151775,0.21046159127629657,0.7992230304681831,0.7912817699186584,0.6769956838229302,0.192847992138098,0.5623344034612616,0.8616709541825762,0.6956051572187418,0.3006495038004243,0.22870530964706262,0.3394565494300652,0.26022885558714337,0.7091417968457449,0.37215047912894117,0.3973704121137372,0.16693680762686056,0.6534975362761617,0.03276177826025061,0.11306283266644762,0.48808890443452757,0.52401891299364,0.22271217042357008,0.1333133844282616,0.7016826312799035,0.6570696042724639,0.3906284570261651,0.3400260316866847,0.5862801819117721,0.5239655419251008,0.8486165614318858,0.5308070602225615,0.369484585085476,0.50460441250633,0.21709197118447873,0.42935855163898096,0.2311172154810319,0.4506734652147715,0.6464607292639811,0.8835248291883719,0.5064784986461749,0.5482150723256988,0.39705077815084844,0.16127520863704484,0.696780242451517,0.0894723580554744,0.36602575469048837,0.5390040663785014,0.669877904173026,0.28259147886529323,0.21181802579185677,0.5186038757572125,0.13392245320299756,0.3808447970027847,0.7387250569352256,0.8107570063984394],[0.03500331403279942,0.2782381948989244,0.5747860341586708,0.1503420803123354,0.19165967439533024,0.2956933064735324,0.4003912652373528,0.5552106322480679,0.14281457875213668,0.31097511620592794,0.5960652107535286,0.4895658883302347,0.45202889796834606,0,0.39065552808441084,0.26157240175420515,0.5043934157225742,0.6585073200647481,0.5176171126442942,0.335165440877559,0.2511706300672908,0.05304367029668725,0.4117453460650939,0.4901115146780093,0.40721984499970515,0.5604886141306734,0.2854368537818471,0.2914473648780835,0.10559187944129016,0.30122435341840564,0.2054029538209173,0.46154343368701145,0.343849049198553,0.253414133325628,0.6515298298346361,0.28618737342317657,0.38321001853531417,0.3294624266503628,0.298168133680108,0.5082594312966195,0.15257864643778357,0.4955891749261553,0.5497569672586662,0.14971062467447271,0.6287153902284991,0.17722764517514167,0.4063512044734058,0.44228201396317846,0.3064154493185,0.27262388831565654,0.27452341891463106,0.2608390170918108,0.4887830585231594,0.45806690727834987,0.42996007133311476,0.5891034978108903,0.4097245772063581,0.4225552014206355,0.5735707049531407,0.19453182347719836,0.15732570898691897,0.6341199206524653,0.265431358300522,0.6664315400596545,0.4536993543279603,0.198533533160238,0