"trial_id","rt","stimulus","response","trial_type","trial_index","plugin_version","time_elapsed","participant_number","success","raw_payload","placements","dissimilarity_vector","n_words","trial_category","distance_matrix","value"
"consent_form","32162","
    <div style=""max-width:800px; margin:0 auto; text-align:left; font-size: 16px; padding: 10px 0;"">
      <h1>Informed Consent Form</h1>
      <p>You are being invited to participate in a research study titled <strong>""Reproducibility of Psychological Science and Instruction.""</strong> This study is being done by Dr. Bria Long from UC San Diego and associated graduate students in the Experimental Methods course. You were selected to participate in this study because you are an adult in the U.S. and have been a represented population in previous psychology studies.</p>
      
      <p>The purpose of this study is to better understand how well previously published studies in the psychological field replicate online and with different populations. Your participation in this research should last approximately <strong>5-30 minutes</strong>. If you agree to take part in this study, you may be asked to view a set of stimuli, including pictures, sounds, written text, or videos and then giving some responses via key-presses, verbally, or with paper-and-pencil. We may also observe your choices or preferences among an array of stimuli. These stimuli will be taken directly from or closely adapted from studies that already exist in the published psychological literature. Stimuli will include, e.g., pictures of objects and human faces, audio and video clips, short text passages, etc. None of the stimuli will be disturbing, threatening, or offensive. The online and in-person experiments described in this protocol will take no more than 30 minutes. An example game you might play would be to click on an image on the screen that matches a word you hear being said out loud. Your total expected time commitment for this study is between 5-30 minutes, and is specified in the study description.</p>
      
      <p>Your participation in this study is completely voluntary and you can withdraw at any time. Choosing not to participate or withdrawing will result in no penalty or loss of benefits to which you are entitled. You are free to skip any question that you choose.</p>
      
      <p>We will not be asking for any personally identifying information, and we will handle responses as confidentially as possible. Your SONA or Prolific IDs will never be tied to your responses on this survey. However, we cannot guarantee the confidentiality of information transmitted over the Internet. To minimize this risk, data containing anything that might be personally identifying (e.g. Prolific IDs or IP addresses) will be encrypted on transfer and storage and will only be accessible to qualified lab personnel. We will be keeping data collected as part of this experiment indefinitely. This anonymized data (containing neither Prolific IDs nor IP addresses) may be shared with the scientific community or with other participants to be used as stimuli in future studies.</p>
      
      <p>If you have questions about this project or if you have a research-related problem, you may contact the researcher(s), <strong>Dr. Bria Long, <a href=""mailto:brlong@ucsd.edu"">brlong@ucsd.edu</a></strong>. If you have any questions concerning your rights as a research subject, you may contact the UC San Diego Office of IRB Administration at <a href=""mailto:irb@ucsd.edu"">irb@ucsd.edu</a> or 858-246-4777.</p>
      
      <h3 style=""margin-top: 25px;"">Consent Statement</h3>
      <p style=""font-weight: bold;"">By participating in this research you are indicating that you are at least 18 years old, have read this consent form, and agree to participate in this research study. Please keep this consent form for your records.</p>
    </div>
  ","0","html-button-response","0","2.1.0","32163","ycajpqbz5n_f6bns9","","","","","","","",""
"","82380","","{""participant_date"":""11/25/2025"",""participant_time"":""2;56PM""}","survey-html-form","1","2.1.0","114545","ycajpqbz5n_f6bns9","","","","","","","",""
"","2460","
    <div style=""display:flex; align-items:center; justify-content:center; height:100vh; font-family:sans-serif;"">
      <div style=""max-width:900px; margin:0 auto; text-align:center;"">
        <h1 style= ""font-size: 24px;"">Welcome! Thank you for participating in the study.</h1>
        <h2 style= ""font-size: 22px;"">The study will be in Madarin Chinese.</h2>
        <h2 style= ""font-size: 22px;"">Please use desktop computers or laptops for the study. Tablets and phones are not allowed.</h2>
        <p style=""font-size:16px; margin-top:30px;""><em>Press any key to continue.</em></p>
      </div>
    </div>
  "," ","html-keyboard-response","2","2.1.0","117007","ycajpqbz5n_f6bns9","","","","","","","",""
"","711","
    <div style=""display:flex; align-items:center; justify-content:center; height:100vh; font-family:sans-serif;"">
      <div style=""max-width:900px; margin:0 auto; text-align:center;"">
        <p style=""font-size:18px; line-height:1.6;"">
          In this task, you will be presented with <strong>90 words</strong> arranged <strong>outside a circle</strong>.<br>
          Your job is to <strong>drag these words into the circle</strong> and <strong>rearrange them</strong> based on their <strong>meaning similarity</strong>.<br><br>
          Words that are <strong>similar in meaning</strong> should be placed <strong>closer together</strong>.<br>
          Words that are <strong>different in meaning</strong> should be placed <strong>farther apart</strong>.<br><br>
          You can place the words <strong>anywhere inside the circle</strong>. There is no single correct answer — 
          we are interested in <strong>your personal judgment</strong> of how these words relate to each other.<br><br>
          <strong>You must move all words into the circle before you can finish.</strong><br>
          After the initial arrangement, you will arrange words from specific categories.
        </p>
        <p style=""font-size:16px; margin-top:30px;""><em>Press any key to continue.</em></p>
      </div>
    </div>
  "," ","html-keyboard-response","3","2.1.0","117721","ycajpqbz5n_f6bns9","","","","","","","",""
"","1056","","","fullscreen","4","2.1.0","119781","ycajpqbz5n_f6bns9","true","{""placements"":[{""word"":""骄傲"",""x"":511,""y"":338.2,""cx"":530,""cy"":355.6,""angle_rad"":0.031,""angle_deg"":1.8},{""word"":""冰箱"",""x"":426,""y"":401.2,""cx"":445,""cy"":418.6,""angle_rad"":0.625,""angle_deg"":35.8},{""word"":""兔子"",""x"":368,""y"":402.2,""cx"":387,""cy"":419.6,""angle_rad"":1.082,""angle_deg"":62},{""word"":""反感"",""x"":389,""y"":411.2,""cx"":408,""cy"":428.6,""angle_rad"":0.935,""angle_deg"":53.6},{""word"":""协议"",""x"":458,""y"":411.2,""cx"":477,""cy"":428.6,""angle_rad"":0.554,""angle_deg"":31.8},{""word"":""嘴唇"",""x"":415,""y"":448.2,""cx"":434,""cy"":465.6,""angle_rad"":0.942,""angle_deg"":54},{""word"":""剪刀"",""x"":442,""y"":384.2,""cx"":461,""cy"":401.6,""angle_rad"":0.435,""angle_deg"":24.9},{""word"":""长颈鹿"",""x"":451,""y"":399.2,""cx"":477,""cy"":416.6,""angle_rad"":0.483,""angle_deg"":27.7},{""word"":""制度"",""x"":431,""y"":475.2,""cx"":450,""cy"":492.6,""angle_rad"":0.959,""angle_deg"":55},{""word"":""过失"",""x"":431,""y"":430.2,""cx"":450,""cy"":447.6,""angle_rad"":0.773,""angle_deg"":44.3},{""word"":""友情"",""x"":373,""y"":343.2,""cx"":392,""cy"":360.6,""angle_rad"":0.247,""angle_deg"":14.2},{""word"":""方法"",""x"":428,""y"":400.2,""cx"":447,""cy"":417.6,""angle_rad"":0.609,""angle_deg"":34.9},{""word"":""蚂蚁"",""x"":486,""y"":401.2,""cx"":505,""cy"":418.6,""angle_rad"":0.417,""angle_deg"":23.9},{""word"":""沮丧"",""x"":427,""y"":396.2,""cx"":446,""cy"":413.6,""angle_rad"":0.585,""angle_deg"":33.5},{""word"":""沙发"",""x"":451,""y"":394.2,""cx"":470,""cy"":411.6,""angle_rad"":0.474,""angle_deg"":27.2},{""word"":""暴力"",""x"":496,""y"":409.2,""cx"":515,""cy"":426.6,""angle_rad"":0.435,""angle_deg"":24.9},{""word"":""筷子"",""x"":449,""y"":403.2,""cx"":468,""cy"":420.6,""angle_rad"":0.539,""angle_deg"":30.9},{""word"":""概念"",""x"":442,""y"":457.2,""cx"":461,""cy"":474.6,""angle_rad"":0.843,""angle_deg"":48.3},{""word"":""麻雀"",""x"":424,""y"":294.2,""cx"":443,""cy"":311.6,""angle_rad"":-0.392,""angle_deg"":337.6},{""word"":""椅子"",""x"":404,""y"":394.2,""cx"":423,""cy"":411.6,""angle_rad"":0.701,""angle_deg"":40.2},{""word"":""买卖"",""x"":409,""y"":324.2,""cx"":428,""cy"":341.6,""angle_rad"":-0.107,""angle_deg"":353.9},{""word"":""魔力"",""x"":369,""y"":287.2,""cx"":388,""cy"":304.6,""angle_rad"":-0.874,""angle_deg"":309.9},{""word"":""结果"",""x"":341,""y"":454.2,""cx"":360,""cy"":471.6,""angle_rad"":1.489,""angle_deg"":85.3},{""word"":""敌意"",""x"":306,""y"":448.2,""cx"":325,""cy"":465.6,""angle_rad"":1.784,""angle_deg"":102.2},{""word"":""纠纷"",""x"":293,""y"":361.2,""cx"":312,""cy"":378.6,""angle_rad"":2.496,""angle_deg"":143},{""word"":""关系"",""x"":330,""y"":473.2,""cx"":349,""cy"":490.6,""angle_rad"":1.578,""angle_deg"":90.4},{""word"":""铅笔"",""x"":280,""y"":482.2,""cx"":299,""cy"":499.6,""angle_rad"":1.899,""angle_deg"":108.8},{""word"":""愤怒"",""x"":362,""y"":415.2,""cx"":381,""cy"":432.6,""angle_rad"":1.212,""angle_deg"":69.4},{""word"":""团队"",""x"":248,""y"":391.2,""cx"":267,""cy"":408.6,""angle_rad"":2.527,""angle_deg"":144.8},{""word"":""洗衣机"",""x"":232,""y"":373.2,""cx"":258,""cy"":390.6,""angle_rad"":2.726,""angle_deg"":156.2},{""word"":""大腿"",""x"":268,""y"":476.2,""cx"":287,""cy"":493.6,""angle_rad"":1.984,""angle_deg"":113.7},{""word"":""慈善"",""x"":247,""y"":439.2,""cx"":266,""cy"":456.6,""angle_rad"":2.238,""angle_deg"":128.2},{""word"":""手指"",""x"":251,""y"":477.2,""cx"":270,""cy"":494.6,""angle_rad"":2.076,""angle_deg"":119},{""word"":""性质"",""x"":229,""y"":429.2,""cx"":248,""cy"":446.6,""angle_rad"":2.383,""angle_deg"":136.6},{""word"":""猫"",""x"":145,""y"":475.2,""cx"":157,""cy"":492.6,""angle_rad"":2.505,""angle_deg"":143.5},{""word"":""眼睛"",""x"":206,""y"":475.2,""cx"":225,""cy"":492.6,""angle_rad"":2.29,""angle_deg"":131.2},{""word"":""床"",""x"":229,""y"":443.2,""cx"":241,""cy"":460.6,""angle_rad"":2.349,""angle_deg"":134.6},{""word"":""鼠标"",""x"":153,""y"":471.2,""cx"":172,""cy"":488.6,""angle_rad"":2.48,""angle_deg"":142.1},{""word"":""微波炉"",""x"":376,""y"":401.2,""cx"":402,""cy"":418.6,""angle_rad"":0.922,""angle_deg"":52.8},{""word"":""原因"",""x"":173,""y"":426.2,""cx"":192,""cy"":443.6,""angle_rad"":2.607,""angle_deg"":149.4},{""word"":""锤子"",""x"":205,""y"":459.2,""cx"":224,""cy"":476.6,""angle_rad"":2.354,""angle_deg"":134.9},{""word"":""勺子"",""x"":246,""y"":426.2,""cx"":265,""cy"":443.6,""angle_rad"":2.308,""angle_deg"":132.2},{""word"":""缘分"",""x"":300,""y"":377.2,""cx"":319,""cy"":394.6,""angle_rad"":2.178,""angle_deg"":124.8},{""word"":""胳膊"",""x"":282,""y"":370.2,""cx"":301,""cy"":387.6,""angle_rad"":2.487,""angle_deg"":142.5},{""word"":""老鼠"",""x"":140,""y"":351.2,""cx"":159,""cy"":368.6,""angle_rad"":3.045,""angle_deg"":174.4},{""word"":""兴奋"",""x"":310,""y"":267.2,""cx"":329,""cy"":284.6,""angle_rad"":-1.881,""angle_deg"":252.2},{""word"":""耳朵"",""x"":343,""y"":293.2,""cx"":362,""cy"":310.6,""angle_rad"":-1.275,""angle_deg"":287},{""word"":""社会"",""x"":304,""y"":321.2,""cx"":323,""cy"":338.6,""angle_rad"":-2.742,""angle_deg"":202.9},{""word"":""牙刷"",""x"":185,""y"":237.2,""cx"":204,""cy"":254.6,""angle_rad"":-2.563,""angle_deg"":213.2},{""word"":""过程"",""x"":238,""y"":314.2,""cx"":257,""cy"":331.6,""angle_rad"":-2.946,""angle_deg"":191.2},{""word"":""光彩"",""x"":249,""y"":332.2,""cx"":268,""cy"":349.6,""angle_rad"":-3.137,""angle_deg"":180.3},{""word"":""空调"",""x"":271,""y"":355.2,""cx"":290,""cy"":372.6,""angle_rad"":2.781,""angle_deg"":159.4},{""word"":""乌龟"",""x"":274,""y"":304.2,""cx"":293,""cy"":321.6,""angle_rad"":-2.679,""angle_deg"":206.5},{""word"":""地位"",""x"":272,""y"":257.2,""cx"":291,""cy"":274.6,""angle_rad"":-2.235,""angle_deg"":232},{""word"":""创伤"",""x"":380,""y"":376.2,""cx"":399,""cy"":393.6,""angle_rad"":0.727,""angle_deg"":41.7},{""word"":""死亡"",""x"":300,""y"":281.2,""cx"":319,""cy"":298.6,""angle_rad"":-2.113,""angle_deg"":238.9},{""word"":""快乐"",""x"":213,""y"":286.2,""cx"":232,""cy"":303.6,""angle_rad"":-2.767,""angle_deg"":201.5},{""word"":""身份"",""x"":128,""y"":138.2,""cx"":147,""cy"":155.6,""angle_rad"":-2.378,""angle_deg"":223.8},{""word"":""婚姻"",""x"":126,""y"":140.2,""cx"":145,""cy"":157.6,""angle_rad"":-2.388,""angle_deg"":223.2},{""word"":""错误"",""x"":170,""y"":182.2,""cx"":189,""cy"":199.6,""angle_rad"":-2.39,""angle_deg"":223.1},{""word"":""脚踝"",""x"":181,""y"":128.2,""cx"":200,""cy"":145.6,""angle_rad"":-2.204,""angle_deg"":233.7},{""word"":""老虎"",""x"":219,""y"":217.2,""cx"":238,""cy"":234.6,""angle_rad"":-2.341,""angle_deg"":225.9},{""word"":""冷漠"",""x"":226,""y"":268.2,""cx"":245,""cy"":285.6,""angle_rad"":-2.591,""angle_deg"":211.5},{""word"":""疾病"",""x"":262,""y"":362.2,""cx"":281,""cy"":379.6,""angle_rad"":2.736,""angle_deg"":156.8},{""word"":""扫帚"",""x"":217,""y"":233.2,""cx"":236,""cy"":250.6,""angle_rad"":-2.424,""angle_deg"":221.1},{""word"":""难过"",""x"":249,""y"":305.2,""cx"":268,""cy"":322.6,""angle_rad"":-2.819,""angle_deg"":198.5},{""word"":""钥匙"",""x"":288,""y"":321.2,""cx"":307,""cy"":338.6,""angle_rad"":-2.882,""angle_deg"":194.8},{""word"":""天堂"",""x"":312,""y"":253.2,""cx"":331,""cy"":270.6,""angle_rad"":-1.806,""angle_deg"":256.5},{""word"":""义务"",""x"":350,""y"":270.2,""cx"":369,""cy"":287.6,""angle_rad"":-1.275,""angle_deg"":286.9},{""word"":""数据"",""x"":322,""y"":278.2,""cx"":341,""cy"":295.6,""angle_rad"":-1.735,""angle_deg"":260.6},{""word"":""爱心"",""x"":428,""y"":307.2,""cx"":447,""cy"":324.6,""angle_rad"":-0.256,""angle_deg"":345.3},{""word"":""内容"",""x"":422,""y"":367.2,""cx"":441,""cy"":384.6,""angle_rad"":0.363,""angle_deg"":20.8},{""word"":""现象"",""x"":451,""y"":368.2,""cx"":470,""cy"":385.6,""angle_rad"":0.288,""angle_deg"":16.5},{""word"":""柜子"",""x"":429,""y"":345.2,""cx"":448,""cy"":362.6,""angle_rad"":0.128,""angle_deg"":7.3},{""word"":""奇迹"",""x"":470,""y"":338.2,""cx"":489,""cy"":355.6,""angle_rad"":0.04,""angle_deg"":2.3},{""word"":""恐惧"",""x"":447,""y"":315.2,""cx"":466,""cy"":332.6,""angle_rad"":-0.149,""angle_deg"":351.5},{""word"":""膝盖"",""x"":467,""y"":338.2,""cx"":486,""cy"":355.6,""angle_rad"":0.041,""angle_deg"":2.4},{""word"":""舒心"",""x"":433,""y"":342.2,""cx"":452,""cy"":359.6,""angle_rad"":0.094,""angle_deg"":5.4},{""word"":""债务"",""x"":432,""y"":314.2,""cx"":451,""cy"":331.6,""angle_rad"":-0.18,""angle_deg"":349.7},{""word"":""大象"",""x"":466,""y"":335.2,""cx"":485,""cy"":352.6,""angle_rad"":0.019,""angle_deg"":1.1},{""word"":""作用"",""x"":481,""y"":368.2,""cx"":500,""cy"":385.6,""angle_rad"":0.233,""angle_deg"":13.4},{""word"":""纪律"",""x"":436,""y"":234.2,""cx"":455,""cy"":251.6,""angle_rad"":-0.753,""angle_deg"":316.9},{""word"":""电视"",""x"":477,""y"":408.2,""cx"":496,""cy"":425.6,""angle_rad"":0.478,""angle_deg"":27.4},{""word"":""肩膀"",""x"":475,""y"":267.2,""cx"":494,""cy"":284.6,""angle_rad"":-0.426,""angle_deg"":335.6},{""word"":""鼻子"",""x"":476,""y"":260.2,""cx"":495,""cy"":277.6,""angle_rad"":-0.463,""angle_deg"":333.5},{""word"":""斧头"",""x"":461,""y"":376.2,""cx"":480,""cy"":393.6,""angle_rad"":0.324,""angle_deg"":18.5},{""word"":""风景"",""x"":529,""y"":278.2,""cx"":548,""cy"":295.6,""angle_rad"":-0.268,""angle_deg"":344.6},{""word"":""熊猫"",""x"":415,""y"":334.2,""cx"":434,""cy"":351.6,""angle_rad"":0.019,""angle_deg"":1.1},{""word"":""骗局"",""x"":384,""y"":341.2,""cx"":403,""cy"":358.6,""angle_rad"":0.161,""angle_deg"":9.2},{""word"":""桌子"",""x"":459,""y"":364.2,""cx"":478,""cy"":381.6,""angle_rad"":0.242,""angle_deg"":13.9}],""n_words"":90,""words"":[""骄傲"",""冰箱"",""兔子"",""反感"",""协议"",""嘴唇"",""剪刀"",""长颈鹿"",""制度"",""过失"",""友情"",""方法"",""蚂蚁"",""沮丧"",""沙发"",""暴力"",""筷子"",""概念"",""麻雀"",""椅子"",""买卖"",""魔力"",""结果"",""敌意"",""纠纷"",""关系"",""铅笔"",""愤怒"",""团队"",""洗衣机"",""大腿"",""慈善"",""手指"",""性质"",""猫"",""眼睛"",""床"",""鼠标"",""微波炉"",""原因"",""锤子"",""勺子"",""缘分"",""胳膊"",""老鼠"",""兴奋"",""耳朵"",""社会"",""牙刷"",""过程"",""光彩"",""空调"",""乌龟"",""地位"",""创伤"",""死亡"",""快乐"",""身份"",""婚姻"",""错误"",""脚踝"",""老虎"",""冷漠"",""疾病"",""扫帚"",""难过"",""钥匙"",""天堂"",""义务"",""数据"",""爱心"",""内容"",""现象"",""柜子"",""奇迹"",""恐惧"",""膝盖"",""舒心"",""债务"",""大象"",""作用"",""纪律"",""电视"",""肩膀"",""鼻子"",""斧头"",""风景"",""熊猫"",""骗局"",""桌子""],""distance_matrix"":[[0,0.2275095341611107,0.3392518910086104,0.3074075408025699,0.19326010219498324,0.3158158179628447,0.17726064448371273,0.17260511605700465,0.3435992221979888,0.2629132938838656,0.29844060162417585,0.22267333413539164,0.1439826462438458,0.21933031257187804,0.1753834167891365,0.15450111098817712,0.19241818826221474,0.29726908967428317,0.20925855090279624,0.26038782083589995,0.22125885442444834,0.3265376817691208,0.4471950618619345,0.506160824744199,0.4766409870254555,0.49111955149291237,0.5930645612321994,0.36352960107970395,0.5844521775033745,0.5975348760221736,0.6089770750835648,0.616027215226303,0.642746713246312,0.6460317771730018,0.868003471284418,0.7295902201643429,0.6705570256073254,0.8340485836118142,0.30848727418086536,0.7623477635977294,0.7179443011951918,0.6084894993606894,0.4664568898235273,0.5030352566663346,0.8105885128292815,0.4633754765363205,0.3771548086412803,0.45134950113090094,0.7448163867277707,0.5971181960875679,0.5707916578270402,0.5236328691207899,0.5210518173510265,0.5494483870466393,0.2947271797869703,0.4752208803617902,0.6596161601509735,0.9442563446635912,0.9461356466298636,0.81885195885111,0.8543578840575069,0.6894364543422893,0.6397743466503213,0.5446177522922327,0.6808908595738534,0.5751882077639494,0.48638825684623527,0.470453169031075,0.3790196057040061,0.4306962473347735,0.18972190549202692,0.20071744698612662,0.14245147023036897,0.17587790901527325,0.08515531487568108,0.14448416749260465,0.09174561496388575,0.1666608440969777,0.17646419897269383,0.09416181478528184,0.0882887979853604,0.276762716590762,0.1660409364694856,0.16996209993983363,0.18289537392811542,0.13304762725049837,0.13269738614999793,0.20616046766485496,0.27415507807214584,0.1228029915779043],[0.2275095341611107,0,0.12251928494560622,0.07928453451034949,0.0687369205387552,0.10112597031640017,0.046371915228263096,0.06552157871081017,0.15801926874061267,0.05973406252951298,0.16768441598971834,0,0.12689388210097735,0.006289236586946459,0.05211926082190574,0.14986252736850258,0.045804177793783735,0.12302950392479084,0.23018297429011791,0.045804177793783735,0.16831237166424529,0.27507870113450567,0.2151376833877421,0.2781981858305154,0.30018548107169046,0.25869988386507087,0.3618689843389041,0.1390054420573658,0.3867289354070616,0.41046271393044,0.3792960325613276,0.3970721766212308,0.41421001093972015,0.43220029450969105,0.6483074559292856,0.5049838837629168,0.4526275030117802,0.6142059552949484,0.08954884826781753,0.5535766606077479,0.49701421894107584,0.3943014996654616,0.27685692938545403,0.31866945219498877,0.6328921458161899,0.3844303059719216,0.2943081487199881,0.3155749859877348,0.6354632701755654,0.45015805649465923,0.4124157389359572,0.35026504369780115,0.3911948261128218,0.4582463269579745,0.11009863512256593,0.377325285452755,0.5268415665770756,0.8682107598407108,0.8686196649519393,0.735163550267051,0.800897119029204,0.6034970809165557,0.522719047332531,0.36540436871958626,0.5841532354110164,0.4374241878144867,0.34549799146809884,0.4054777665447585,0.3277874530795994,0.34893101468512105,0.2016306841957398,0.0702930580221382,0.08603508278786648,0.11828321474051262,0.16389621552687486,0.18956067678197142,0.16021110441754718,0.12560614429580036,0.18666054719841452,0.16462362585794216,0.13598953055557658,0.36260504463215826,0.10817336738066609,0.3085180690511219,0.32373034540395146,0.08957438861381108,0.34751663406531486,0.14424170649350737,0.15597760943897404,0.1039996651348302],[0.3392518910086104,0.12251928494560622,0,0.045278110508205544,0.19378296891384092,0.13955765378734733,0.1623886475746229,0.19290669082411757,0.20691360790519173,0.14653738002996558,0.12516169942759284,0.126967087328373,0.25431565863927086,0.1253655915384896,0.1782645043220001,0.2766941783973381,0.17303954248999628,0.1976316757936449,0.2623360832699002,0.0761006332036895,0.18866528634066246,0.24772560136373348,0.12380041347528813,0.16468054570024457,0.18285682691024466,0.17199239893787938,0.2563461581414436,0.026540792808953467,0.25980510353570857,0.28554330623937696,0.26837130811615467,0.27304615150441297,0.3003831318100427,0.3061457005808665,0.5251827508085231,0.38542680436317744,0.3282223167708898,0.49111955149291237,0.028112525153016498,0.42668964699031275,0.3744231210353318,0.2682300033353636,0.15424358956559547,0.1966644181103979,0.5083279948125177,0.31786311015344026,0.24075280185689463,0.22186614032444124,0.5363758302618531,0.33994526948408893,0.2983769623050118,0.23187039140384896,0.2933955326501309,0.37710428238347293,0.05799370528102311,0.2999956158244056,0.42038213963433996,0.7788627137505633,0.7785917542953659,0.645286291793635,0.7238219821471797,0.5169113019059765,0.42399216209950014,0.24397291877436816,0.4929452028125279,0.3323470194608188,0.24518183337783075,0.3447604230162831,0.2877446980570739,0.2856263670737845,0.24191883858878274,0.1364511400619928,0.19212450538892586,0.1784882999143017,0.2596136197193499,0.2532430195325654,0.25405490351535104,0.1894117315496699,0.23412193978603715,0.2558747142484904,0.25431565863927086,0.3932302544998479,0.2348979446343333,0.3735060510841512,0.386999924689731,0.2072209400555443,0.4415074121883366,0.17667692599919835,0.1336235892271482,0.21172293888554666],[0.3074075408025699,0.07928453451034949,0.045278110508205544,0,0.14666478236559138,0.09442935259380163,0.12575395664663241,0.14893998501102165,0.1632517699010629,0.09635382142039091,0.14854740436435496,0.08410437988409869,0.2093036110065067,0.08483326103916326,0.13631452417144138,0.23018297429011791,0.12806032963267333,0.14925332974433358,0.26336337556046835,0.044892026081135045,0.19119160807863397,0.2710073741641129,0.13665581670353458,0.19471584327346825,0.23286694663801769,0.18310082455001975,0.2808533706304183,0.055047942195850484,0.30793244816530935,0.33501223972814415,0.2968216029753448,0.3130352368164793,0.33112856783876277,0.3487877845821757,0.5641183043705171,0.42097177122586205,0.3686222032456436,0.5300174861166859,0.020706362194827965,0.47073225990080153,0.4128202664850911,0.3109490154882624,0.20438107328447125,0.2468070548739315,0.5577389718102165,0.3558997048766039,0.2733064527362661,0.2670348209840031,0.5840999832326507,0.38934477623739266,0.34822111609645007,0.2820162226512043,0.3401551091009835,0.4199507375198615,0.07447600158649262,0.34118148415343486,0.4693097232690678,0.8247854612382388,0.8246691267479164,0.6911614086584733,0.7666284972249965,0.561734470989722,0.47142673893165243,0.2941226207620843,0.5388397805854888,0.380844115365184,0.29226909014696656,0.3812004837914662,0.31646215962920726,0.3222365250081051,0.2390872577612284,0.11591004862063622,0.16083825843365324,0.16462362585794216,0.2346261252427633,0.24147854914414144,0.22977207631991503,0.17486072281272705,0.2281730049953953,0.23275529658899125,0.2181760008981361,0.39739018086078126,0.18851565163187728,0.3635426986684727,0.377918205099576,0.17095274073759445,0.4192914358138701,0.1736216384093686,0.14925332974433358,0.18030801386893155],[0.19326010219498324,0.0687369205387552,0.19378296891384092,0.14666478236559138,0,0.119704783864293,0.06403276526825628,0.021449080689702534,0.14768017175196646,0.06761445801348741,0.2342127716217393,0.06528136564150844,0.06040244978802378,0.07074090225609103,0.035474944651223674,0.07868055412920921,0.021540454275130433,0.1020774099695357,0.26274206440130243,0.11945281693011815,0.21443478743164193,0.3303881754654284,0.2689181754133036,0.33874673705329034,0.37383110064778613,0.30752340500102276,0.41607115120421206,0.20616046766485496,0.4584963225393059,0.4833683882594686,0.43622248162224037,0.4626690394500627,0.4723730464586034,0.49969910531915124,0.7119746803408922,0.5662472213146225,0.518268980692831,0.6779431878330834,0.16130344195662075,0.6220329337793243,0.5607840964149164,0.46196670160094383,0.3501223517771254,0.3920710353648816,0.7059854783910227,0.44870823505979546,0.3570481095905933,0.38692603710804946,0.7062603512723223,0.5232675301296632,0.4859165517714312,0.42390776811676684,0.4626690394500627,0.5255604166339585,0.18289537392811542,0.4445615924707343,0.5992985665363324,0.9359325636417577,0.9365376151116351,0.8033816113511024,0.8650130393528602,0.671310333837844,0.5937743165152577,0.43890543535057647,0.6532569264834049,0.509886457809074,0.41764439126449543,0.46767361824764064,0.38525368311863695,0.41296464570557334,0.23286694663801769,0.11997556435575321,0.09079231009005488,0.1534532774929942,0.15760408069085477,0.20735738929331457,0.15666600692190116,0.15630720975093695,0.21569620022189226,0.16296455553333367,0.10221264010099167,0.3869075630355377,0.037343531429644986,0.31361905126677647,0.3291481340031543,0.07225663925862535,0.32628279037080316,0.18882726019052162,0.21885636319879173,0.09835928226631181],[0.3158158179628447,0.10112597031640017,0.13955765378734733,0.09442935259380163,0.119704783864293,0,0.14768017175196646,0.13829954762365435,0.06403276526825628,0.04799302821337704,0.2435168450610705,0.10433147798282595,0.18213582445261095,0.11232197348169576,0.1376578696691847,0.19257708413503155,0.11898630098796513,0.05760895656508987,0.3339671801941728,0.11614945870009054,0.26780564970313336,0.36292004815211654,0.15818208915575405,0.2345354502083204,0.3242585447153784,0.18972190549202692,0.3009122058809701,0.13224073560533484,0.3827285123739929,0.41535983650866065,0.32381843756021567,0.36467388354777014,0.3609468265232073,0.40581276196079846,0.606476112673312,0.45802747008045896,0.41920610644908746,0.5728542266114779,0.1199948833571866,0.5288976673662429,0.4570413310130804,0.3694739028697017,0.29198477999582434,0.3337962520340704,0.6356780063880973,0.4547636079838524,0.37052938367705024,0.36561932628628724,0.6807501113031411,0.48277503451167125,0.4399643238604067,0.37165880380244853,0.43781676504505507,0.5192365981567599,0.17095274073759445,0.44051720128653526,0.5639104889451966,0.9231249646578468,0.9229065393570233,0.7895190267827086,0.8659500377722052,0.6605921782541354,0.5684439880106907,0.38065016267500823,0.6371641174314415,0.47640041594488264,0.38963843171543466,0.4795434252707461,0.41136792390601695,0.4207677604084286,0.3061457005808665,0.1736892008557123,0.18780330012700308,0.22343541201325962,0.2652544618082733,0.29559560808771834,0.2623721954520707,0.2312786127545511,0.2918140631466166,0.26743379788218274,0.2229170527682533,0.46745402113046947,0.15717294332511952,0.4139796670842284,0.429275914160742,0.18277970912484118,0.44473334399100095,0.24551928368866152,0.23980808467115092,0.20339882335537943],[0.17726064448371273,0.046371915228263096,0.1623886475746229,0.12575395664663241,0.06403276526825628,0.14768017175196646,0,0.04326673528441364,0.19644884097784762,0.0989882105684439,0.17140492430320303,0.04179178092841298,0.09870915814807366,0.037286390563623026,0.024642353584917967,0.12580934318800063,0.039569015731018585,0.1554518491498643,0.1967122928380112,0.08140711555000278,0.14551427691208496,0.2617757191448721,0.26504002967066853,0.325275872625877,0.32628279037080316,0.3093483898834605,0.411014198156501,0.1835622696121966,0.42153795585620013,0.4416857411554616,0.42746603536187766,0.440170378072958,0.46176510087818784,0.47332757229076367,0.6921832562256987,0.5507309111174368,0.49545424151189,0.6580966713761777,0.1299700710327592,0.5931775331852279,0.541168910372067,0.43542865494585875,0.3074075408025699,0.3479135057125904,0.6624603962884191,0.3825728671534127,0.29048562031871134,0.3283381845841179,0.645486655391387,0.4688770366934385,0.4341830235963868,0.3760986830575225,0.40385180039421087,0.46124260142908136,0.13241655013113404,0.3804498510558963,0.5422768450715926,0.8713527550148921,0.8721234269889068,0.7393607363912841,0.7982066766481074,0.6071072395618801,0.5336856178144649,0.39344836824341806,0.5903508557404458,0.45320723437942095,0.3606037182165652,0.4005148478604903,0.3168973314999031,0.34681760113830506,0.16701206854594983,0.052750390850922806,0.03541515621827295,0.08539610155540366,0.1133873873484013,0.14706222628561386,0.11009863512256593,0.08944661775309273,0.1504227430843448,0.11494762637688495,0.0876914332947923,0.324866391390116,0.0883146835344357,0.26213737897852835,0.27754116800599893,0.040375385950525935,0.2963334057116676,0.11991758941227222,0.15369686986485429,0.052750390850922806],[0.17260511605700465,0.06552157871081017,0.19290669082411757,0.14893998501102165,0.021449080689702534,0.13829954762365435,0.04326673528441364,0,0.17226497925147005,0.08539610155540366,0.2186945599409727,0.061027483832628404,0.05675406009986372,0.06350579026875672,0.013985181992269273,0.08140711555000278,0.01672352315018122,0.12725950278049053,0.23753967738615886,0.1142207074659468,0.19189169563901887,0.3093483898834605,0.2790916697270566,0.34591778043367527,0.3670427151154746,0.3198826408005119,0.4265330831479548,0.20888644268329692,0.4567435105509849,0.4795583669187976,0.4454464843911207,0.46686110979554946,0.4810303506029996,0.5024458800907758,0.7176070849262641,0.5733009118111047,0.5224583181715449,0.683517551908487,0.15990395257662907,0.6239696618587288,0.5662852410112634,0.4645642150323221,0.3455255340196156,0.38693219493866743,0.7015729679097007,0.4307350195286692,0.33866247251829673,0.3743086085747325,0.6924462693043191,0.5131942693928329,0.477226876145871,0.4171015714124295,0.44998835312508195,0.509150062657689,0.17372972605848444,0.428291163983865,0.5877835142425052,0.9193525041125663,0.9200936194518468,0.7872439003691408,0.8463739490641116,0.6550142925871889,0.5803726583253564,0.4332588665238232,0.6379452963291341,0.49851185073032844,0.40597134867156437,0.4486656795594698,0.36467388354777014,0.3949778672784444,0.20766407984746404,0.10089817608987026,0.06490221809156035,0.12973731470627908,0.13165894183612373,0.18119175233309595,0.13054130573565711,0.13181785837491966,0.1903531325653783,0.13677507486952586,0.0798842130185642,0.36076211590030505,0.041272255306064605,0.28745598824370594,0.30298806716464666,0.04604150383238731,0.30327788512856846,0.16629480634042398,0.2016306841957398,0.07200609067868928],[0.3435992221979888,0.15801926874061267,0.20691360790519173,0.1632517699010629,0.14768017175196646,0.06403276526825628,0.19644884097784762,0.17226497925147005,0,0.09394238165995397,0.3118186746491045,0.15997713586349993,0.1976316757936449,0.168854764317648,0.17836985393472657,0.198582479261245,0.15812290054599543,0.04142872455712604,0.3929998936203198,0.18265110902150197,0.3303018098002724,0.4299589188501575,0.19810763414106036,0.27601646588465967,0.3883029826653961,0.21700481270690544,0.32715588918809857,0.19595694049712015,0.4374241878144867,0.47269143370160244,0.35316759028074707,0.4069567384079752,0.3905302933947067,0.4501951706714679,0.6387405222848739,0.4893603869522345,0.4595624975200526,0.6058522348800934,0.18885216722666665,0.5719849143323514,0.4927997849816379,0.4155033435900517,0.354479180366931,0.3955145233374844,0.6899644602981869,0.5237059066198045,0.4391826192362506,0.43358914620854844,0.7470113097566553,0.5472153747021039,0.5035480280210497,0.4344412195505289,0.5050501292187773,0.5878282940711532,0.23972919356518915,0.5093237029876946,0.6289036123654269,0.9906328814776071,0.9903226008701421,0.8570774102579181,0.9345980242237031,0.7286500883409244,0.6350750553393184,0.4416857411554616,0.7047489329340885,0.5421842353468458,0.4567487371271209,0.5484158668070954,0.4793042961977586,0.48967759590972504,0.36420352255132127,0.2331610457811033,0.2342127716217393,0.28070134523691087,0.3080018552165733,0.3483235933625853,0.3062620346198065,0.2872908831323309,0.3487741405948909,0.31210041963237856,0.25453895444835944,0.5246225820123818,0.1736216384093686,0.4621268862521753,0.47762707459270276,0.22233381252342524,0.4784414535847895,0.3068198336809594,0.3070364861766721,0.24656729943850497],[0.2629132938838656,0.05973406252951298,0.14653738002996558,0.09635382142039091,0.06761445801348741,0.04799302821337704,0.0989882105684439,0.08539610155540366,0.09394238165995397,0,0.22478397426114635,0.06131957652920285,0.13167660835990233,0.0702930580221382,0.08555626997190964,0.14514489535620817,0.06637287500303427,0.05913408498174417,0.29424363030656314,0.09394238165995397,0.23290753365995723,0.3374805915539537,0.19970582007701831,0.2725161191510093,0.33402413709189965,0.23623243490799956,0.34591778043367527,0.15020512183483972,0.406124003971507,0.4350613684708805,0.3671464935389437,0.39977619100286427,0.40376324732378516,0.4388401904506776,0.6462874932962747,0.4991489115897022,0.4550994288424133,0.6123949570841967,0.11828321474051262,0.5619218006264436,0.49562781242674925,0.40158470332623913,0.3055245160962308,0.347947697886776,0.6574849857784291,0.4410369303613179,0.3527832940483471,0.36274289188153247,0.6819596039076372,0.48975076908959614,0.449176082345736,0.3832696712633832,0.43731507673550124,0.5112579395761411,0.1582560447251554,0.4309232925502138,0.5690286526917625,0.919488245723487,0.9196239674046451,0.7860001638647275,0.8563324978362187,0.6552628744800371,0.5690664881495507,0.3952673891627797,0.6340600614949811,0.4801158590841054,0.3900785055865715,0.46362273537144844,0.3890447771583177,0.4059772210779809,0.2653705415174659,0.1348892568095987,0.1381984213307426,0.1818647309786701,0.2145997306110564,0.25014942778075805,0.21211242049185336,0.18845326966124953,0.2499222857268484,0.21749355730755762,0.17005865838041712,0.42579422989728705,0.10710144283751015,0.36597731204502537,0.38140040619104004,0.13079046478942255,0.3923808960768387,0.20888644268329692,0.21618783754798138,0.15258241780769952],[0.29844060162417585,0.16768441598971834,0.12516169942759284,0.14854740436435496,0.2342127716217393,0.2435168450610705,0.17140492430320303,0.2186945599409727,0.3118186746491045,0.22478397426114635,0,0.16909066277145463,0.2741118433440547,0.16130344195662075,0.1998119222048332,0.3017316469812729,0.2078002448232142,0.2878188916994676,0.15045380695081823,0.12619639383693063,0.08451004733362809,0.11842023986284361,0.2488596013220202,0.26870661450476246,0.17522274941447832,0.2958845270252737,0.36248028112549235,0.15509032931640307,0.2892332183027903,0.2967416247825548,0.3673345181879619,0.3430657101539894,0.39318176855018705,0.3635426986684727,0.5871929181323986,0.4627103205907274,0.3929453149287546,0.5542243442488529,0.12438024472214214,0.4707728412953735,0.4435727448068722,0.32837438501485433,0.17199239893787938,0.20360721539183768,0.5072361335197179,0.21194558545874861,0.12318028962660452,0.15418293571079036,0.4692028609605095,0.2984167384441444,0.26855665983656274,0.22070341339264696,0.2288345926298248,0.2864970764626212,0.06919416952676452,0.20548492373394228,0.36820855816139214,0.6968508379837003,0.6974282397234535,0.5642582189396224,0.6283094528340889,0.43219477440292675,0.35761429205655293,0.24247541364205477,0.41441145801664464,0.2799908207976218,0.1879659978510339,0.2339300702496361,0.16322307054262125,0.17658388860464563,0.13949083150188055,0.11494762637688495,0.17502171345019185,0.1181852462682357,0.2084571505529785,0.16889641672142167,0.20187586666136517,0.12691218721901076,0.13950753997184276,0.20014166661849486,0.23861212667686113,0.2716537406373355,0.2645032026459773,0.2745179856876207,0.28567619217834445,0.20154889200363693,0.3663414519724139,0.08944661775309273,0.019648478652464687,0.18956067678197142],[0.22267333413539164,0,0.126967087328373,0.08410437988409869,0.06528136564150844,0.10433147798282595,0.04179178092841298,0.061027483832628404,0.15997713586349993,0.06131957652920285,0.16909066277145463,0,0.12251928494560622,0.004145381459612249,0.04730442860540974,0.14577070394087313,0.041688339161122114,0.12402517359957131,0.22811088485268718,0.049432887073254356,0.16718040166872383,0.2751217865884496,0.2200286378026397,0.2830906129013754,0.30377854949321526,0.2635342087377052,0.36677665064690224,0.14377182743127798,0.39099984960101114,0.4144920097550284,0.3842071373499037,0.4018279991363875,0.4191150695333916,0.4368619777775035,0.6531102674550906,0.5098489599612616,0.4573754972620296,0.6190082962915568,0.09396678716614561,0.5581676518860206,0.5018224876227384,0.3989585234802823,0.28077736804592013,0.3225166748847386,0.636848371791821,0.38567398731802416,0.2952822987813453,0.3180723550919493,0.6378739780410976,0.4532388349925008,0.41572711687472386,0.3538677016769984,0.39373900093376085,0.4599779025150411,0.11297875225167196,0.3790196057040061,0.5296790786800316,0.8700631163986429,0.870504232222113,0.7370879042705127,0.8022105775158442,0.6053384394282946,0.5251781989774217,0.36918376856833807,0.5862181649837424,0.4402571092079433,0.34822111609645007,0.4064467419747605,0.3281281444901576,0.3501223517771254,0.1993871830712288,0.0687696752836264,0.08165832808338883,0.11593001757677353,0.15959622725667047,0.18642108914815342,0.1559926059183935,0.1229729134508445,0.18421405618905615,0.16048851221359434,0.13109240141499587,0.3601743793837309,0.10415463675373553,0.3049643853829437,0.32020935135498113,0.08472565263031631,0.3430171684929742,0.14286024657705454,0.156770506113875,0.09945163985409519],[0.1439826462438458,0.12689388210097735,0.25431565863927086,0.2093036110065067,0.06040244978802378,0.18213582445261095,0.09870915814807366,0.05675406009986372,0.1976316757936449,0.13167660835990233,0.2741118433440547,0.12251928494560622,0,0.12516169942759284,0.07349737408732226,0.023220220488043296,0.07648690562575652,0.15153715654739644,0.2667507475859528,0.17587790901527325,0.23430356896797372,0.3539416720458903,0.33423052565990086,0.40376324732378516,0.42807388402495417,0.3725228300017195,0.48134803146899124,0.26921760720869825,0.5183796561022463,0.5411644917938934,0.5015319437853708,0.5267099595401846,0.537653677930265,0.5629977468842265,0.7766553618815688,0.6313012500631701,0.5823276258459639,0.7425988795604708,0.22135485003191105,0.6848656267945473,0.6253915063484117,0.525164543249595,0.4070738897196345,0.44837300234307986,0.7630644471633151,0.4810253851915903,0.38875067883981584,0.43181924345809347,0.7480919526302572,0.5724364513888945,0.5373378356711724,0.47808189720406796,0.5072361335197179,0.5617174379517484,0.23433382709251313,0.4813430693015909,0.6458427050200558,0.9709395174643642,0.9718984156220855,0.8396782551650985,0.8942983108932667,0.7074129816411842,0.6366377883667526,0.4945661592988394,0.6917954770278264,0.556811906358622,0.46420945279842957,0.4968940229723503,0.40990467981208206,0.44542505303087,0.23772869262295615,0.15428906479179003,0.10076126385341902,0.1706231483309668,0.13787771558131848,0.20252826981656866,0.13964113820543905,0.16931239307158444,0.2200286378026397,0.14658516846124475,0.06840856830070016,0.37803793902904614,0.020134874352216003,0.2904447760863933,0.30561000264810984,0.07275531171061432,0.28132582216510055,0.209540021218192,0.25504995059527924,0.09570842822731501],[0.21933031257187804,0.006289236586946459,0.1253655915384896,0.08483326103916326,0.07074090225609103,0.11232197348169576,0.037286390563623026,0.06350579026875672,0.168854764317648,0.0702930580221382,0.16130344195662075,0.004145381459612249,0.12516169942759284,0,0.04799302821337704,0.14933156646563828,0.045804177793783735,0.13308260246893672,0.2192549785632901,0.045804177793783735,0.15812290054599543,0.2663240796428973,0.2229594120086363,0.28440297161208145,0.29933015437371846,0.26715014107557616,0.36921601682392413,0.14385294694579362,0.3884624945166288,0.41115920409389184,0.3860938397199036,0.40163218711263354,0.42069973507159547,0.4360474151763608,0.6532459281898828,0.5106592427239816,0.45710922809320303,0.6191436373667711,0.09236769459013881,0.5569450514324354,0.5020271971486482,0.3981272238613165,0.2771821496699914,0.31869927813033255,0.6332627841739579,0.3776660111823755,0.2870595791246282,0.31155955270658237,0.6311836691274171,0.4476698048048568,0.41061952600136536,0.349421649779