"trial_id","rt","stimulus","response","trial_type","trial_index","plugin_version","time_elapsed","language","participant_number","success","raw_payload","placements","dissimilarity_vector","n_words","trial_category","distance_matrix","value"
"consent_form","1789","
    <div style=""max-width:800px; margin:0 auto; text-align:left; font-size: 16px; padding: 10px 0;"">
      <h1>Informed Consent Form</h1>
      <p>You are being invited to participate in a research study titled <strong>""Reproducibility of Psychological Science and Instruction.""</strong> This study is being done by Dr. Bria Long from UC San Diego and associated graduate students in the Experimental Methods course. You were selected to participate in this study because you are an adult in the U.S. and have been a represented population in previous psychology studies.</p>
      
      <p>The purpose of this study is to better understand how well previously published studies in the psychological field replicate online and with different populations. Your participation in this research should last approximately <strong>5-30 minutes</strong>. If you agree to take part in this study, you may be asked to view a set of stimuli, including pictures, sounds, written text, or videos and then giving some responses via key-presses, verbally, or with paper-and-pencil. We may also observe your choices or preferences among an array of stimuli. These stimuli will be taken directly from or closely adapted from studies that already exist in the published psychological literature. Stimuli will include, e.g., pictures of objects and human faces, audio and video clips, short text passages, etc. None of the stimuli will be disturbing, threatening, or offensive. The online and in-person experiments described in this protocol will take no more than 30 minutes. An example game you might play would be to click on an image on the screen that matches a word you hear being said out loud. Your total expected time commitment for this study is between 5-30 minutes, and is specified in the study description.</p>
      
      <p>Your participation in this study is completely voluntary and you can withdraw at any time. Choosing not to participate or withdrawing will result in no penalty or loss of benefits to which you are entitled. You are free to skip any question that you choose.</p>
      
      <p>We will not be asking for any personally identifying information, and we will handle responses as confidentially as possible. Your SONA or Prolific IDs will never be tied to your responses on this survey. However, we cannot guarantee the confidentiality of information transmitted over the Internet. To minimize this risk, data containing anything that might be personally identifying (e.g. Prolific IDs or IP addresses) will be encrypted on transfer and storage and will only be accessible to qualified lab personnel. We will be keeping data collected as part of this experiment indefinitely. This anonymized data (containing neither Prolific IDs nor IP addresses) may be shared with the scientific community or with other participants to be used as stimuli in future studies.</p>
      
      <p>If you have questions about this project or if you have a research-related problem, you may contact the researcher(s), <strong>Dr. Bria Long, <a href=""mailto:brlong@ucsd.edu"">brlong@ucsd.edu</a></strong>. If you have any questions concerning your rights as a research subject, you may contact the UC San Diego Office of IRB Administration at <a href=""mailto:irb@ucsd.edu"">irb@ucsd.edu</a> or 858-246-4777.</p>
      
      <h3 style=""margin-top: 25px;"">Consent Statement</h3>
      <p style=""font-weight: bold;"">By participating in this research you are indicating that you are at least 18 years old, have read this consent form, and agree to participate in this research study. Please keep this consent form for your records.</p>
    </div>
  ","0","html-button-response","0","2.1.0","1791","zh","1cqx6zgnrt_71uyep","","","","","","","",""
"","2508","
    <div style=""display:flex; align-items:center; justify-content:center; height:100vh; font-family:sans-serif;"">
      <div style=""max-width:900px; margin:0 auto; text-align:center;"">
        <h1 style= ""font-size: 24px;"">Welcome! Thank you for participating in the study.</h1>
        <p style=""font-size:18px; line-height:1.6;"">
          In this task, you will be presented with <strong>90 words</strong> arranged <strong>outside a circle</strong>.<br>
          Your job is to <strong>drag these words into the circle</strong> and <strong>rearrange them</strong> based on their <strong>meaning similarity</strong>.<br><br>
          Words that are <strong>similar in meaning</strong> should be placed <strong>closer together</strong>.<br>
          Words that are <strong>different in meaning</strong> should be placed <strong>farther apart</strong>.<br><br>
          You can place the words <strong>anywhere inside the circle</strong>. There is no single correct answer — 
          we are interested in <strong>your personal judgment</strong> of how these words relate to each other.<br><br>
          <strong>You must move all words into the circle before you can finish.</strong><br>
          After the initial arrangement, you will arrange words from specific categories.
        </p>
        <p style=""font-size:16px; margin-top:30px;""><em>Press any key to continue.</em></p>
      </div>
    </div>
  ","Enter","html-keyboard-response","1","2.1.0","4301","zh","1cqx6zgnrt_71uyep","","","","","","","",""
"","1837","<p style='font-size:20px;'>Which is your first language or primary language of use?</p>","0","html-button-response","2","2.1.0","6140","zh","1cqx6zgnrt_71uyep","","","","","","","",""
"","916","","","fullscreen","3","2.1.0","8060","zh","1cqx6zgnrt_71uyep","true","{""placements"":[{""word"":""骄傲"",""x"":587,""y"":328.8,""cx"":606,""cy"":346.2,""angle_rad"":-0.015,""angle_deg"":359.2},{""word"":""冰箱"",""x"":635,""y"":354.8,""cx"":654,""cy"":372.2,""angle_rad"":0.073,""angle_deg"":4.2},{""word"":""兔子"",""x"":625,""y"":382.8,""cx"":644,""cy"":400.2,""angle_rad"":0.169,""angle_deg"":9.7},{""word"":""协议"",""x"":596,""y"":414.8,""cx"":615,""cy"":432.2,""angle_rad"":0.301,""angle_deg"":17.2},{""word"":""嘴唇"",""x"":547,""y"":426.8,""cx"":566,""cy"":444.2,""angle_rad"":0.411,""angle_deg"":23.6},{""word"":""剪刀"",""x"":531,""y"":469.8,""cx"":550,""cy"":487.2,""angle_rad"":0.601,""angle_deg"":34.4},{""word"":""长颈鹿"",""x"":514,""y"":482.8,""cx"":540,""cy"":500.2,""angle_rad"":0.669,""angle_deg"":38.3},{""word"":""制度"",""x"":494,""y"":496.8,""cx"":513,""cy"":514.2,""angle_rad"":0.789,""angle_deg"":45.2},{""word"":""过失"",""x"":451,""y"":447.8,""cx"":470,""cy"":465.2,""angle_rad"":0.765,""angle_deg"":43.8},{""word"":""友情"",""x"":420,""y"":418.8,""cx"":439,""cy"":436.2,""angle_rad"":0.769,""angle_deg"":44.1},{""word"":""方法"",""x"":524,""y"":423.8,""cx"":543,""cy"":441.2,""angle_rad"":0.441,""angle_deg"":25.3},{""word"":""蚂蚁"",""x"":480,""y"":474.8,""cx"":499,""cy"":492.2,""angle_rad"":0.762,""angle_deg"":43.7},{""word"":""沮丧"",""x"":505,""y"":403.8,""cx"":524,""cy"":421.2,""angle_rad"":0.388,""angle_deg"":22.3},{""word"":""沙发"",""x"":501,""y"":430.8,""cx"":520,""cy"":448.2,""angle_rad"":0.524,""angle_deg"":30},{""word"":""暴力"",""x"":488,""y"":501.8,""cx"":507,""cy"":519.2,""angle_rad"":0.823,""angle_deg"":47.1},{""word"":""筷子"",""x"":528,""y"":495.8,""cx"":547,""cy"":513.2,""angle_rad"":0.692,""angle_deg"":39.6},{""word"":""概念"",""x"":436,""y"":458.8,""cx"":455,""cy"":476.2,""angle_rad"":0.877,""angle_deg"":50.2},{""word"":""麻雀"",""x"":464,""y"":515.8,""cx"":483,""cy"":533.2,""angle_rad"":0.943,""angle_deg"":54},{""word"":""椅子"",""x"":461,""y"":550.8,""cx"":480,""cy"":568.2,""angle_rad"":1.033,""angle_deg"":59.2},{""word"":""买卖"",""x"":433,""y"":588.8,""cx"":452,""cy"":606.2,""angle_rad"":1.192,""angle_deg"":68.3},{""word"":""魔力"",""x"":411,""y"":543.8,""cx"":430,""cy"":561.2,""angle_rad"":1.209,""angle_deg"":69.3},{""word"":""结果"",""x"":367,""y"":586.8,""cx"":386,""cy"":604.2,""angle_rad"":1.43,""angle_deg"":81.9},{""word"":""敌意"",""x"":345,""y"":619.8,""cx"":364,""cy"":637.2,""angle_rad"":1.522,""angle_deg"":87.2},{""word"":""纠纷"",""x"":319,""y"":604.8,""cx"":338,""cy"":622.2,""angle_rad"":1.615,""angle_deg"":92.5},{""word"":""关系"",""x"":290,""y"":600.8,""cx"":309,""cy"":618.2,""angle_rad"":1.722,""angle_deg"":98.7},{""word"":""铅笔"",""x"":332,""y"":522.8,""cx"":351,""cy"":540.2,""angle_rad"":1.565,""angle_deg"":89.7},{""word"":""愤怒"",""x"":264,""y"":583.8,""cx"":283,""cy"":601.2,""angle_rad"":1.831,""angle_deg"":104.9},{""word"":""团队"",""x"":315,""y"":482.8,""cx"":334,""cy"":500.2,""angle_rad"":1.677,""angle_deg"":96.1},{""word"":""洗衣机"",""x"":254,""y"":523.8,""cx"":280,""cy"":541.2,""angle_rad"":1.922,""angle_deg"":110.1},{""word"":""大腿"",""x"":269,""y"":577.8,""cx"":288,""cy"":595.2,""angle_rad"":1.818,""angle_deg"":104.2},{""word"":""慈善"",""x"":236,""y"":603.8,""cx"":255,""cy"":621.2,""angle_rad"":1.908,""angle_deg"":109.3},{""word"":""手指"",""x"":241,""y"":519.8,""cx"":260,""cy"":537.2,""angle_rad"":2.019,""angle_deg"":115.7},{""word"":""性质"",""x"":189,""y"":572.8,""cx"":208,""cy"":590.2,""angle_rad"":2.105,""angle_deg"":120.6},{""word"":""猫"",""x"":190,""y"":539.8,""cx"":202,""cy"":557.2,""angle_rad"":2.191,""angle_deg"":125.5},{""word"":""眼睛"",""x"":170,""y"":542.8,""cx"":189,""cy"":560.2,""angle_rad"":2.224,""angle_deg"":127.4},{""word"":""床"",""x"":157,""y"":526.8,""cx"":169,""cy"":544.2,""angle_rad"":2.321,""angle_deg"":133},{""word"":""鼠标"",""x"":206,""y"":389.8,""cx"":225,""cy"":407.2,""angle_rad"":2.712,""angle_deg"":155.4},{""word"":""微波炉"",""x"":123,""y"":470.8,""cx"":149,""cy"":488.2,""angle_rad"":2.539,""angle_deg"":145.5},{""word"":""原因"",""x"":172,""y"":443.8,""cx"":191,""cy"":461.2,""angle_rad"":2.531,""angle_deg"":145},{""word"":""锤子"",""x"":159,""y"":409.8,""cx"":178,""cy"":427.2,""angle_rad"":2.72,""angle_deg"":155.8},{""word"":""勺子"",""x"":133,""y"":431.8,""cx"":152,""cy"":449.2,""angle_rad"":2.677,""angle_deg"":153.4},{""word"":""缘分"",""x"":88,""y"":385.8,""cx"":107,""cy"":403.2,""angle_rad"":2.926,""angle_deg"":167.6},{""word"":""胳膊"",""x"":95,""y"":381.8,""cx"":114,""cy"":399.2,""angle_rad"":2.936,""angle_deg"":168.2},{""word"":""老鼠"",""x"":53,""y"":363.8,""cx"":72,""cy"":381.2,""angle_rad"":3.03,""angle_deg"":173.6},{""word"":""兴奋"",""x"":119,""y"":334.8,""cx"":138,""cy"":352.2,""angle_rad"":3.131,""angle_deg"":179.4},{""word"":""耳朵"",""x"":172,""y"":328.8,""cx"":191,""cy"":346.2,""angle_rad"":-3.118,""angle_deg"":181.4},{""word"":""社会"",""x"":118,""y"":279.8,""cx"":137,""cy"":297.2,""angle_rad"":-2.899,""angle_deg"":193.9},{""word"":""牙刷"",""x"":117,""y"":247.8,""cx"":136,""cy"":265.2,""angle_rad"":-2.764,""angle_deg"":201.6},{""word"":""过程"",""x"":131,""y"":223.8,""cx"":150,""cy"":241.2,""angle_rad"":-2.643,""angle_deg"":208.5},{""word"":""光彩"",""x"":114,""y"":190.8,""cx"":133,""cy"":208.2,""angle_rad"":-2.563,""angle_deg"":213.2},{""word"":""空调"",""x"":180,""y"":179.8,""cx"":199,""cy"":197.2,""angle_rad"":-2.35,""angle_deg"":225.3},{""word"":""乌龟"",""x"":35,""y"":353.8,""cx"":54,""cy"":371.2,""angle_rad"":3.07,""angle_deg"":175.9},{""word"":""地位"",""x"":101,""y"":173.8,""cx"":120,""cy"":191.2,""angle_rad"":-2.537,""angle_deg"":214.6},{""word"":""创伤"",""x"":193,""y"":146.8,""cx"":212,""cy"":164.2,""angle_rad"":-2.21,""angle_deg"":233.4},{""word"":""死亡"",""x"":123,""y"":364.8,""cx"":142,""cy"":382.2,""angle_rad"":2.988,""angle_deg"":171.2},{""word"":""快乐"",""x"":169,""y"":145.8,""cx"":188,""cy"":163.2,""angle_rad"":-2.285,""angle_deg"":229.1},{""word"":""身份"",""x"":158,""y"":240.8,""cx"":177,""cy"":258.2,""angle_rad"":-2.654,""angle_deg"":208},{""word"":""婚姻"",""x"":208,""y"":116.8,""cx"":227,""cy"":134.2,""angle_rad"":-2.089,""angle_deg"":240.3},{""word"":""错误"",""x"":218,""y"":137.8,""cx"":237,""cy"":155.2,""angle_rad"":-2.096,""angle_deg"":239.9},{""word"":""脚踝"",""x"":122,""y"":166.8,""cx"":141,""cy"":184.2,""angle_rad"":-2.471,""angle_deg"":218.4},{""word"":""老虎"",""x"":151,""y"":97.8,""cx"":170,""cy"":115.2,""angle_rad"":-2.225,""angle_deg"":232.5},{""word"":""冷漠"",""x"":212,""y"":55.8,""cx"":231,""cy"":73.2,""angle_rad"":-1.977,""angle_deg"":246.7},{""word"":""疾病"",""x"":208,""y"":74.8,""cx"":227,""cy"":92.2,""angle_rad"":-2.016,""angle_deg"":244.5},{""word"":""扫帚"",""x"":209,""y"":131.8,""cx"":228,""cy"":149.2,""angle_rad"":-2.117,""angle_deg"":238.7},{""word"":""难过"",""x"":278,""y"":66.8,""cx"":297,""cy"":84.2,""angle_rad"":-1.768,""angle_deg"":258.7},{""word"":""钥匙"",""x"":278,""y"":90.8,""cx"":297,""cy"":108.2,""angle_rad"":-1.787,""angle_deg"":257.6},{""word"":""天堂"",""x"":310,""y"":98.8,""cx"":329,""cy"":116.2,""angle_rad"":-1.66,""angle_deg"":264.9},{""word"":""义务"",""x"":334,""y"":88.8,""cx"":353,""cy"":106.2,""angle_rad"":-1.558,""angle_deg"":270.7},{""word"":""数据"",""x"":359,""y"":41.8,""cx"":378,""cy"":59.2,""angle_rad"":-1.475,""angle_deg"":275.5},{""word"":""爱心"",""x"":216,""y"":74.8,""cx"":235,""cy"":92.2,""angle_rad"":-1.99,""angle_deg"":246},{""word"":""内容"",""x"":234,""y"":68.8,""cx"":253,""cy"":86.2,""angle_rad"":-1.923,""angle_deg"":249.8},{""word"":""现象"",""x"":339,""y"":124.8,""cx"":358,""cy"":142.2,""angle_rad"":-1.532,""angle_deg"":272.2},{""word"":""柜子"",""x"":340,""y"":92.8,""cx"":359,""cy"":110.2,""angle_rad"":-1.533,""angle_deg"":272.2},{""word"":""奇迹"",""x"":383,""y"":92.8,""cx"":402,""cy"":110.2,""angle_rad"":-1.357,""angle_deg"":282.2},{""word"":""恐惧"",""x"":424,""y"":103.8,""cx"":443,""cy"":121.2,""angle_rad"":-1.185,""angle_deg"":292.1},{""word"":""膝盖"",""x"":433,""y"":108.8,""cx"":452,""cy"":126.2,""angle_rad"":-1.143,""angle_deg"":294.5},{""word"":""舒心"",""x"":430,""y"":109.8,""cx"":449,""cy"":127.2,""angle_rad"":-1.153,""angle_deg"":294},{""word"":""债务"",""x"":491,""y"":115.8,""cx"":510,""cy"":133.2,""angle_rad"":-0.935,""angle_deg"":306.4},{""word"":""大象"",""x"":335,""y"":258.8,""cx"":354,""cy"":276.2,""angle_rad"":-1.517,""angle_deg"":273.1},{""word"":""作用"",""x"":440,""y"":240.8,""cx"":459,""cy"":258.2,""angle_rad"":-0.7,""angle_deg"":319.9},{""word"":""纪律"",""x"":520,""y"":174.8,""cx"":539,""cy"":192.2,""angle_rad"":-0.696,""angle_deg"":320.1},{""word"":""电视"",""x"":573,""y"":179.8,""cx"":592,""cy"":197.2,""angle_rad"":-0.563,""angle_deg"":327.7},{""word"":""肩膀"",""x"":475,""y"":222.8,""cx"":494,""cy"":240.2,""angle_rad"":-0.651,""angle_deg"":322.7},{""word"":""鼻子"",""x"":506,""y"":287.8,""cx"":525,""cy"":305.2,""angle_rad"":-0.251,""angle_deg"":345.6},{""word"":""斧头"",""x"":419,""y"":265.8,""cx"":438,""cy"":283.2,""angle_rad"":-0.649,""angle_deg"":322.8},{""word"":""风景"",""x"":549,""y"":270.8,""cx"":568,""cy"":288.2,""angle_rad"":-0.276,""angle_deg"":344.2},{""word"":""熊猫"",""x"":557,""y"":266.8,""cx"":576,""cy"":284.2,""angle_rad"":-0.283,""angle_deg"":343.8},{""word"":""骗局"",""x"":631,""y"":289.8,""cx"":650,""cy"":307.2,""angle_rad"":-0.142,""angle_deg"":351.9},{""word"":""桌子"",""x"":596,""y"":283.8,""cx"":615,""cy"":301.2,""angle_rad"":-0.182,""angle_deg"":349.6}],""n_words"":89,""words"":[""骄傲"",""冰箱"",""兔子"",""协议"",""嘴唇"",""剪刀"",""长颈鹿"",""制度"",""过失"",""友情"",""方法"",""蚂蚁"",""沮丧"",""沙发"",""暴力"",""筷子"",""概念"",""麻雀"",""椅子"",""买卖"",""魔力"",""结果"",""敌意"",""纠纷"",""关系"",""铅笔"",""愤怒"",""团队"",""洗衣机"",""大腿"",""慈善"",""手指"",""性质"",""猫"",""眼睛"",""床"",""鼠标"",""微波炉"",""原因"",""锤子"",""勺子"",""缘分"",""胳膊"",""老鼠"",""兴奋"",""耳朵"",""社会"",""牙刷"",""过程"",""光彩"",""空调"",""乌龟"",""地位"",""创伤"",""死亡"",""快乐"",""身份"",""婚姻"",""错误"",""脚踝"",""老虎"",""冷漠"",""疾病"",""扫帚"",""难过"",""钥匙"",""天堂"",""义务"",""数据"",""爱心"",""内容"",""现象"",""柜子"",""奇迹"",""恐惧"",""膝盖"",""舒心"",""债务"",""大象"",""作用"",""纪律"",""电视"",""肩膀"",""鼻子"",""斧头"",""风景"",""熊猫"",""骗局"",""桌子""],""distance_matrix"":[[0,0.08616584519695177,0.10533504884894948,0.1395810800124693,0.17205100163696094,0.24889690318506413,0.27542578995016503,0.3164359215980347,0.2974844695752551,0.31255586693763554,0.18569334876095686,0.2979847230645243,0.18089276549642883,0.21824053044681302,0.3286677402997918,0.29145822103384045,0.3285458326043177,0.3697206646310777,0.42239612132618615,0.5010116941480983,0.4602390362546647,0.5628006686978863,0.6288382859457419,0.6392774058359707,0.6694769285652865,0.5315428641368094,0.6842120793194852,0.5184110703989475,0.6311714169048643,0.6714128620985894,0.7418033065316664,0.656886825025387,0.776890436731658,0.7583616441203924,0.7800156046976525,0.7985429245576595,0.6411952144377202,0.7965148115622172,0.7162352000882235,0.7245426913427814,0.774707065931671,0.8362105258620821,0.823814343920199,0.891335674976362,0.77889770672424,0.6900320336639872,0.7847858890730937,0.7937932857797607,0.7787204854468218,0.8202515057221494,0.720889052669123,0.9205228956808831,0.8494027927304098,0.7218741592938382,0.7744676919665916,0.7592360530638739,0.7284555621118659,0.7223083411544582,0.6908733095607961,0.8197344676253125,0.8214136591435454,0.7718748654568316,0.7591332333374022,0.7088890907966681,0.6734839036428345,0.648198358882814,0.5979472915627857,0.5789883025065745,0.6088408119285318,0.7480355373568167,0.729266209214841,0.5327416412707079,0.5670861144953518,0.5173701215153224,0.46021793007864775,0.44464611638051793,0.44618456300531223,0.386154764665563,0.4329132285035302,0.2817594358373792,0.27609001401579947,0.24544995256471133,0.25307576582284674,0.14681220390029223,0.29532576157528523,0.1108800110252497,0.11010418671204528,0.09321445505726965,0.07159205375734289],[0.08616584519695177,0,0.04451766659834277,0.11460198799323759,0.18520768224110226,0.254489803329733,0.28189142881153506,0.3299890545694487,0.34013407497869824,0.3705543944144345,0.21368567193327745,0.3231371002190377,0.22747485057071754,0.25281486961412125,0.34301925380468523,0.2912689629780095,0.37091274057165696,0.38821828672778264,0.433834756357999,0.512643703588344,0.48575886963189474,0.5886120046756437,0.6529067637210583,0.669815909764595,0.7046470189961104,0.5751899047301695,0.7251905274628153,0.5721618798765633,0.6823428015974795,0.7127934330611005,0.7827223706703214,0.710396902293977,0.8264629572007787,0.8130038276501004,0.835073846246427,0.8569045606868783,0.7158771652373831,0.8628618906830515,0.7846579655227179,0.797543495343653,0.8456370054647264,0.9126679916151892,0.9005991584870422,0.9699562809856437,0.859906198916592,0.7716779771452907,0.8699998222871524,0.8809307663287208,0.8672098959793852,0.9098609006363154,0.8114946788172483,1,0.9394148664442453,0.8131736256923893,0.8527186530448839,0.8504138270207046,0.8164204531305336,0.8137650710688696,0.7823232753677958,0.910130803942744,0.9128743938699543,0.862617719515561,0.8502366541374105,0.8003429542095208,0.7632279872529575,0.7386383690686581,0.6878808425849148,0.6677356667784671,0.6938971350766874,0.8390596604965677,0.8199522073591202,0.6227686822516727,0.6557666698376197,0.6037803399988535,0.5441055934433173,0.5280251187894747,0.5299429405706959,0.4622127576707471,0.5224586001321473,0.3731595521636876,0.35258750288949475,0.3057711484392322,0.34223659815186497,0.23825428004112983,0.3861260778476515,0.1961237132629799,0.19172729043885456,0.10381481285281066,0.13042705469391586],[0.10533504884894948,0.04451766659834277,0,0.06705895207809934,0.14474965504101428,0.20930237521307843,0.2364378630931077,0.2856642387146825,0.305915508816531,0.34343407362290984,0.1773382573784979,0.2824236736839794,0.19881652121417,0.2174857542544499,0.2987474099165193,0.24422102048589878,0.3360135583817757,0.3445953597460367,0.38806844764257764,0.4665252881202147,0.44339967409082054,0.5457841170142278,0.6093342910141835,0.628118500095773,0.6643737161845111,0.5387836244238672,0.6869913261265046,0.5404605127669272,0.6487394041902266,0.6747978049862228,0.7443091577471844,0.6778126532423293,0.7915681563857287,0.7806016413249319,0.8028131852074099,0.82632962979346,0.6968319771925945,0.8370757760211877,0.7605512929395568,0.7767917327317743,0.8231233346702083,0.8944564607779362,0.8827155362667818,0.9536133169940634,0.8463080987105918,0.7590744729982382,0.8615302428258186,0.8753953944864782,0.864212485095486,0.9093208550788267,0.8142122287449698,0.9844370787813616,0.9399198986875077,0.8194809325639042,0.8363406202553296,0.8557577061012152,0.8125302651483886,0.8234282627176271,0.7906481476474266,0.9118954824395453,0.9213897016170617,0.8773201843050893,0.863301549011421,0.8087525388422329,0.7810515923002322,0.7545584482853132,0.7053189191937275,0.687791739792236,0.719315907713419,0.8525566823141685,0.8349201681010957,0.6400608732161837,0.675960842816914,0.6275509539165863,0.5708429256980487,0.5552792721734056,0.556814576732544,0.49523734025735205,0.5231496531719894,0.3854513313516747,0.38509194849321365,0.3458087774102859,0.3621663551726423,0.2498283980703609,0.3916383667373226,0.22148220085476011,0.21999184135086752,0.15084660480827794,0.16754579807869985],[0.1395810800124693,0.11460198799323759,0.06705895207809934,0,0.07922697840635044,0.13736487596226737,0.1643242821627841,0.21398032402208753,0.2438607359903346,0.28966488403606916,0.1162760706642232,0.21351895394012838,0.14828155058506126,0.15611536534840864,0.22706444318602356,0.1719005612564137,0.27273283351798144,0.27318178789914127,0.31577210096559294,0.39417630625829325,0.37258424395886985,0.4745634970801115,0.5376912577075879,0.5575008551299332,0.5946879242962031,0.47261435012031155,0.6188881523058394,0.47910515341551124,0.584956407372133,0.6068835535391043,0.675952601312678,0.6149742942368455,0.7262101376634652,0.7176810983035934,0.7399861926629107,0.7651742986564749,0.6494858270280126,0.7810997860638011,0.7067712138595763,0.7269408475694151,0.7709785299265133,0.8472388389562762,0.8359436026069039,0.9084994360153605,0.8050749903559544,0.7195773674340556,0.8269167852655557,0.8446417580937156,0.8369707930544881,0.8852394134979504,0.7952323581423582,0.9401945823190895,0.9171464386714406,0.8056013755414507,0.7916262821630878,0.8402706651722268,0.7843558415759789,0.8144074624543043,0.77988690396586,0.8910209629681911,0.9101323372569007,0.8754718931261332,0.8590751701939241,0.7979926934225747,0.7845477925301328,0.7553468129156676,0.708808506133542,0.6954512278786493,0.7351452938645457,0.8490397761385532,0.8337215162907319,0.643940247719241,0.683939240516122,0.6415663764299722,0.5901627272289934,0.5756056580773363,0.5765134796373432,0.5256670077584816,0.5041650647614254,0.3862515671593124,0.41650061581670444,0.390324266934671,0.37495039591520213,0.25550359368396947,0.38235337154715704,0.2484990147631322,0.2511399432314791,0.21219351697978836,0.21419146119970311],[0.17205100163696094,0.18520768224110226,0.14474965504101428,0.07922697840635044,0,0.0715737965009816,0.09814901859942755,0.1418116049849603,0.15935257124534868,0.20791123530107128,0.03356443574048772,0.13279534211700098,0.07493316490702268,0.07206523012546051,0.15458633656891915,0.11461369415565928,0.18825573886338448,0.19860323135268002,0.2475404175764758,0.32660190719547905,0.2952884065203867,0.3982142434612726,0.4628008524213021,0.47934560036907825,0.5147127484926184,0.38921220168597265,0.5369462594731268,0.39458017975608695,0.5007038756530497,0.5247647854403243,0.5942619920755571,0.5305588611065271,0.6424922676053938,0.6332938401015541,0.6555882882804375,0.6806505714312395,0.5693988379817582,0.6972616561701733,0.6236575274215787,0.6454173625263229,0.6884071254622774,0.7668158072724068,0.755769276260229,0.829099798683821,0.7281934398168515,0.6441131831825012,0.7545159604631838,0.7750956671957309,0.7702675930202945,0.8209517120294755,0.7359031766146483,0.8612306235077702,0.8538319878685696,0.7509347493115971,0.7126663674382457,0.7838668667743384,0.7171431114337304,0.7643741160275772,0.7284115627201403,0.8294698051508128,0.8573082031035336,0.8322245599888817,0.8135114018986452,0.7463791594919131,0.747670253804096,0.7158596481032675,0.6727142151343442,0.6640885976632281,0.7125666540491706,0.8042709004708908,0.7914571772174411,0.6091035931854399,0.6530773439549746,0.6181388676346278,0.5737978648085503,0.5607114979509437,0.5608553132454854,0.5241606823838785,0.44791604161985954,0.35423098486619975,0.41934292127576167,0.4108353444635724,0.3571666019924695,0.2375154703825665,0.33932043009590335,0.25610031535853645,0.2633038972851729,0.26395632058686325,0.24797306660485108],[0.24889690318506413,0.254489803329733,0.20930237521307843,0.13736487596226737,0.0715737965009816,0,0.022181780451112423,0.07144587409265692,0.13371722659683305,0.19937277784400206,0.07266166440518869,0.0805615417839802,0.1135555220076701,0.07714210200196782,0.0845087754359666,0.03855351967083613,0.15493711521981834,0.1308710248199784,0.17407351021993003,0.2529942640660805,0.2309167017086172,0.33224213137307923,0.39505727825341325,0.41581120812091055,0.45429450260846344,0.339747832889347,0.48112929352238076,0.3572634012951211,0.4560442241656337,0.46951454681416493,0.5375749191266176,0.48776423534336066,0.5931442367807498,0.5894527762978257,0.6117980416704188,0.6401696129183051,0.5554920650020783,0.6665771931780704,0.5977797375387689,0.6260409318787172,0.6645811893743967,0.7501715084727273,0.7399485244425744,0.8150442176873202,0.7211190303721288,0.640934622593058,0.7563960822111341,0.7817920223996424,0.7814995019691998,0.8353427153995675,0.7575598354470219,0.8481718534565397,0.8693613504848919,0.7780255347475342,0.7005783259544106,0.8086887384373246,0.7280441604493162,0.7963835069775067,0.7591993333204524,0.8475433738650616,0.8856869342085132,0.8703894141335901,0.8496211854326836,0.7768689023758432,0.7919591027038568,0.7582017174350498,0.7182400251097308,0.7133503017324293,0.7675535302970059,0.8411997528155957,0.8307887209726929,0.6562336316712839,0.7028039351394537,0.6732936318260624,0.6336014895029507,0.6214464885017641,0.6211687197355856,0.5916012601260252,0.4772238096861262,0.4075743155345395,0.4893161359495057,0.4856645331245052,0.41905193967658905,0.3025051408913734,0.38462785535991034,0.32948631166279885,0.33760549172276555,0.33970715067341667,0.32482515580808835],[0.27542578995016503,0.28189142881153506,0.2364378630931077,0.1643242821627841,0.09814901859942755,0.022181780451112423,0,0.04565980989718833,0.1258298426576896,0.1950406594486211,0.09368353260588047,0.06469240152344254,0.1297531664624246,0.088049397863292,0.05850256746533938,0.01944000649721764,0.14268681437791597,0.10505557481867632,0.1466460132275413,0.22553107847146162,0.20544798564210537,0.3060552941035938,0.3683971013675277,0.39009003417389065,0.42931416434053055,0.3183845262361003,0.4573627912859906,0.33985358420963735,0.435713412781772,0.44593266710226515,0.5134723118028108,0.467918472737702,0.5710426660574743,0.5690152528361553,0.5913307701352003,0.6206666314570889,0.5450041638735249,0.6501286127266644,0.5830890806299353,0.613440385182841,0.6503855505666148,0.7381721894335432,0.7282489333731578,0.8037852871993572,0.7124473708217807,0.6338475024026109,0.7507528299684321,0.7777889676221853,0.7791142561333112,0.8339774392231438,0.7590101987046317,0.8371890762887866,0.868341717047798,0.7814352756094703,0.6902399254561598,0.8111904513806583,0.7256726673478674,0.8015964108113439,0.764033010978296,0.8474890593911227,0.8893673009035191,0.8778162232528062,0.8562922260123917,0.7815512360575809,0.8019094708360651,0.76745363369033,0.7288227584903981,0.7254268349645691,0.7818722681461653,0.8481998116877423,0.8387337716410481,0.6675917488977805,0.7150884725101456,0.6878464178637259,0.650182149748853,0.6384493780483483,0.6379913264910093,0.6116592760435511,0.48253256262896116,0.4222812401241538,0.5107567914553524,0.5097984810149787,0.4370957538369593,0.32238834550337836,0.3964467439366171,0.35299124497141965,0.3616005892705104,0.3669067093884388,0.3510191737264098],[0.3164359215980347,0.3299890545694487,0.2856642387146825,0.21398032402208753,0.1418116049849603,0.07144587409265692,0.04565980989718833,0,0.10393052828491602,0.1748465507024042,0.1269384085683895,0.0383931831193773,0.151608838985623,0.10590451264124891,0.007787653749179131,0.0516930830791477,0.11088001102524978,0.054199387491827275,0.10073543523217147,0.17965228418770993,0.1545160884473852,0.25550359368396947,0.3184235521270614,0.33925525550173263,0.3783570426128742,0.26960536518028433,0.40671329461222433,0.2955311314639066,0.3877043148793079,0.39537269282890913,0.4626808931064546,0.4203498975571661,0.5213536943957866,0.5207376691439475,0.5430059097619822,0.5732595201582792,0.5094713765115528,0.6061356273644659,0.5414703383920897,0.5746117061127433,0.6092817634798582,0.6999178321779743,0.6904376677440396,0.7664666877334281,0.6791346512383233,0.603227000849751,0.7220768097477386,0.7517027832739027,0.7557121006242066,0.8121577425695022,0.7422897528782092,0.8002122736424726,0.8470297168695455,0.7681580833019583,0.6544829481234603,0.7961873854172399,0.7024510052062295,0.7915681563857287,0.7534196920889621,0.8278860349141656,0.876289057756169,0.8717476217137372,0.8488425984254693,0.7706023391237995,0.800954257739589,0.7652325938258687,0.7293636560288236,0.7289890838958928,0.7899000774370669,0.8413953948100455,0.8337616662263898,0.6699260939823979,0.7191124849108711,0.6966860263815444,0.6635347853306808,0.6527787995287962,0.6519250681929915,0.6330849935701353,0.4742708983471716,0.43306695100901677,0.5359668931429085,0.5420784167122663,0.4548896663551419,0.34545679821583475,0.4016296464725042,0.38441541152030234,0.3942606266096043,0.4106092884167555,0.39039167187427665],[0.2974844695752551,0.34013407497869824,0.305915508816531,0.2438607359903346,0.15935257124534868,0.13371722659683305,0.1258298426576896,0.10393052828491602,0,0.06582633196198255,0.12345335175364315,0.061090134854074794,0.11141039863614458,0.08318615741894443,0.1043793721835549,0.14672913127308096,0.025867627737574166,0.11069864276455998,0.16808904135333314,0.23286366791266758,0.1689530969161269,0.26681871653462974,0.33321795404874655,0.33837418876613357,0.3668350506159367,0.23038129523824827,0.3821179426508848,0.22999385510192674,0.3375686491699565,0.36944359104692437,0.4397687207048061,0.36666150378509005,0.48108312153344446,0.4694554191440929,0.491694212950391,0.5161063948882062,0.4165438743513531,0.5339143257302826,0.4622127576707471,0.48807159198542116,0.5281830080214668,0.611713876079621,0.601341872439757,0.676238935143309,0.5823037026940993,0.502909931226029,0.6196253081961783,0.6469750622565357,0.6491663421554422,0.7047992403156281,0.6332938401015541,0.7092800921361985,0.7394511253790566,0.658935536696745,0.5615862228777209,0.687003491230427,0.5957771222537156,0.6826958457445229,0.6444589160266725,0.7196354567880384,0.7670666394676153,0.7639436055011544,0.7405848617825807,0.6615822965555953,0.6957916649449404,0.6593854903139319,0.6253691450361976,0.6273424302538343,0.6921987266795142,0.7333536074960203,0.7264346065275784,0.5674979478082871,0.6179001675732012,0.6003159934522252,0.5728445075056597,0.5634945311443899,0.562110905314918,0.5549887421448229,0.3662575051925589,0.3420184317658989,0.4664955378967578,0.48807159198542116,0.3738265564395349,0.27817734614952894,0.30431930933797524,0.3336861792978965,0.34614442870523826,0.39599578273819913,0.3614819737081158],[0.31255586693763554,0.3705543944144345,0.34343407362290984,0.28966488403606916,0.20791123530107128,0.19937277784400206,0.1950406594486211,0.1748465507024042,0.06582633196198255,0,0.1691543622899212,0.13221475004348296,0.13931925821093735,0.13189795795758527,0.17447996613190953,0.21693693856914478,0.06688415220079455,0.17316346501610494,0.22628993862488153,0.2803673707418324,0.2046806500009769,0.2898599262533323,0.35415679914814513,0.3493251873407098,0.3694435910469244,0.22296282973421705,0.3751570568853437,0.20073300656558576,0.313952667195028,0.36209759234351224,0.43187739847789086,0.3390637337951996,0.4598650136488919,0.4405533192200368,0.4622697992325856,0.4819337142201761,0.3565348356892389,0.488344637233815,0.41233029534122606,0.4322657211093542,0.4760617320379733,0.5537071096167273,0.5427549754297023,0.6164750727829336,0.5182958094738517,0.4367402539587297,0.5517249571223407,0.5776438606477297,0.5788369369429596,0.6340736628536853,0.5621999541509897,0.6488960519825764,0.668629770995075,0.5882928613150595,0.5004819083205607,0.6160595574556635,0.525407875120367,0.6129297500409612,0.5745415088974073,0.6485913053396114,0.6964160373687751,0.6956775368236983,0.6717342884218082,0.5915401165918832,0.6306573616509653,0.5935545570180916,0.5616530726233732,0.5660822555016347,0.6345783927976789,0.664799071822734,0.658789711698211,0.5056506728286683,0.5571191381321708,0.5444197494937005,0.5225250868554566,0.5145615683375522,0.5127006112184448,0.5161279307510551,0.29826228545030725,0.29481639905451706,0.4365242751916781,0.47017037016720536,0.3357831812303491,0.2572629622298045,0.2510578260312451,0.32364954699622017,0.3375563674392347,0.4090674817884394,0.3663481599044014],[0.18569334876095686,0.21368567193327745,0.1773382573784979,0.1162760706642232,0.03356443574048772,0.07266166440518869,0.09368353260588047,0.1269384085683895,0.12345335175364315,0.1691543622899212,0,0.10755836432799651,0.04092220677763579,0.03498325083346029,0.1386382430106976,0.11552328044794641,0.15337904361933447,0.17873169061872524,0.23223221117071988,0.31041573817105816,0.2708738175171381,0.3738894906500835,0.439440607110147,0.4528997174557576,0.4862959565174593,0.3566434384063786,0.5062080355194849,0.3585657426651856,0.4661354113986088,0.4938219826559282,0.5637387864708345,0.4954055687140117,0.6090076339304903,0.5981985353748287,0.6204423548319334,0.6446662674591868,0.5305457637855568,0.6595269620588187,0.5854270690284181,0.6067069785790898,0.6499572648611042,0.7279867372160191,0.7169254722810291,0.7902371489618678,0.6894685968319395,0.6055775284253097,0.7164724948420929,0.7376565979389755,0.7335341115400541,0.784833855064928,0.7013395142238348,0.8223706985001598,0.8179631974585424,0.7178674552376733,0.6738084835214417,0.7501789403231284,0.6803148998387389,0.7328802874403473,0.6964760439036813,0.7941304715761905,0.8247145016698199,0.8030615295383703,0.7835324113844837,0.7143632820627168,0.7211113012117322,0.6883747503533366,0.646684488036848,0.6399847445217759,0.6918947883774363,0.7745990867728882,0.7627383542845706,0.5838138486810304,0.629218888356335,0.5975120199290127,0.5564298945975242,0.5440647144110043,0.54387560930476,0.5137076549646676,0.4150672477674033,0.3320757527989794,0.4119536957599982,0.4116844878179874,0.34133881379697756,0.22455608167930508,0.31255586693763554,0.25445197941061704,0.2635024014945565,0.2820135904611688,0.25847370299196104],[0.2979847230645243,0.3231371002190377,0.2824236736839794,0.21351895394012838,0.13279534211700098,0.0805615417839802,0.06469240152344254,0.0383931831193773,0.061090134854074794,0.13221475004348296,0.10755836432799651,0,0.12082087981867123,0.0763895175328422,0.041883986520137806,0.08248540490832071,0.07314628314102956,0.06844243576578093,0.12595823194071207,0.20130448555583,0.1581976520219503,0.2612738704049014,0.32664419556763513,0.3414157421642256,0.37668507784622907,0.25539054674219774,0.40007792478417276,0.2714830440330862,0.37070747986734165,0.388104128791725,0.4571412676592621,0.40218117049723257,0.5091768046409063,0.5041016926637939,0.5264542066904878,0.5544373227136479,0.47537014538356503,0.5811631561662424,0.513361365935607,0.5434511634929908,0.580545331482929,0.6682110028145858,0.6583203182142078,0.7339158748136261,0.6434471287370471,0.5657972212361926,0.6836316583497607,0.7120365719629622,0.714973504463491,0.7708953495858739,0.6996550542842892,0.7673682572650162,0.8056169541057434,0.7249426106099426,0.6206038421027364,0.7532439200669936,0.6616243909647823,0.7480187680123913,0.7099103523386481,0.7859682014910083,0.8330688103430808,0.8280561693244558,0.8051702498490171,0.7271248484672032,0.757499113783673,0.7216811063423334,0.6860864540903814,0.6861595370222558,0.7479852282036,0.7977095706012294,0.7900801019930679,0.6269229564282681,0.676370731864881,0.6550528544902711,0.6233517099976574,0.6129683460914358,0.611968612389665,0.596486609480922,0.43059122520542403,0.3924543866486952,0.5017984151690067,0.5129525556093157,0.4170094546807988,0.3110331182823834,0.3594903914551692,0.3555248208769419,0.3663179441243373,0.39481178390146277,0.3691175801406086],[0.18089276549642883,0.22747485057071754,0.19881652121417,0.14828155058506126,0.07493316490702268,0.1135555220076701,0.1297531664624246,0.151608838985623,0.11141039863614458,0.13931925821093735,0.04092220677763579,0.12082087981867123,0,0.040433732436318245,0.16135231645381887,0.1535912029438757,0.14254447070327297,0.19453556687160625,0.2517959366040047,0.3273158583236335,0.2772399550146598,0.3787263834255382,0.44508264702011124,0.4535456384968591,0.48328583673051706,0.3465156691042876,0.49869151031651887,0.3394670278854796,0.45028839067994064,0.4859732034152837,0.5563324332835454,0.4778488330431904,0.5951205677130661,0.5803584189689338,0.6023914278344451,0.624192907864749,0.4962234749693094,0.6329618520214887,0.5566522430135448,0.574510038421377,0.6197488315416324,0.6940336324053246,0.6826427986550367,0.7549850421251642,0.6516943705284783,0.5666175390024671,0.6755898763682875,0.6953711010007699,0.6901349781442413,0.7407203428060994,0.6560468865032382,0.7866278238922007,0.7736103823653081,0.6719685224358805,0.6380676910640973,0.7044868548421707,0.6370480219097963,0.6866992994747448,0.6503427345857091,0.7493405380972601,0.7787043724351412,0.7569192544392095,0.7373259022911522,0.6682422631614618,0.6754929796251221,0.6425312690793702,0.6012446852288249,0.5952351075422774,0.6487029191811111,0.7284115627201403,0.7166552753064718,0.5386494564704306,0.5845758003732312,0.5544398303945967,0.5153493825416201,0.5034813319224649,0.5030728596665129,0.4778139693252385,0.36907259083931293,0.2887211516930737,0.3792122019307681,0.3869249370024089,0.30210358247527275,0.18906625842463645,0.2671434910125358,0.22942046605341299,0.24022309853116344,0.2793977497884467,0.24703472280319966],[0.21824053044681302,0.25281486961412125,0.2174857542544499,0.15611536534840864,0.07206523012546051,0.07714210200196782,0.088049397863292,0.10590451264124891,0.08318615741894443,0.13189795795758527,0.03498325083346029,0.0763895175328422,0.040433732436318245,0,0.11563939932219787,0.11263075939045,0.113283585341635,0.15002641998813276,0.2066368326482959,0.28290623695298805,0.23674541199866792,0.33926747667716883,0.4053072936753213,0.416580474262305,0.44869892689230045,0.3170983754149298,0.4673515947009163,0.31829344752037925,0.4259552786414071,0.4548774656009459,0.524947470442528,0.4551458075125683,0.5690519121671844,0.557939634468154,0.5801786391247447,0.6043999440843648,0.49372354486767084,0.6199127430172651,0.5463696303997889,0.5688001376098821,0.6112860463946284,0.6907765238304018,0.679888933472045,0.7536712527636957,0.6546424864385864,0.5718239114976323,0.6844888799968911,0.7074174788498832,0.7050581392943261,0.7576849436359423,0.6774365252702145,0.7860693083336526,0.7913091809425621,0.6966520334801598,0.6376202838280857,0.7278125258939636,0.6516772785899797,0.7142774585139533,0.677222677111231,0.7685862493260627,0.8041391199611625,0.7879489621519997,0.767221097027362,0.6949402619456259,0.7099339026986446,0.6759690842214502,0.6364511908428491,0.6323876107599528,0.6885366107914568,0.7587732553341876,0.7483633962096137,0.5748198272199421,0.6219837560523599,0.5945381804105189,0.5575731775347257,0.5461100446647006,0.5455344483080081,0.5227484209270405,0.3952115119693402,0.32904998966523846,0.4248080653520697,0.43221118419462273,0.3459167003092404,0.2344438154958579,0.3034158311302252,0.2745845169096334,0.2850605962069249,0.3160342992464059,0.28795632102375684],[0.3286677402997918,0.34301925380468523,0.2987474099165193,0.22706444318602356,0.15458633656891915,0.0845087754359666,0.05850256746533938,0.007787653749179131,0.1043793721835549,0.17447996613190953,0.1386382430106976,0.041883986520137806,0.16135231645381887,0.11563939932219787,0,0.06247119730749921,0.10775718719898215,0.041255059822641056,0.08843953655632363,0.16715555672648122,0.1416588625839453,0.2424596850499166,0.30533766478022345,0.32630573758934167,0.36560716468192717,0.2584364504303005,0.3943695140675276,0.2863051422385054,0.37682101437052873,0.38310217116098594,0.45020211581011627,