"trial_id","rt","stimulus","response","trial_type","trial_index","plugin_version","time_elapsed","language","participant_number","success","raw_payload","placements","dissimilarity_vector","n_words","trial_category","distance_matrix","value"
"consent_form","2664","
    <div style=""max-width:800px; margin:0 auto; text-align:left; font-size: 16px; padding: 10px 0;"">
      <h1>Informed Consent Form</h1>
      <p>You are being invited to participate in a research study titled <strong>""Reproducibility of Psychological Science and Instruction.""</strong> This study is being done by Dr. Bria Long from UC San Diego and associated graduate students in the Experimental Methods course. You were selected to participate in this study because you are an adult in the U.S. and have been a represented population in previous psychology studies.</p>
      
      <p>The purpose of this study is to better understand how well previously published studies in the psychological field replicate online and with different populations. Your participation in this research should last approximately <strong>5-30 minutes</strong>. If you agree to take part in this study, you may be asked to view a set of stimuli, including pictures, sounds, written text, or videos and then giving some responses via key-presses, verbally, or with paper-and-pencil. We may also observe your choices or preferences among an array of stimuli. These stimuli will be taken directly from or closely adapted from studies that already exist in the published psychological literature. Stimuli will include, e.g., pictures of objects and human faces, audio and video clips, short text passages, etc. None of the stimuli will be disturbing, threatening, or offensive. The online and in-person experiments described in this protocol will take no more than 30 minutes. An example game you might play would be to click on an image on the screen that matches a word you hear being said out loud. Your total expected time commitment for this study is between 5-30 minutes, and is specified in the study description.</p>
      
      <p>Your participation in this study is completely voluntary and you can withdraw at any time. Choosing not to participate or withdrawing will result in no penalty or loss of benefits to which you are entitled. You are free to skip any question that you choose.</p>
      
      <p>We will not be asking for any personally identifying information, and we will handle responses as confidentially as possible. Your SONA or Prolific IDs will never be tied to your responses on this survey. However, we cannot guarantee the confidentiality of information transmitted over the Internet. To minimize this risk, data containing anything that might be personally identifying (e.g. Prolific IDs or IP addresses) will be encrypted on transfer and storage and will only be accessible to qualified lab personnel. We will be keeping data collected as part of this experiment indefinitely. This anonymized data (containing neither Prolific IDs nor IP addresses) may be shared with the scientific community or with other participants to be used as stimuli in future studies.</p>
      
      <p>If you have questions about this project or if you have a research-related problem, you may contact the researcher(s), <strong>Dr. Bria Long, <a href=""mailto:brlong@ucsd.edu"">brlong@ucsd.edu</a></strong>. If you have any questions concerning your rights as a research subject, you may contact the UC San Diego Office of IRB Administration at <a href=""mailto:irb@ucsd.edu"">irb@ucsd.edu</a> or 858-246-4777.</p>
      
      <h3 style=""margin-top: 25px;"">Consent Statement</h3>
      <p style=""font-weight: bold;"">By participating in this research you are indicating that you are at least 18 years old, have read this consent form, and agree to participate in this research study. Please keep this consent form for your records.</p>
    </div>
  ","0","html-button-response","0","2.1.0","2666","zh","1fro24bg4k_6knhxd","","","","","","","",""
"","2997","
    <div style=""display:flex; align-items:center; justify-content:center; height:100vh; font-family:sans-serif;"">
      <div style=""max-width:900px; margin:0 auto; text-align:center;"">
        <h1 style= ""font-size: 24px;"">Welcome! Thank you for participating in the study.</h1>
        <p style=""font-size:18px; line-height:1.6;"">
          In this task, you will be presented with <strong>90 words</strong> arranged <strong>outside a circle</strong>.<br>
          Your job is to <strong>drag these words into the circle</strong> and <strong>rearrange them</strong> based on their <strong>meaning similarity</strong>.<br><br>
          Words that are <strong>similar in meaning</strong> should be placed <strong>closer together</strong>.<br>
          Words that are <strong>different in meaning</strong> should be placed <strong>farther apart</strong>.<br><br>
          You can place the words <strong>anywhere inside the circle</strong>. There is no single correct answer — 
          we are interested in <strong>your personal judgment</strong> of how these words relate to each other.<br><br>
          <strong>You must move all words into the circle before you can finish.</strong><br>
          After the initial arrangement, you will arrange words from specific categories.
        </p>
        <p style=""font-size:16px; margin-top:30px;""><em>Press any key to continue.</em></p>
      </div>
    </div>
  "," ","html-keyboard-response","1","2.1.0","5666","zh","1fro24bg4k_6knhxd","","","","","","","",""
"","2733","<p style='font-size:20px;'>Which is your first language or primary language of use?</p>","0","html-button-response","2","2.1.0","8401","zh","1fro24bg4k_6knhxd","","","","","","","",""
"","1930","","","fullscreen","3","2.1.0","11335","zh","1fro24bg4k_6knhxd","true","{""placements"":[{""word"":""骄傲"",""x"":37,""y"":168.7,""cx"":56,""cy"":186.1,""angle_rad"":-2.633,""angle_deg"":209.1},{""word"":""冰箱"",""x"":61,""y"":504.7,""cx"":80,""cy"":522.1,""angle_rad"":2.574,""angle_deg"":147.5},{""word"":""兔子"",""x"":407,""y"":649.7,""cx"":426,""cy"":667.1,""angle_rad"":1.336,""angle_deg"":76.5},{""word"":""协议"",""x"":141,""y"":62.7,""cx"":160,""cy"":80.1,""angle_rad"":-2.184,""angle_deg"":234.9},{""word"":""嘴唇"",""x"":600,""y"":117.7,""cx"":619,""cy"":135.1,""angle_rad"":-0.674,""angle_deg"":321.4},{""word"":""剪刀"",""x"":-14,""y"":371.7,""cx"":5,""cy"":389.1,""angle_rad"":3.029,""angle_deg"":173.5},{""word"":""长颈鹿"",""x"":320,""y"":670.7,""cx"":346,""cy"":688.1,""angle_rad"":1.583,""angle_deg"":90.7},{""word"":""制度"",""x"":76,""y"":154.7,""cx"":95,""cy"":172.1,""angle_rad"":-2.532,""angle_deg"":214.9},{""word"":""过失"",""x"":406,""y"":29.7,""cx"":425,""cy"":47.1,""angle_rad"":-1.328,""angle_deg"":283.9},{""word"":""友情"",""x"":68,""y"":102.7,""cx"":87,""cy"":120.1,""angle_rad"":-2.423,""angle_deg"":221.2},{""word"":""方法"",""x"":8,""y"":239.7,""cx"":27,""cy"":257.1,""angle_rad"":-2.862,""angle_deg"":196},{""word"":""蚂蚁"",""x"":497,""y"":624.7,""cx"":516,""cy"":642.1,""angle_rad"":1.054,""angle_deg"":60.4},{""word"":""沮丧"",""x"":300,""y"":-1.3,""cx"":319,""cy"":16.1,""angle_rad"":-1.663,""angle_deg"":264.7},{""word"":""沙发"",""x"":36,""y"":484.7,""cx"":55,""cy"":502.1,""angle_rad"":2.666,""angle_deg"":152.7},{""word"":""暴力"",""x"":188,""y"":644.7,""cx"":207,""cy"":662.1,""angle_rad"":2,""angle_deg"":114.6},{""word"":""筷子"",""x"":-15,""y"":348.7,""cx"":4,""cy"":366.1,""angle_rad"":3.095,""angle_deg"":177.3},{""word"":""概念"",""x"":33,""y"":193.7,""cx"":52,""cy"":211.1,""angle_rad"":-2.705,""angle_deg"":205},{""word"":""麻雀"",""x"":484,""y"":624.7,""cx"":503,""cy"":642.1,""angle_rad"":1.088,""angle_deg"":62.4},{""word"":""椅子"",""x"":30,""y"":478.7,""cx"":49,""cy"":496.1,""angle_rad"":2.69,""angle_deg"":154.1},{""word"":""买卖"",""x"":414,""y"":9.7,""cx"":433,""cy"":27.1,""angle_rad"":-1.319,""angle_deg"":284.4},{""word"":""魔力"",""x"":465,""y"":29.7,""cx"":484,""cy"":47.1,""angle_rad"":-1.154,""angle_deg"":293.9},{""word"":""结果"",""x"":17,""y"":228.7,""cx"":36,""cy"":246.1,""angle_rad"":-2.822,""angle_deg"":198.3},{""word"":""敌意"",""x"":382,""y"":22.7,""cx"":401,""cy"":40.1,""angle_rad"":-1.408,""angle_deg"":279.3},{""word"":""纠纷"",""x"":388,""y"":-3.3,""cx"":407,""cy"":14.1,""angle_rad"":-1.403,""angle_deg"":279.6},{""word"":""关系"",""x"":134,""y"":63.7,""cx"":153,""cy"":81.1,""angle_rad"":-2.203,""angle_deg"":233.8},{""word"":""铅笔"",""x"":3,""y"":351.7,""cx"":22,""cy"":369.1,""angle_rad"":3.083,""angle_deg"":176.7},{""word"":""愤怒"",""x"":354,""y"":-3.3,""cx"":373,""cy"":14.1,""angle_rad"":-1.502,""angle_deg"":273.9},{""word"":""团队"",""x"":143,""y"":50.7,""cx"":162,""cy"":68.1,""angle_rad"":-2.159,""angle_deg"":236.3},{""word"":""洗衣机"",""x"":86,""y"":548.7,""cx"":112,""cy"":566.1,""angle_rad"":2.404,""angle_deg"":137.8},{""word"":""大腿"",""x"":664,""y"":262.7,""cx"":683,""cy"":280.1,""angle_rad"":-0.207,""angle_deg"":348.1},{""word"":""慈善"",""x"":108,""y"":97.7,""cx"":127,""cy"":115.1,""angle_rad"":-2.33,""angle_deg"":226.5},{""word"":""手指"",""x"":629,""y"":151.7,""cx"":648,""cy"":169.1,""angle_rad"":-0.546,""angle_deg"":328.7},{""word"":""性质"",""x"":45,""y"":148.7,""cx"":64,""cy"":166.1,""angle_rad"":-2.57,""angle_deg"":212.7},{""word"":""猫"",""x"":294,""y"":658.7,""cx"":306,""cy"":676.1,""angle_rad"":1.705,""angle_deg"":97.7},{""word"":""眼睛"",""x"":554,""y"":74.7,""cx"":573,""cy"":92.1,""angle_rad"":-0.858,""angle_deg"":310.9},{""word"":""床"",""x"":45,""y"":473.7,""cx"":57,""cy"":491.1,""angle_rad"":2.693,""angle_deg"":154.3},{""word"":""鼠标"",""x"":12,""y"":416.7,""cx"":31,""cy"":434.1,""angle_rad"":2.884,""angle_deg"":165.2},{""word"":""微波炉"",""x"":65,""y"":520.7,""cx"":91,""cy"":538.1,""angle_rad"":2.513,""angle_deg"":144},{""word"":""原因"",""x"":20,""y"":217.7,""cx"":39,""cy"":235.1,""angle_rad"":-2.788,""angle_deg"":200.3},{""word"":""锤子"",""x"":-10,""y"":333.7,""cx"":9,""cy"":351.1,""angle_rad"":3.138,""angle_deg"":179.8},{""word"":""勺子"",""x"":-17,""y"":312.7,""cx"":2,""cy"":330.1,""angle_rad"":-3.084,""angle_deg"":183.3},{""word"":""缘分"",""x"":116,""y"":63.7,""cx"":135,""cy"":81.1,""angle_rad"":-2.245,""angle_deg"":231.4},{""word"":""胳膊"",""x"":642,""y"":192.7,""cx"":661,""cy"":210.1,""angle_rad"":-0.423,""angle_deg"":335.8},{""word"":""老鼠"",""x"":462,""y"":644.7,""cx"":481,""cy"":662.1,""angle_rad"":1.173,""angle_deg"":67.2},{""word"":""兴奋"",""x"":182,""y"":17.7,""cx"":201,""cy"":35.1,""angle_rad"":-2.013,""angle_deg"":244.7},{""word"":""耳朵"",""x"":562,""y"":89.7,""cx"":581,""cy"":107.1,""angle_rad"":-0.81,""angle_deg"":313.6},{""word"":""社会"",""x"":58,""y"":128.7,""cx"":77,""cy"":146.1,""angle_rad"":-2.5,""angle_deg"":216.8},{""word"":""牙刷"",""x"":-10,""y"":312.7,""cx"":9,""cy"":330.1,""angle_rad"":-3.083,""angle_deg"":183.3},{""word"":""过程"",""x"":12,""y"":198.7,""cx"":31,""cy"":216.1,""angle_rad"":-2.744,""angle_deg"":202.8},{""word"":""光彩"",""x"":193,""y"":30.7,""cx"":212,""cy"":48.1,""angle_rad"":-2,""angle_deg"":245.4},{""word"":""空调"",""x"":100,""y"":583.7,""cx"":119,""cy"":601.1,""angle_rad"":2.315,""angle_deg"":132.6},{""word"":""乌龟"",""x"":426,""y"":643.7,""cx"":445,""cy"":661.1,""angle_rad"":1.274,""angle_deg"":73},{""word"":""地位"",""x"":181,""y"":35.7,""cx"":200,""cy"":53.1,""angle_rad"":-2.039,""angle_deg"":243.2},{""word"":""创伤"",""x"":219,""y"":16.7,""cx"":238,""cy"":34.1,""angle_rad"":-1.911,""angle_deg"":250.5},{""word"":""死亡"",""x"":247,""y"":2.7,""cx"":266,""cy"":20.1,""angle_rad"":-1.82,""angle_deg"":255.7},{""word"":""快乐"",""x"":170,""y"":23.7,""cx"":189,""cy"":41.1,""angle_rad"":-2.051,""angle_deg"":242.5},{""word"":""身份"",""x"":170,""y"":30.7,""cx"":189,""cy"":48.1,""angle_rad"":-2.061,""angle_deg"":241.9},{""word"":""婚姻"",""x"":144,""y"":45.7,""cx"":163,""cy"":63.1,""angle_rad"":-2.148,""angle_deg"":236.9},{""word"":""错误"",""x"":406,""y"":6.7,""cx"":425,""cy"":24.1,""angle_rad"":-1.345,""angle_deg"":283},{""word"":""脚踝"",""x"":657,""y"":233.7,""cx"":676,""cy"":251.1,""angle_rad"":-0.295,""angle_deg"":343.1},{""word"":""老虎"",""x"":264,""y"":659.7,""cx"":283,""cy"":677.1,""angle_rad"":1.773,""angle_deg"":101.6},{""word"":""冷漠"",""x"":330,""y"":1.7,""cx"":349,""cy"":19.1,""angle_rad"":-1.574,""angle_deg"":269.8},{""word"":""疾病"",""x"":211,""y"":13.7,""cx"":230,""cy"":31.1,""angle_rad"":-1.931,""angle_deg"":249.4},{""word"":""扫帚"",""x"":28,""y"":355.7,""cx"":47,""cy"":373.1,""angle_rad"":3.065,""angle_deg"":175.6},{""word"":""难过"",""x"":266,""y"":11.7,""cx"":285,""cy"":29.1,""angle_rad"":-1.771,""angle_deg"":258.6},{""word"":""钥匙"",""x"":10,""y"":382.7,""cx"":29,""cy"":400.1,""angle_rad"":2.987,""angle_deg"":171.1},{""word"":""天堂"",""x"":155,""y"":41.7,""cx"":174,""cy"":59.1,""angle_rad"":-2.115,""angle_deg"":238.8},{""word"":""义务"",""x"":97,""y"":109.7,""cx"":116,""cy"":127.1,""angle_rad"":-2.38,""angle_deg"":223.6},{""word"":""数据"",""x"":14,""y"":245.7,""cx"":33,""cy"":263.1,""angle_rad"":-2.874,""angle_deg"":195.3},{""word"":""爱心"",""x"":93,""y"":76.7,""cx"":112,""cy"":94.1,""angle_rad"":-2.32,""angle_deg"":227.1},{""word"":""内容"",""x"":20,""y"":251.7,""cx"":39,""cy"":269.1,""angle_rad"":-2.887,""angle_deg"":194.6},{""word"":""现象"",""x"":39,""y"":176.7,""cx"":58,""cy"":194.1,""angle_rad"":-2.651,""angle_deg"":208.1},{""word"":""柜子"",""x"":36,""y"":505.7,""cx"":55,""cy"":523.1,""angle_rad"":2.611,""angle_deg"":149.6},{""word"":""奇迹"",""x"":166,""y"":50.7,""cx"":185,""cy"":68.1,""angle_rad"":-2.1,""angle_deg"":239.7},{""word"":""恐惧"",""x"":446,""y"":20.7,""cx"":465,""cy"":38.1,""angle_rad"":-1.218,""angle_deg"":290.2},{""word"":""膝盖"",""x"":647,""y"":212.7,""cx"":666,""cy"":230.1,""angle_rad"":-0.363,""angle_deg"":339.2},{""word"":""舒心"",""x"":185,""y"":29.7,""cx"":204,""cy"":47.1,""angle_rad"":-2.02,""angle_deg"":244.3},{""word"":""债务"",""x"":410,""y"":-4.3,""cx"":429,""cy"":13.1,""angle_rad"":-1.34,""angle_deg"":283.2},{""word"":""大象"",""x"":300,""y"":662.7,""cx"":319,""cy"":680.1,""angle_rad"":1.664,""angle_deg"":95.4},{""word"":""作用"",""x"":-6,""y"":257.7,""cx"":13,""cy"":275.1,""angle_rad"":-2.923,""angle_deg"":192.5},{""word"":""纪律"",""x"":27,""y"":231.7,""cx"":46,""cy"":249.1,""angle_rad"":-2.821,""angle_deg"":198.4},{""word"":""电视"",""x"":19,""y"":441.7,""cx"":38,""cy"":459.1,""angle_rad"":2.805,""angle_deg"":160.7},{""word"":""肩膀"",""x"":635,""y"":165.7,""cx"":654,""cy"":183.1,""angle_rad"":-0.502,""angle_deg"":331.2},{""word"":""鼻子"",""x"":574,""y"":101.7,""cx"":593,""cy"":119.1,""angle_rad"":-0.76,""angle_deg"":316.5},{""word"":""斧头"",""x"":162,""y"":628.7,""cx"":181,""cy"":646.1,""angle_rad"":2.089,""angle_deg"":119.7},{""word"":""风景"",""x"":196,""y"":47.7,""cx"":215,""cy"":65.1,""angle_rad"":-2.013,""angle_deg"":244.6},{""word"":""熊猫"",""x"":382,""y"":668.7,""cx"":401,""cy"":686.1,""angle_rad"":1.42,""angle_deg"":81.4},{""word"":""骗局"",""x"":378,""y"":14.7,""cx"":397,""cy"":32.1,""angle_rad"":-1.424,""angle_deg"":278.4},{""word"":""桌子"",""x"":28,""y"":455.7,""cx"":47,""cy"":473.1,""angle_rad"":2.756,""angle_deg"":157.9}],""n_words"":89,""words"":[""骄傲"",""冰箱"",""兔子"",""协议"",""嘴唇"",""剪刀"",""长颈鹿"",""制度"",""过失"",""友情"",""方法"",""蚂蚁"",""沮丧"",""沙发"",""暴力"",""筷子"",""概念"",""麻雀"",""椅子"",""买卖"",""魔力"",""结果"",""敌意"",""纠纷"",""关系"",""铅笔"",""愤怒"",""团队"",""洗衣机"",""大腿"",""慈善"",""手指"",""性质"",""猫"",""眼睛"",""床"",""鼠标"",""微波炉"",""原因"",""锤子"",""勺子"",""缘分"",""胳膊"",""老鼠"",""兴奋"",""耳朵"",""社会"",""牙刷"",""过程"",""光彩"",""空调"",""乌龟"",""地位"",""创伤"",""死亡"",""快乐"",""身份"",""婚姻"",""错误"",""脚踝"",""老虎"",""冷漠"",""疾病"",""扫帚"",""难过"",""钥匙"",""天堂"",""义务"",""数据"",""爱心"",""内容"",""现象"",""柜子"",""奇迹"",""恐惧"",""膝盖"",""舒心"",""债务"",""大象"",""作用"",""纪律"",""电视"",""肩膀"",""鼻子"",""斧头"",""风景"",""熊猫"",""骗局"",""桌子""],""distance_matrix"":[[0,0.4839441585272581,0.8777854922801149,0.20918218034473404,0.8171899763856435,0.297886464273921,0.8382533822739169,0.05300688709344533,0.5677569978059179,0.09892927946393645,0.10443808256325061,0.9374050792604707,0.4493775679627125,0.4535231034476565,0.7210178823880363,0.2658705789553687,0.029494014556079893,0.9240331134020372,0.44488368340646894,0.5894127475656343,0.6489988090239804,0.08482013200382847,0.5390332529721251,0.5627464904970121,0.20108386866661956,0.2640778849761953,0.5186623770039728,0.22394436291468078,0.5528664113515395,0.9174075018652781,0.13903182928988614,0.8564864450901477,0.023983924104942544,0.7949963728608637,0.7590898241192887,0.43747714932886833,0.35616058197393946,0.5085671307179083,0.06821927622914951,0.24282669621974098,0.21690310927902354,0.1842393358207076,0.8757880897947444,0.9234115368489874,0.2979422134979984,0.7670173891408036,0.05846360362261149,0.21352469386539283,0.04952715753612829,0.2963843722043455,0.6048709441042616,0.8881631382309715,0.2785066043293715,0.3384625967696731,0.38304424144603116,0.2795799057854988,0.27214010956770984,0.23037527123585624,0.5804231241572655,0.9019316079096866,0.7816394693365896,0.48451976823038306,0.3324837115919236,0.26566028456456753,0.39757972852363765,0.3072050709014903,0.24544455135130755,0.11531216114853929,0.10978795461850818,0.14967200511503218,0.1161500565908933,0.004590905109708056,0.48415630367359125,0.2475895802538965,0.6270426733545098,0.8846994471096489,0.2887417110540583,0.5923432814174211,0.8089364534814667,0.13674767210313604,0.08561245693003788,0.39166005821596067,0.8648938210648572,0.7819737876947177,0.687911441106983,0.2840234464158795,0.8787032658343431,0.5383630942796761,0.4114234040980253],[0.4839441585272581,0,0.5398114753231288,0.6477967015804161,0.9604931836332077,0.21529436194138638,0.4499431775199391,0.5035863007013962,0.8489374457488039,0.5790605288925085,0.38678099967415336,0.6522179125005231,0.8088738946464357,0.03926407237321328,0.2682928712189999,0.24569265903796791,0.4480620883784382,0.6339540182671672,0.051581937618719105,0.8794341616048608,0.902184289248101,0.40025559666658844,0.8373231494996737,0.8738489400150128,0.6446161446947276,0.2312460827656945,0.848021318448705,0.6655412549514873,0.07192543256436447,0.940369840971725,0.5902108197514444,0.9680950598812197,0.5123942449448742,0.3914974064230669,0.9468315765035826,0.048869663499380864,0.13948874433120276,0.020885330152204507,0.4154680265943994,0.2626517075484549,0.29486777803285985,0.6408458405185501,0.9545557951596072,0.6121379005913256,0.7245627792629096,0.9415511341788387,0.5410620934252205,0.2911744402712348,0.44462016116049724,0.7103107593343347,0.12107930451827242,0.5623003490204914,0.6987457601253426,0.7408040044993415,0.7734938819441829,0.7120015996049521,0.7020465736260062,0.672978064108853,0.8763035146556121,0.9476206234706782,0.3651355384809485,0.8246395744873394,0.741476275188527,0.21517968931077758,0.7714120732585126,0.18545111290046956,0.6817330294773909,0.5711486262349519,0.3765434867587001,0.6186412220140423,0.36643545656207466,0.472100614214217,0.029059333536525834,0.6723069178923519,0.8947145909076244,0.9476239655030558,0.7086798150645428,0.8928268461840849,0.4104952414226895,0.365888674314947,0.3938719405995778,0.10301199657891666,0.9649971088004976,0.9441843966007637,0.2258539411054614,0.6876803590743756,0.5183872685009809,0.8438771724172438,0.07873820063569202],[0.8777854922801149,0.5398114753231288,0,0.932651292992426,0.8180964993183775,0.7284983936229772,0.11321401045054472,0.8611940671539133,0.8969760951820959,0.9312978757055101,0.8271050216921388,0.12881859292931058,0.9549372831844197,0.5848604471060519,0.31210717045377667,0.7486925225407559,0.8528568958588536,0.11065603966827146,0.5964305936320746,0.9262053725356033,0.9009236935154282,0.8297017497987671,0.9079127835486077,0.945516162850059,0.9355892560557872,0.7248679461506241,0.9482453802747455,0.9474423647963023,0.4737153204578088,0.6702329736261787,0.9083206734875482,0.7879220096750646,0.8942002506793543,0.168101215376342,0.8583084173844063,0.588925898624924,0.6615358523869632,0.5162157383515465,0.8386168892863103,0.7557792137026204,0.7826298802297692,0.9469742773697217,0.7421763300144991,0.07312293819594413,0.9711614600025866,0.8401647620480048,0.9073174726443762,0.7746619540111161,0.8671022675420633,0.9479547688396407,0.4506242388955743,0.021626906530340252,0.946968703517585,0.9558025345667426,0.9647913950381753,0.9689802513786342,0.9594373782643427,0.9535377533721505,0.9305268584954424,0.7005438764923736,0.2016698132054532,0.9444694529199493,0.9633710012046115,0.6922616508667249,0.9456892004358185,0.6904665875821286,0.9526327830118851,0.9008487283903501,0.814728442772458,0.9456892004358185,0.8023518993510611,0.8667700783407719,0.5730872285472461,0.9344117816706273,0.911865498800411,0.7198367991778613,0.9532044424251086,0.9465817986264783,0.14979385363275446,0.8231844614356841,0.8166143395420955,0.6347480966482877,0.7730032611283952,0.828241446512873,0.3512613728674167,0.9230960193926248,0.038366975985248374,0.9198213540098643,0.6136403625836072],[0.20918218034473404,0.6477967015804161,0.932651292992426,0,0.6669089689598215,0.49683984272879733,0.9200439250088278,0.15688129331659437,0.3821112791901311,0.1139875420064823,0.3155250057975719,0.9630070812359035,0.24258425540169634,0.6269152177362467,0.8443069845124135,0.46778581917573675,0.2402241297628805,0.9529928794767937,0.6206246571486851,0.39823068044537735,0.4676357935992051,0.29481146173688305,0.348925357880459,0.36550944371155475,0.0028766873339318277,0.45973164563821656,0.3178457600457131,0.01030812836583652,0.7049543497346914,0.8093586002926184,0.06273276256711156,0.7161643664494226,0.1805741228377291,0.8876711834501155,0.5952719231589874,0.6106403932418639,0.5421705045820776,0.6681999063059797,0.27940191930653546,0.4451023843724776,0.4239714804120528,0.029059333536525834,0.7475885541822773,0.9621131442451349,0.08136494143001075,0.6079491823916325,0.1472492696423511,0.4186036688292603,0.26599901257577463,0.08162813301165858,0.7549102385177007,0.9365601584806323,0.06295982882353221,0.12465558408109911,0.17023985035679867,0.06345681467609515,0.05555812979880836,0.017743499498684877,0.3876625457521692,0.7855225823812866,0.8817153855224021,0.28226596166672613,0.11720444315042025,0.4506544331762863,0.18949594683318677,0.49695587077857667,0.029378601427918972,0.08647742685379445,0.3174955929603366,0.06549843731489915,0.31992264725386194,0.21570478827981635,0.6566833855973289,0.033013744134411924,0.44167330966837665,0.7624290403067909,0.07279209066114704,0.3969487773556372,0.8980107302496226,0.3487850085129965,0.2899319416654377,0.5733584096068142,0.7286718578644946,0.6267491516065965,0.8187715536252949,0.07572234689825964,0.943892544621653,0.34530035370865525,0.5890703897681002],[0.8171899763856435,0.9604931836332077,0.8180964993183775,0.6669089689598215,0,0.9618354721860478,0.892183708513386,0.7588399417857,0.3033092008740923,0.7689150307908172,0.8742774151665669,0.747246052475624,0.4633523968789904,0.9741315715122671,0.9683567764312877,0.9508780118555937,0.8270591245234563,0.7512491132602567,0.9767684701243586,0.30630770916595024,0.22763489156158861,0.8582789224034127,0.33944854774164823,0.34863862793153605,0.6768791876046002,0.9279313579642842,0.39246966440061065,0.6663281087025116,0.963259208986675,0.22376496276438124,0.710850128304003,0.05774937692296053,0.8034193608565268,0.9042977462800138,0.08441561543147386,0.9630070812359035,0.9548211941437855,0.9614852505173861,0.8511088654670959,0.936526345919042,0.9364790062979694,0.7029682327730324,0.11795336040831762,0.7872327992072347,0.6195174896278982,0.06141646382147363,0.783356738614459,0.9267476480775719,0.8583956674869492,0.5996778275126986,0.9895869756996432,0.8007460888082532,0.6153647380035175,0.5675349890384348,0.5341302764786559,0.6346287989387045,0.6325258517363365,0.6659837758257293,0.31860370911419,0.1810996686056993,0.9227929762023807,0.4212302079105671,0.5799378809181938,0.8963017699359804,0.5037257749847042,0.9360404383564422,0.6510960051756444,0.7263962265681371,0.8675328305756845,0.7345526828694883,0.8609123050349081,0.8154230691917373,0.9911693293793025,0.6331506511570867,0.2580548931274366,0.14717359257034468,0.6113956174003743,0.32193799149879015,0.9000577035080138,0.8998360929519905,0.8447965061382807,0.9629599370402188,0.07921836373124003,0.037095018432039356,0.9743266585669274,0.5906699406049408,0.8569444522384635,0.34955773736012496,0.961743263081078],[0.297886464273921,0.21529436194138638,0.7284983936229772,0.49683984272879733,0.9618354721860478,0,0.6541280255755034,0.3352518603492155,0.7826554662266128,0.40278695081615284,0.18777037350000036,0.824332638568144,0.7037959568876587,0.17281403637970827,0.4879572339799397,0.026144405809048442,0.2611149728001021,0.8073814877143085,0.16132764915935102,0.8102686006797375,0.8511150616554873,0.2060056563761559,0.7625409732438231,0.7945043132226292,0.49102961862893046,0.030851847296711452,0.758984328182554,0.5138208929078772,0.2942688798836022,0.9942808682712087,0.43008384510819664,0.9839075823365364,0.3290515794019538,0.5992430612661407,0.9275536441852482,0.15957223235992735,0.06837380820635783,0.2435186993583795,0.2226162638503581,0.048299924462212325,0.07873820063569202,0.48023195139154073,0.9844740889255086,0.793011698518254,0.5828199247405739,0.9280849027855606,0.3622659613899828,0.07882458056394133,0.2477564013192592,0.5744656395953577,0.34368901172621635,0.7471417206649889,0.5592576478445038,0.6119884845346004,0.6518726653148343,0.5667906342655105,0.5577838040377017,0.5210171635559453,0.8042573766683423,0.991856296260942,0.5764697617916723,0.7295255735393426,0.6093635321968729,0.05812369328900311,0.6578454482191363,0.031073498603745378,0.533396996401278,0.4076342253427434,0.1808455554415037,0.4503198622960918,0.17450018237870363,0.2873338007223975,0.2011960896983961,0.5294084825862375,0.8366125120947273,0.9842863621786844,0.5697567639926604,0.8192285767995862,0.6170570937704254,0.15926616552633727,0.20536166187642715,0.105451071382509,0.9858246741226467,0.9364001016530935,0.44693953140888343,0.5557830856971382,0.7146335851309624,0.7659822253036428,0.12955838321926472],[0.8382533822739169,0.4499431775199391,0.11321401045054472,0.9200439250088278,0.892183708513386,0.6541280255755034,0,0.8295949847262761,0.9346828553155907,0.9031943134644668,0.7747490130205661,0.24946421300968666,0.9736198256652913,0.49635645686438795,0.19884210072718161,0.6777741428391719,0.8099263302912881,0.23121041967051756,0.5084516517862601,0.9650988553729227,0.9490321485483049,0.7800927518138601,0.9412180978507526,0.9797648222395045,0.921692041570616,0.6558225334779304,0.9765349419673227,0.9359626248100862,0.37751205558522,0.7644951048841354,0.8873834904225454,0.8684868551557922,0.8580306331462096,0.05348028505607549,0.9228901894884193,0.5027632519342565,0.5828361471320069,0.4241218931383263,0.7908195254528322,0.687778310506308,0.7168036854926397,0.9299822292449788,0.8276250133005179,0.19310952044609028,0.9683142522686347,0.9067869475044021,0.8752145067690436,0.7097665343588699,0.82033082953053,0.9463933068486472,0.34718049964987757,0.14225070133493126,0.9430242868103369,0.9594923965857658,0.9739570441237748,0.9637501220825468,0.9538299974058447,0.9425461827657144,0.9679903535993151,0.7913671337777942,0.08585226362514345,0.9684625336207656,0.9657714278499605,0.6261046044421278,0.9579749440790459,0.61732281322218,0.9437896482497236,0.8770159437001348,0.7625091914715444,0.9238583369281187,0.7502738508211154,0.8266956828025008,0.4805416538219207,0.9269708465353983,0.9564959424789242,0.8075786315426177,0.9502771911763012,0.9846210273597493,0.03364013246770487,0.7664566754239683,0.7681910994476419,0.5524275996586743,0.855421748514289,0.8974100805066847,0.24092766830084614,0.9212247229577974,0.07284511788888517,0.9523767553872452,0.5297749990984366],[0.05300688709344533,0.5035863007013962,0.8611940671539133,0.15688129331659437,0.7588399417857,0.3352518603492155,0.8295949847262761,0,0.5073202408151124,0.0693083292926517,0.15134927682311683,0.9129978380983814,0.3907499556131176,0.4774664468067327,0.7257739783367908,0.3051423931829287,0.07724370064151428,0.9004550599306114,0.4699302616789688,0.529067496674857,0.5885850462591774,0.1306182582754287,0.47869361138687017,0.5027173722058272,0.14997644956275666,0.2990272963698086,0.45900914081794547,0.173026403149622,0.5678365300965174,0.8646437551018411,0.08791648445447649,0.7992518341820046,0.03862177228376827,0.7895910369434287,0.6995332809477058,0.4611869357767399,0.38598673063877653,0.5264892126690965,0.11552000708369675,0.28224759842197894,0.26000337444907945,0.13756442841461378,0.8200621541416402,0.9024825032895952,0.24524252130873972,0.7078175809098456,0.0386910179281243,0.2549712930759117,0.10585560905155761,0.24125302348201635,0.6193358836508591,0.869768594211361,0.22406388577914008,0.28245320031975224,0.3263053269087424,0.22776158628236376,0.2195433959280752,0.17996763937052257,0.5201386273876817,0.8478832549585748,0.7786120239368466,0.42510691008716467,0.27731719032325614,0.2940113408046318,0.33944854774164823,0.33880692348326136,0.1936869572257663,0.06500077102950542,0.15318795678465189,0.10901393642014155,0.15594625086907912,0.055355133913498264,0.507890386024956,0.19318908284091826,0.5665979077185774,0.829783085477479,0.2344914068481255,0.5321680479511658,0.8024399229304608,0.18461087391484954,0.1256985506776264,0.4193945739609954,0.8081502096153749,0.723112223900129,0.6952886550344665,0.22709113898242633,0.8651608855322929,0.47813300668702585,0.4371877019594954],[0.5677569978059179,0.8489374457488039,0.8969760951820959,0.3821112791901311,0.3033092008740923,0.7826554662266128,0.9346828553155907,0.5073202408151124,0,0.4969811824426517,0.6489971882301344,0.8705990248209998,0.15366416123107257,0.848036242896791,0.9443755614439974,0.7630727778441722,0.5869387160154483,0.8679327967431923,0.8468564081930458,0.023983924104942544,0.07862701333814537,0.6299487571607385,0.029030170583659642,0.04739543254357206,0.39242443364091745,0.7450364936222438,0.082401240239092,0.3774291309114974,0.8766658180558403,0.49967383866091347,0.43843743526658363,0.3633579263804308,0.5470369251912273,0.9263797097305655,0.21821296946718702,0.8337829308177036,0.798178850624068,0.8588035372575856,0.6188655001949253,0.7441579292221298,0.7349655339310947,0.4184912761926447,0.41095322281398555,0.8933927582172486,0.31978611555350656,0.23637510969015774,0.5203422716456038,0.72650060813742,0.6179423862123499,0.3032749606341094,0.9157805476714438,0.8886975653707077,0.3208929821480972,0.26600290356196077,0.22782038563851142,0.33693358294144266,0.3368254323125278,0.37546133829533324,0.026112709245160484,0.46438179376765854,0.9346173529987408,0.1107100832081986,0.27797030391631894,0.7207008737018495,0.19846523863749707,0.7664113058198315,0.3591215036718384,0.4581712759091559,0.6454477740738522,0.45426341119279656,0.6421148681265905,0.5692643908967775,0.8720156110720334,0.34399491780461394,0.05236986129165293,0.43398161376185795,0.31494138175657743,0.04250079785158409,0.9287954302822514,0.6794490410415508,0.6190438459576364,0.8171164308458936,0.38108024234964155,0.2591865870420957,0.9360539704920089,0.30001859157956007,0.9253480258816762,0.03889813397419431,0.8233471202905617],[0.09892927946393645,0.5790605288925085,0.9312978757055101,0.1139875420064823,0.7689150307908172,0.40278695081615284,0.9031943134644668,0.0693083292926517,0.4969811824426517,0,0.21073359531362068,0.9781771129418974,0.36343539103107925,0.5517487588182446,0.8023400745591885,0.37128445879787864,0.13478627392443374,0.9662468693296901,0.5438385925703091,0.5151968270136728,0.5813869903267187,0.19084735206097672,0.46523566109658726,0.4842991253604675,0.1043905222249576,0.3679576753048943,0.4374914971909175,0.12569055904240656,0.6441770734126007,0.892748842943695,0.05136521705661092,0.8140254579100161,0.06758378541045408,0.864264249772273,0.702680623714601,0.5355174490962031,0.45783067667886057,0.6023392412499541,0.17434222188394263,0.3482200657266524,0.3230376508666811,0.08277941328207952,0.8401032529075676,0.9700203066853941,0.1999942256823173,0.7134243309970072,0.033197438158709736,0.31934362148806417,0.1546845767983595,0.20298854308092354,0.6957623859438694,0.9388779403258007,0.18419492492299186,0.24604967537180825,0.2916586117062071,0.18076077480609581,0.17468721740987322,0.13114131743113028,0.5051142788556344,0.8727484338632804,0.8539111755462223,0.4021640209327625,0.23826169189193525,0.3662048803785964,0.3104346801788334,0.4096772599645253,0.14755847290306498,0.03608002303528812,0.21553784546897434,0.04517741116915648,0.22091266699621964,0.10850117140181743,0.5822807271642954,0.15439556442974878,0.5567871602053761,0.8522742014546131,0.19372927261722409,0.5152945332871132,0.8767789322200925,0.24311137057454393,0.19001391123808772,0.49221069710239207,0.8247520892930976,0.730681063924768,0.7720101731213616,0.1957866987604964,0.9367472327675485,0.4626354571999428,0.5107891907943043],[0.10443808256325061,0.38678099967415336,0.8271050216921388,0.3155250057975719,0.8742774151665669,0.18777037350000036,0.7747490130205661,0.15134927682311683,0.6489971882301344,0.21073359531362068,0,0.9004339657315384,0.54485089748311,0.3522773151338606,0.6390692958175292,0.15506476229721725,0.06893310685713243,0.8856113066799354,0.34267245925371675,0.6732375841404451,0.7262164234971397,0.013294362062017128,0.6233090160937328,0.6505270575705806,0.30830886629189935,0.15610246253444815,0.6093221321781437,0.33137074758760315,0.46005265334221535,0.9500772042231715,0.24591112877605598,0.9074837801044577,0.1358594556326234,0.7268730713455032,0.8246024924113176,0.3366986983484775,0.2508231552234987,0.4129624137871758,0.029117589646521454,0.13217393669754937,0.10512072320855562,0.2937818398677075,0.9199349407300627,0.8800421821796482,0.4040170525138097,0.8297970642515038,0.17015000662547097,0.10223866242076465,0.05265381758213618,0.39971764893822775,0.5120011274136592,0.8405600714202685,0.3827416824278999,0.4403945950885884,0.48354993149588804,0.3864191845498068,0.3782989508692283,0.3381671865446216,0.6653088149686335,0.9393185651923492,0.7100676144488385,0.5766519449246393,0.43570161696759546,0.16427129617535527,0.49481454552685183,0.20118079038505648,0.3522891459318011,0.2223802797509217,0.004939644030234164,0.2607224699687731,0.01731738420804819,0.09498515885570538,0.3827280481209655,0.3519103672036151,0.7069006891223956,0.9255225232842832,0.3931926620720808,0.6785376591664246,0.7423452108385031,0.02582608107075594,0.02263440699563995,0.287662072683915,0.9135340274305366,0.8423898977076038,0.6028572307784524,0.3845453908820102,0.8227795971677899,0.6242529208008839,0.30899552233108524],[0.9374050792604707,0.6522179125005231,0.12881859292931058,0.9630070812359035,0.747246052475624,0.824332638568144,0.24946421300968666,0.9129978380983814,0.8705990248209998,0.9781771129418974,0.9004339657315384,0,0.9498771754919759,0.6953628384633374,0.4442528561136004,0.8410367074625709,0.9163623429915065,0.011525402552664682,0.7063046740958884,0.8978144756418893,0.8617609895533984,0.9002816041834961,0.8865972124882372,0.9223410869787262,0.9672843835375923,0.8158922891587216,0.9320943062485525,0.9763046029698466,0.5922261930950373,0.5741053350112638,0.9480583301769105,0.7089056082457482,0.950093871397928,0.30288435487033244,0.7991608245860997,0.6974202009661739,0.7623640841037354,0.6308145014665052,0.9072430315386257,0.8453019667527917,0.8696703453247895,0.9817942751680645,0.6572838782161999,0.05136521705661092,0.9901395918485192,0.7787216527540918,0.9587846220629747,0.8609576381549949,0.9342072953460717,0.9659321202597407,0.5747581086648973,0.09977612717909072,0.9675976048993528,0.967784180253738,0.9704381951144108,0.9906258115171892,0.9816684303319596,0.9817598576581686,0.9037783068097784,0.6088320207795858,0.33625940487989847,0.9334352698923235,0.9766560375589458,0.7812510508189456,0.948147406218433,0.7858391699782036,0.9785311173691241,0.9437896482497236,0.8881441305059743,0.9856993399963467,0.8758567501855422,0.9271382103973894,0.6870801051152218,0.9591149079529793,0.8767705093235494,0.6321516772063652,0.9725955323140373,0.918838649563277,0.2852292305105589,0.9008463856304949,0.8862639360987533,0.7391883701444865,0.6917262027648131,0.76370218106206,0.4812715121687581,0.9418918988519529,0.17217542952009035,0.8991615478442831,0.7197680385197902],[0.4493775679627125,0.8088738946464357,0.9549372831844197,0.24258425540169634,0.4633523968789904,0.7037959568876587,0.9736198256652913,0.3907499556131176,0.15366416123107257,0.36343539103107925,0.54485089748311,0.9498771754919759,0,0.7993494272669746,0.9489598418483435,0.679444394203123,0.4748571786701974,0.9443565584707596,0.7959239664796326,0.15962955746817595,0.2374636252269898,0.5245267994542081,0.11719590686719976,0.12096335143612721,0.2526131223688383,0.6655064731239779,0.07138736853861935,0.2338176114728646,0.8498054325412906,0.6484913049958991,0.30767811716716903,0.5218419795459399,0.4241218931383263,0.9555108891757641,0.379309892815456,0.7838732094899913,0.7330283051703266,0.8234854193037726,0.5111011608005206,0.6583649981182086,0.6434320975204941,0.27722376605730464,0.5661232280125157,0.964080910135345,0.16690920792642142,0.3971460552957417,0.3932856001350951,0.6362176170442899,0.5040420532385762,0.1554767171695355,0.8944126285283946,0.9512276692970064,0.17434807472030237,0.11360139415968813,0.07009450243057533,0.18567162078504496,0.18785755906470797,0.2302275874623823,0.14762710100873053,0.6160289209800174,0.958211858908692,0.03654208922443829,0.12421992304390117,0.6472590146249493,0.04566050170742343,0.6945069821324252,0.21318256021435963,0.3300618715625836,0.5438096422571043,0.3152448661063555,0.5430448033241267,0.45340306627574145,0.8263958836239758,0.20223382404526985,0.2079409060924792,0.5872608326952905,0.16630401393658117,0.15308194172290396,0.9611590682341414,0.577360097504804,0.5161182039937696,0.7578187420919104,0.5385911184610916,0.41956154934184947,0.933351586343155,0.1602651846826266,0.9772040250540575,0.1087120452586842,0.7683447170921932],[0.4535231034476565,0.03926407237321328,0.5848604471060519,0.6269152177362467,0.9741315715122671,0.17281403637970827,0.49635645686438795,0.4774664468067327,0.848036242896791,0.5517487588182446,0.3522773151338606,0.6953628384633374,0.7993494272669746,0,0.314488923743724,0.20443970897754554,0.4170750856954767,0.6772397963831609,0.004939644030234164,0.8780835125722899,0.9047830671434086,0.36702406177358915,0.8345414483235265,0.8702863417292042,0.6231065669659113,0.19245591430810233,0.8422246233935873,0.6446079862151707,0.1175794625789107,0.9641991778630594,0.5667776643167874,0.9846467661591182,0.48287120633652525,0.43807697356823333,0.9562343168998212,0.008871008538949256,0.09775246835384539,0.0668283449193043,0.38274168242789985,0.22282428427202808,0.2551050585777041,0.6176769301243331,0.9738226043534242,0.6563661063642016,0.7063046740958884,0.9521151154919736,0.5128606862297911,0.2522815156330397,0.4112252298855194,0.6933070271645154,0.16452515316370012,0.6069300120216773,0.6808385844790539,0.7255838625296522,0.7600885399164368,0.6928696176740271,0.6830702133633187,0.652038858250514,0.8743208545401475,0.9696305517987003,0.4118270845189038,0.8173899354811334,0.7255156410215756,0.1810996686056993,0.7597890616824966,0.1461101973393077,0.6616885150059273,0.5467759018226761,0.34267245925371675,0.5935040576468709,0.3332465700721545,0.4418722620992329,0.02319524790666132,0.6534425663560655,0.8957930452759623,0.9681735822180594,0.6909664407693267,0.8905963597641292,0.4570250475669647,0.3293139150567474,0.3618542015666886,0.06001143953388457,0.982525364375712,0.9559129832494728,0.27167925873377885,0.6714110241122411,0.5642131229906647,0.8404647120597389,0.036445216451806275],[0.7210178823880363,0.2682928712189999,0.31210717045377667,0.8443069845124135,0.9683567764312877,0.4879572339799397,0.19884210072718161,0.7257739783367908,0.9443755614439974,0.8023400745591885,0.6390692958175292,0.4442528561136004,0.9489598418483435,0.314488923743724,0,0.5161324288859219,0.6882189212743548,0.4253306883998589,0.32686274753561806,0.9757734281647745,0.9764797952862712,0.648661597707562,0.9430007791198243,0.9818179365115148,0.8437371867601605,0.4980368133102089,0.968342601916313,0.8615308367218983,0.18957696853588937,0.8828657559809925,0.7989761358731475,0.9574546293517595,0.745562