"trial_id","rt","stimulus","response","trial_type","trial_index","plugin_version","time_elapsed","language","participant_number","success","raw_payload","placements","dissimilarity_vector","n_words","trial_category","distance_matrix","value"
"consent_form","34936","
    <div style=""max-width:800px; margin:0 auto; text-align:left; font-size: 16px; padding: 10px 0;"">
      <h1>Informed Consent Form</h1>
      <p>You are being invited to participate in a research study titled <strong>""Reproducibility of Psychological Science and Instruction.""</strong> This study is being done by Dr. Bria Long from UC San Diego and associated graduate students in the Experimental Methods course. You were selected to participate in this study because you are an adult in the U.S. and have been a represented population in previous psychology studies.</p>
      
      <p>The purpose of this study is to better understand how well previously published studies in the psychological field replicate online and with different populations. Your participation in this research should last approximately <strong>5-30 minutes</strong>. If you agree to take part in this study, you may be asked to view a set of stimuli, including pictures, sounds, written text, or videos and then giving some responses via key-presses, verbally, or with paper-and-pencil. We may also observe your choices or preferences among an array of stimuli. These stimuli will be taken directly from or closely adapted from studies that already exist in the published psychological literature. Stimuli will include, e.g., pictures of objects and human faces, audio and video clips, short text passages, etc. None of the stimuli will be disturbing, threatening, or offensive. The online and in-person experiments described in this protocol will take no more than 30 minutes. An example game you might play would be to click on an image on the screen that matches a word you hear being said out loud. Your total expected time commitment for this study is between 5-30 minutes, and is specified in the study description.</p>
      
      <p>Your participation in this study is completely voluntary and you can withdraw at any time. Choosing not to participate or withdrawing will result in no penalty or loss of benefits to which you are entitled. You are free to skip any question that you choose.</p>
      
      <p>We will not be asking for any personally identifying information, and we will handle responses as confidentially as possible. Your SONA or Prolific IDs will never be tied to your responses on this survey. However, we cannot guarantee the confidentiality of information transmitted over the Internet. To minimize this risk, data containing anything that might be personally identifying (e.g. Prolific IDs or IP addresses) will be encrypted on transfer and storage and will only be accessible to qualified lab personnel. We will be keeping data collected as part of this experiment indefinitely. This anonymized data (containing neither Prolific IDs nor IP addresses) may be shared with the scientific community or with other participants to be used as stimuli in future studies.</p>
      
      <p>If you have questions about this project or if you have a research-related problem, you may contact the researcher(s), <strong>Dr. Bria Long, <a href=""mailto:brlong@ucsd.edu"">brlong@ucsd.edu</a></strong>. If you have any questions concerning your rights as a research subject, you may contact the UC San Diego Office of IRB Administration at <a href=""mailto:irb@ucsd.edu"">irb@ucsd.edu</a> or 858-246-4777.</p>
      
      <h3 style=""margin-top: 25px;"">Consent Statement</h3>
      <p style=""font-weight: bold;"">By participating in this research you are indicating that you are at least 18 years old, have read this consent form, and agree to participate in this research study. Please keep this consent form for your records.</p>
    </div>
  ","0","html-button-response","0","2.1.0","34940","zh","tys0mqxcsd_4wzkd8","","","","","","","",""
"","16220","
    <div style=""display:flex; align-items:center; justify-content:center; height:100vh; font-family:sans-serif;"">
      <div style=""max-width:900px; margin:0 auto; text-align:center;"">
        <h1 style= ""font-size: 24px;"">Welcome! Thank you for participating in the study.</h1>
        <p style=""font-size:18px; line-height:1.6;"">
          In this task, you will be presented with <strong>90 words</strong> arranged <strong>outside a circle</strong>.<br>
          Your job is to <strong>drag these words into the circle</strong> and <strong>rearrange them</strong> based on their <strong>meaning similarity</strong>.<br><br>
          Words that are <strong>similar in meaning</strong> should be placed <strong>closer together</strong>.<br>
          Words that are <strong>different in meaning</strong> should be placed <strong>farther apart</strong>.<br><br>
          You can place the words <strong>anywhere inside the circle</strong>. There is no single correct answer — 
          we are interested in <strong>your personal judgment</strong> of how these words relate to each other.<br><br>
          <strong>You must move all words into the circle before you can finish.</strong><br>
          After the initial arrangement, you will arrange words from specific categories.
        </p>
        <p style=""font-size:16px; margin-top:30px;""><em>Press any key to continue.</em></p>
      </div>
    </div>
  "," ","html-keyboard-response","1","2.1.0","51162","zh","tys0mqxcsd_4wzkd8","","","","","","","",""
"","3220","<p style='font-size:20px;'>Which is your first language or primary language of use?</p>","0","html-button-response","2","2.1.0","54384","zh","tys0mqxcsd_4wzkd8","","","","","","","",""
"","2497","","","fullscreen","3","2.1.0","57885","zh","tys0mqxcsd_4wzkd8","true","{""placements"":[{""word"":""骄傲"",""x"":267,""y"":-11.3,""cx"":286,""cy"":6.1,""angle_rad"":-1.755,""angle_deg"":259.5},{""word"":""冰箱"",""x"":601,""y"":536.7,""cx"":620,""cy"":554.1,""angle_rad"":0.647,""angle_deg"":37.1},{""word"":""兔子"",""x"":-8,""y"":407.7,""cx"":11,""cy"":425.1,""angle_rad"":2.924,""angle_deg"":167.5},{""word"":""协议"",""x"":123,""y"":53.7,""cx"":142,""cy"":71.1,""angle_rad"":-2.212,""angle_deg"":233.3},{""word"":""嘴唇"",""x"":636,""y"":210.7,""cx"":655,""cy"":228.1,""angle_rad"":-0.38,""angle_deg"":338.2},{""word"":""剪刀"",""x"":386,""y"":667.7,""cx"":405,""cy"":685.1,""angle_rad"":1.408,""angle_deg"":80.7},{""word"":""长颈鹿"",""x"":92,""y"":575.7,""cx"":118,""cy"":593.1,""angle_rad"":2.333,""angle_deg"":133.7},{""word"":""制度"",""x"":20,""y"":239.7,""cx"":39,""cy"":257.1,""angle_rad"":-2.851,""angle_deg"":196.6},{""word"":""过失"",""x"":311,""y"":-13.3,""cx"":330,""cy"":4.1,""angle_rad"":-1.629,""angle_deg"":266.7},{""word"":""友情"",""x"":55,""y"":122.7,""cx"":74,""cy"":140.1,""angle_rad"":-2.491,""angle_deg"":217.3},{""word"":""方法"",""x"":52,""y"":191.7,""cx"":71,""cy"":209.1,""angle_rad"":-2.674,""angle_deg"":206.8},{""word"":""蚂蚁"",""x"":4,""y"":434.7,""cx"":23,""cy"":452.1,""angle_rad"":2.839,""angle_deg"":162.7},{""word"":""沮丧"",""x"":521,""y"":49.7,""cx"":540,""cy"":67.1,""angle_rad"":-0.979,""angle_deg"":303.9},{""word"":""沙发"",""x"":513,""y"":621.7,""cx"":532,""cy"":639.1,""angle_rad"":1.009,""angle_deg"":57.8},{""word"":""暴力"",""x"":417,""y"":-6.3,""cx"":436,""cy"":11.1,""angle_rad"":-1.322,""angle_deg"":284.2},{""word"":""筷子"",""x"":637,""y"":479.7,""cx"":656,""cy"":497.1,""angle_rad"":0.448,""angle_deg"":25.7},{""word"":""概念"",""x"":104,""y"":588.7,""cx"":123,""cy"":606.1,""angle_rad"":2.296,""angle_deg"":131.6},{""word"":""麻雀"",""x"":8,""y"":458.7,""cx"":27,""cy"":476.1,""angle_rad"":2.769,""angle_deg"":158.7},{""word"":""椅子"",""x"":528,""y"":620.7,""cx"":547,""cy"":638.1,""angle_rad"":0.971,""angle_deg"":55.6},{""word"":""买卖"",""x"":573,""y"":96.7,""cx"":592,""cy"":114.1,""angle_rad"":-0.773,""angle_deg"":315.7},{""word"":""魔力"",""x"":42,""y"":168.7,""cx"":61,""cy"":186.1,""angle_rad"":-2.626,""angle_deg"":209.6},{""word"":""结果"",""x"":592,""y"":142.7,""cx"":611,""cy"":160.1,""angle_rad"":-0.629,""angle_deg"":324},{""word"":""敌意"",""x"":453,""y"":4.7,""cx"":472,""cy"":22.1,""angle_rad"":-1.215,""angle_deg"":290.4},{""word"":""纠纷"",""x"":541,""y"":64.7,""cx"":560,""cy"":82.1,""angle_rad"":-0.906,""angle_deg"":308.1},{""word"":""关系"",""x"":94,""y"":90.7,""cx"":113,""cy"":108.1,""angle_rad"":-2.346,""angle_deg"":225.6},{""word"":""铅笔"",""x"":331,""y"":675.7,""cx"":350,""cy"":693.1,""angle_rad"":1.571,""angle_deg"":90},{""word"":""愤怒"",""x"":427,""y"":0.7,""cx"":446,""cy"":18.1,""angle_rad"":-1.289,""angle_deg"":286.1},{""word"":""团队"",""x"":184,""y"":23.7,""cx"":203,""cy"":41.1,""angle_rad"":-2.015,""angle_deg"":244.6},{""word"":""洗衣机"",""x"":613,""y"":503.7,""cx"":639,""cy"":521.1,""angle_rad"":0.535,""angle_deg"":30.6},{""word"":""大腿"",""x"":669,""y"":312.7,""cx"":688,""cy"":330.1,""angle_rad"":-0.059,""angle_deg"":356.6},{""word"":""慈善"",""x"":25,""y"":187.7,""cx"":44,""cy"":205.1,""angle_rad"":-2.699,""angle_deg"":205.3},{""word"":""手指"",""x"":656,""y"":293.7,""cx"":675,""cy"":311.1,""angle_rad"":-0.119,""angle_deg"":353.2},{""word"":""性质"",""x"":3,""y"":291.7,""cx"":22,""cy"":309.1,""angle_rad"":-3.018,""angle_deg"":187.1},{""word"":""猫"",""x"":39,""y"":502.7,""cx"":51,""cy"":520.1,""angle_rad"":2.624,""angle_deg"":150.4},{""word"":""眼睛"",""x"":614,""y"":177.7,""cx"":633,""cy"":195.1,""angle_rad"":-0.501,""angle_deg"":331.3},{""word"":""床"",""x"":661,""y"":213.7,""cx"":673,""cy"":231.1,""angle_rad"":-0.353,""angle_deg"":339.8},{""word"":""鼠标"",""x"":481,""y"":643.7,""cx"":500,""cy"":661.1,""angle_rad"":1.122,""angle_deg"":64.3},{""word"":""微波炉"",""x"":632,""y"":467.7,""cx"":658,""cy"":485.1,""angle_rad"":0.413,""angle_deg"":23.7},{""word"":""原因"",""x"":6,""y"":260.7,""cx"":25,""cy"":278.1,""angle_rad"":-2.924,""angle_deg"":192.5},{""word"":""锤子"",""x"":357,""y"":674.7,""cx"":376,""cy"":692.1,""angle_rad"":1.495,""angle_deg"":85.7},{""word"":""勺子"",""x"":620,""y"":491.7,""cx"":639,""cy"":509.1,""angle_rad"":0.503,""angle_deg"":28.8},{""word"":""缘分"",""x"":86,""y"":107.7,""cx"":105,""cy"":125.1,""angle_rad"":-2.399,""angle_deg"":222.6},{""word"":""胳膊"",""x"":656,""y"":253.7,""cx"":675,""cy"":271.1,""angle_rad"":-0.238,""angle_deg"":346.4},{""word"":""老鼠"",""x"":14,""y"":480.7,""cx"":33,""cy"":498.1,""angle_rad"":2.705,""angle_deg"":155},{""word"":""兴奋"",""x"":289,""y"":-3.3,""cx"":308,""cy"":14.1,""angle_rad"":-1.695,""angle_deg"":262.9},{""word"":""耳朵"",""x"":629,""y"":188.7,""cx"":648,""cy"":206.1,""angle_rad"":-0.45,""angle_deg"":334.2},{""word"":""社会"",""x"":5,""y"":238.7,""cx"":24,""cy"":256.1,""angle_rad"":-2.861,""angle_deg"":196.1},{""word"":""牙刷"",""x"":264,""y"":673.7,""cx"":283,""cy"":691.1,""angle_rad"":1.765,""angle_deg"":101.1},{""word"":""过程"",""x"":603,""y"":122.7,""cx"":622,""cy"":140.1,""angle_rad"":-0.657,""angle_deg"":322.3},{""word"":""光彩"",""x"":63,""y"":139.7,""cx"":82,""cy"":157.1,""angle_rad"":-2.518,""angle_deg"":215.7},{""word"":""空调"",""x"":663,""y"":408.7,""cx"":682,""cy"":426.1,""angle_rad"":0.225,""angle_deg"":12.9},{""word"":""乌龟"",""x"":-14,""y"":370.7,""cx"":5,""cy"":388.1,""angle_rad"":3.032,""angle_deg"":173.7},{""word"":""地位"",""x"":95,""y"":86.7,""cx"":114,""cy"":104.1,""angle_rad"":-2.336,""angle_deg"":226.2},{""word"":""创伤"",""x"":381,""y"":-2.3,""cx"":400,""cy"":15.1,""angle_rad"":-1.423,""angle_deg"":278.5},{""word"":""死亡"",""x"":131,""y"":57.7,""cx"":150,""cy"":75.1,""angle_rad"":-2.2,""angle_deg"":234},{""word"":""快乐"",""x"":212,""y"":9.7,""cx"":231,""cy"":27.1,""angle_rad"":-1.924,""angle_deg"":249.8},{""word"":""身份"",""x"":71,""y"":105.7,""cx"":90,""cy"":123.1,""angle_rad"":-2.424,""angle_deg"":221.1},{""word"":""婚姻"",""x"":112,""y"":65.7,""cx"":131,""cy"":83.1,""angle_rad"":-2.258,""angle_deg"":230.6},{""word"":""错误"",""x"":332,""y"":-10.3,""cx"":351,""cy"":7.1,""angle_rad"":-1.568,""angle_deg"":270.2},{""word"":""脚踝"",""x"":672,""y"":353.7,""cx"":691,""cy"":371.1,""angle_rad"":0.062,""angle_deg"":3.5},{""word"":""老虎"",""x"":64,""y"":556.7,""cx"":83,""cy"":574.1,""angle_rad"":2.443,""angle_deg"":140},{""word"":""冷漠"",""x"":489,""y"":21.7,""cx"":508,""cy"":39.1,""angle_rad"":-1.101,""angle_deg"":296.9},{""word"":""疾病"",""x"":160,""y"":35.7,""cx"":179,""cy"":53.1,""angle_rad"":-2.093,""angle_deg"":240.1},{""word"":""扫帚"",""x"":233,""y"":662.7,""cx"":252,""cy"":680.1,""angle_rad"":1.859,""angle_deg"":106.5},{""word"":""难过"",""x"":492,""y"":28.7,""cx"":511,""cy"":46.1,""angle_rad"":-1.084,""angle_deg"":297.9},{""word"":""钥匙"",""x"":297,""y"":673.7,""cx"":316,""cy"":691.1,""angle_rad"":1.67,""angle_deg"":95.7},{""word"":""天堂"",""x"":50,""y"":148.7,""cx"":69,""cy"":166.1,""angle_rad"":-2.562,""angle_deg"":213.2},{""word"":""义务"",""x"":14,""y"":213.7,""cx"":33,""cy"":231.1,""angle_rad"":-2.783,""angle_deg"":200.6},{""word"":""数据"",""x"":432,""y"":649.7,""cx"":451,""cy"":667.1,""angle_rad"":1.262,""angle_deg"":72.3},{""word"":""爱心"",""x"":34,""y"":165.7,""cx"":53,""cy"":183.1,""angle_rad"":-2.63,""angle_deg"":209.3},{""word"":""内容"",""x"":-16,""y"":298.7,""cx"":3,""cy"":316.1,""angle_rad"":-3.044,""angle_deg"":185.6},{""word"":""现象"",""x"":623,""y"":152.7,""cx"":642,""cy"":170.1,""angle_rad"":-0.552,""angle_deg"":328.4},{""word"":""柜子"",""x"":565,""y"":581.7,""cx"":584,""cy"":599.1,""angle_rad"":0.817,""angle_deg"":46.8},{""word"":""奇迹"",""x"":64,""y"":160.7,""cx"":83,""cy"":178.1,""angle_rad"":-2.57,""angle_deg"":212.8},{""word"":""恐惧"",""x"":359,""y"":-9.3,""cx"":378,""cy"":8.1,""angle_rad"":-1.489,""angle_deg"":274.7},{""word"":""膝盖"",""x"":654,""y"":329.7,""cx"":673,""cy"":347.1,""angle_rad"":-0.009,""angle_deg"":359.5},{""word"":""舒心"",""x"":247,""y"":2.7,""cx"":266,""cy"":20.1,""angle_rad"":-1.82,""angle_deg"":255.7},{""word"":""债务"",""x"":579,""y"":109.7,""cx"":598,""cy"":127.1,""angle_rad"":-0.732,""angle_deg"":318.1},{""word"":""大象"",""x"":-19,""y"":333.7,""cx"":0,""cy"":351.1,""angle_rad"":3.138,""angle_deg"":179.8},{""word"":""作用"",""x"":149,""y"":628.7,""cx"":168,""cy"":646.1,""angle_rad"":2.122,""angle_deg"":121.6},{""word"":""纪律"",""x"":38,""y"":244.7,""cx"":57,""cy"":262.1,""angle_rad"":-2.85,""angle_deg"":196.7},{""word"":""电视"",""x"":438,""y"":661.7,""cx"":457,""cy"":679.1,""angle_rad"":1.256,""angle_deg"":72},{""word"":""肩膀"",""x"":664,""y"":232.7,""cx"":683,""cy"":250.1,""angle_rad"":-0.291,""angle_deg"":343.3},{""word"":""鼻子"",""x"":645,""y"":191.7,""cx"":664,""cy"":209.1,""angle_rad"":-0.422,""angle_deg"":335.8},{""word"":""斧头"",""x"":369,""y"":660.7,""cx"":388,""cy"":678.1,""angle_rad"":1.455,""angle_deg"":83.4},{""word"":""风景"",""x"":611,""y"":157.7,""cx"":630,""cy"":175.1,""angle_rad"":-0.558,""angle_deg"":328},{""word"":""熊猫"",""x"":39,""y"":522.7,""cx"":58,""cy"":540.1,""angle_rad"":2.564,""angle_deg"":146.9},{""word"":""骗局"",""x"":554,""y"":73.7,""cx"":573,""cy"":91.1,""angle_rad"":-0.86,""angle_deg"":310.7},{""word"":""桌子"",""x"":545,""y"":597.7,""cx"":564,""cy"":615.1,""angle_rad"":0.892,""angle_deg"":51.1}],""n_words"":89,""words"":[""骄傲"",""冰箱"",""兔子"",""协议"",""嘴唇"",""剪刀"",""长颈鹿"",""制度"",""过失"",""友情"",""方法"",""蚂蚁"",""沮丧"",""沙发"",""暴力"",""筷子"",""概念"",""麻雀"",""椅子"",""买卖"",""魔力"",""结果"",""敌意"",""纠纷"",""关系"",""铅笔"",""愤怒"",""团队"",""洗衣机"",""大腿"",""慈善"",""手指"",""性质"",""猫"",""眼睛"",""床"",""鼠标"",""微波炉"",""原因"",""锤子"",""勺子"",""缘分"",""胳膊"",""老鼠"",""兴奋"",""耳朵"",""社会"",""牙刷"",""过程"",""光彩"",""空调"",""乌龟"",""地位"",""创伤"",""死亡"",""快乐"",""身份"",""婚姻"",""错误"",""脚踝"",""老虎"",""冷漠"",""疾病"",""扫帚"",""难过"",""钥匙"",""天堂"",""义务"",""数据"",""爱心"",""内容"",""现象"",""柜子"",""奇迹"",""恐惧"",""膝盖"",""舒心"",""债务"",""大象"",""作用"",""纪律"",""电视"",""肩膀"",""鼻子"",""斧头"",""风景"",""熊猫"",""骗局"",""桌子""],""distance_matrix"":[[0,0.9202790506567365,0.7173878868536651,0.22207032976209923,0.6155641102700572,0.9889575885240938,0.8752560055829337,0.502293312409274,0.0576182086451588,0.3560165167245209,0.42080967700037164,0.7413238227026709,0.371060175568856,0.9741956398737543,0.21065820747884828,0.881366507304343,0.8913901335029062,0.7685571719899246,0.9809094846699452,0.46238590400018775,0.40991045792529673,0.5131026812072129,0.2634866301959128,0.4044322414123131,0.2838998825125761,0.9898605901827303,0.22561910290945159,0.12405470476988777,0.8951716801885677,0.7392233116285908,0.44624065181519396,0.7074713617317155,0.574061199632153,0.809740263589478,0.5643279298064164,0.6401292670192307,0.9885586675712075,0.8693646420577015,0.5381115546196344,0.9926085023569541,0.8809403304362566,0.3066803954673248,0.6733716054057369,0.7925153015633869,0.027835095025409554,0.5909441611219904,0.5167079354037791,0.9826903873028352,0.5161257457119052,0.3603554104527222,0.8271679220744494,0.6784716175117936,0.27975602561507923,0.15909262754271666,0.21414966291367887,0.0790178442044274,0.32349482691744735,0.2438371592399447,0.0878721555319531,0.7809226743003178,0.8646017909070011,0.31797307362158317,0.16271915194422112,0.9680419735662771,0.3238739721830851,0.9836285774673009,0.38316456017168576,0.48270237994398413,0.9773157595102587,0.41635452593808187,0.5998549412063278,0.5597474516347574,0.951890922551791,0.37805624099107377,0.12686038696147772,0.7384821856539779,0.029283709372600955,0.4770234025477481,0.6408172350841433,0.9333030372836791,0.4897763202240222,0.9962253318361496,0.6665904079062092,0.6132943667262636,0.9750272973057033,0.5472088068344426,0.8320590275861472,0.4260489348811091,0.9602400767104915],[0.9202790506567365,0,0.8924955498864069,0.9747990069448613,0.4672552197947982,0.35741220487932607,0.720747884133891,0.935790233376491,0.8914261128601594,0.9829832065866642,0.9298614981730956,0.8681596814640913,0.7063361470617409,0.17062880873639644,0.8215094237476799,0.09134885295065942,0.7152638744080942,0.8572731303402434,0.15466644959868514,0.6303672512097577,0.9599597714121308,0.5628412146710853,0.7910203964067669,0.6807488816378424,0.9686117472065939,0.4323365431289721,0.8073759832989097,0.9481922726079997,0.049006916206033216,0.33190729039452516,0.9660563863337226,0.35363199377384424,0.9267434290870212,0.8167277781300266,0.512518451966484,0.46645560396098534,0.22609086501840947,0.10773734461879646,0.9406779115506471,0.3986251250494434,0.0645476760803862,0.9614261616466604,0.4101332927940511,0.8450881510846519,0.8941424508356788,0.4979261348732988,0.9557616324718996,0.519081816101173,0.5915650075677078,0.9590406619442192,0.1993168903107481,0.9134181246272772,0.971355464348016,0.8342695772556866,0.9625828358554147,0.9394107140108263,0.9799761016183762,0.973937395771386,0.8738093566934616,0.2773472413791608,0.7696160878191287,0.754700940264876,0.9573436197182894,0.5554376315253065,0.743911673718471,0.4752951719056594,0.9666648026460568,0.9610298845895904,0.2874604523492091,0.9719882739645387,0.9484924021758917,0.5491691085463766,0.07722152801702116,0.940176079736111,0.8560017287861728,0.3024407696417015,0.918717000593934,0.6111378037419535,0.9356121623204432,0.6597776836983127,0.909389988504518,0.29051145673899137,0.4421221633648869,0.49600639984805656,0.37371115307214964,0.5412343817313542,0.805411825802029,0.6657117782692599,0.1135611528510687],[0.7173878868536651,0.8924955498864069,0,0.5388232075503779,0.9660220980259733,0.6753464860863877,0.28151857613975095,0.23986114499141128,0.756387314517225,0.41530755186912827,0.31759667044505696,0.03669261882765799,0.9159341151707585,0.8069468895302999,0.8503537578006138,0.9307325195994551,0.3012463084099789,0.07119274265667762,0.8264788220780261,0.9451572976619377,0.34645550245068524,0.9407043163822616,0.8777781126489926,0.9283288468633284,0.4746628196098016,0.617738766371062,0.8538167708191507,0.613676036113556,0.9109440745820059,0.9807078895823906,0.31511821035575077,0.9663938473301111,0.16221825228936967,0.14281690704114566,0.9511632177135443,0.989667084053772,0.777695766765863,0.9318437588344047,0.20716819583382606,0.6467370166820877,0.9084872489451735,0.44778348104344157,0.9778092327081321,0.10408764879950139,0.7258962938767565,0.9662203105910626,0.23868043263150504,0.543132557630836,0.9670941069011281,0.3941858579395177,0.9624763719860996,0.04814740435598856,0.4806005997584983,0.809740263589478,0.5375676224618134,0.6503810071355601,0.44457928080304254,0.5171461434730812,0.7717014694817259,0.9785542681813321,0.23288557303210358,0.902275975863218,0.583153125895318,0.500437441999519,0.899561033200775,0.5781337939653507,0.3771112390139473,0.27583591503192306,0.7187946887544279,0.3485388028982473,0.1517875381806878,0.9762983809268991,0.85832457517902,0.3653706734042812,0.7957760947794659,0.9560951265156313,0.6847804887607164,0.9441613894141492,0.10202388823382925,0.385302623555901,0.23848877382220712,0.7348104256038973,0.9962658611879437,0.9867179991286418,0.6493233162422108,0.957537131876389,0.1733504843146311,0.93759117210598,0.83796523053723],[0.22207032976209923,0.9747990069448613,0.5388232075503779,0,0.7683379515329196,0.9580817842645212,0.7482257403283128,0.30090708899018354,0.2820976702841293,0.13386664326279565,0.2180334245474872,0.5701279662434727,0.5684949196133974,0.9884570794607804,0.42711323003892576,0.957549022417408,0.7666790097220345,0.6016762666782521,0.9996945296180813,0.6464736723528989,0.19706186286066277,0.6830171070431816,0.4755461498646089,0.597539923077785,0.0618977654136949,0.9406195982715079,0.4394177080092695,0.09215898594723379,0.9616877447626895,0.866232103125648,0.2336474826110826,0.8376936796551194,0.3787363962278467,0.6552472753958287,0.7249379153609313,0.7944538536129551,0.990068698049371,0.9488404342818785,0.3372231097857108,0.951830029748058,0.9501496006307548,0.08852482492720094,0.8156788759394731,0.6300823920840608,0.24736057445089776,0.7498824680378473,0.3107416339985143,0.911717293331398,0.6939341092309762,0.14539192896118833,0.9267389624605807,0.4924603680783141,0.05651085309534146,0.3750802951192663,0.006958185968569009,0.1373394329941012,0.10018518467189025,0.017543830757205107,0.30951587663230273,0.8969809664778907,0.7249849379584938,0.5242967995910379,0.053433699258644454,0.887216021324931,0.5278323049955918,0.9234401003027006,0.1669633889293853,0.27346415967763493,0.9629655789606819,0.20051589051315385,0.4005922509298244,0.7296875923146059,0.9878536206800811,0.17039862995263275,0.34658551547751304,0.8577604267640528,0.1875589022254583,0.6571190734784813,0.44715870501781946,0.8247704966622844,0.2957764879960812,0.9823268758203776,0.8164808744887536,0.7733122982485641,0.939317065600589,0.7141756559303206,0.6817082634969909,0.6167627834501419,0.9877194689596187],[0.6155641102700572,0.4672552197947982,0.9660220980259733,0.7683379515329196,0,0.7458591841367068,0.9311605027068106,0.884080781742306,0.5637267621419502,0.8421459587121941,0.837357823133458,0.9617856856746548,0.2796028805251,0.6132220416157442,0.43900828131726566,0.3822883332589499,0.9359428389152706,0.9685294552794159,0.6059701898039781,0.1820332810561103,0.8534847913303758,0.11094427007709268,0.39173164994707127,0.245445586684691,0.7952381006628321,0.7966485928337257,0.42165568207752246,0.7000266466448996,0.41755387082369594,0.1487743429208908,0.8765043876469787,0.11726835688714012,0.9150807612546417,0.9623021331312157,0.05129043657398104,0.020386279409751445,0.6578129683846567,0.36499182691597054,0.9061608372931688,0.7754597916114881,0.40026163959244837,0.8016407161153801,0.06249381027346438,0.9726845304681787,0.5824402172063387,0.027369489861161507,0.9056411464884029,0.8512436043604307,0.12969249848346165,0.8273604180050347,0.2824590136631189,0.9601700080102455,0.7950989951136096,0.47358026006297255,0.7556109247389926,0.6712694835566397,0.8234517841980178,0.7787370413951956,0.5364858020203402,0.2068747782091961,0.9588755178632455,0.3396183875602788,0.7259973274987296,0.86804052402301,0.3289970692674406,0.8222454164962243,0.8445188963085583,0.8917661045933717,0.6927068411792371,0.8653145313366789,0.9435857190233367,0.07983516152776741,0.5392149848520589,0.8227407423816575,0.5045812240416715,0.16775063633932583,0.6306961539561364,0.16142987351715304,0.9559067382461839,0.920316156675386,0.8585113380459428,0.7049252013442221,0.04544224559882535,0.024392053701359283,0.7492317979066678,0.07862469669955698,0.9662449504098887,0.22448745297962072,0.5678237002942742],[0.9889575885240938,0.35741220487932607,0.6753464860863877,0.9580817842645212,0.7458591841367068,0,0.42902575111572006,0.8068226021757123,0.9828505006773103,0.9143296079362001,0.8332910010158843,0.6398374247172339,0.9070156840065252,0.1889959806723434,0.9678334364995403,0.4466550417001874,0.4167169044418499,0.6174381126183219,0.20992612563611188,0.8612178821042293,0.8687838010853144,0.8080019260240031,0.955802784094506,0.8926253731105225,0.9273730094197662,0.07426379450451165,0.9585192284786274,0.9681574518086616,0.40645753598121376,0.6492851693836198,0.8608707145780272,0.6597901991542174,0.7686701202714775,0.5577352526837112,0.7740550465331891,0.7549350402162415,0.13546647004473153,0.45950609768791095,0.797684749924767,0.03710581542475736,0.416635581215265,0.9109440745820059,0.7073983649805476,0.5949595315522695,0.9725419127633838,0.7692413325198345,0.8221347448564513,0.17033956134122433,0.8406820997950091,0.887369929548493,0.5413656986174834,0.7130886874181082,0.9318804072864758,0.9610589647852334,0.9482654037824239,0.9763556364406205,0.9238804007875561,0.9486527963705815,0.9756768378169992,0.6070381213237952,0.4856157920670284,0.9381704976311533,0.9627537987952268,0.21498562461649035,0.9288938588491048,0.12279080595637006,0.8863713859355518,0.8411568097299483,0.06534097309764482,0.878929959522866,0.7816040273996718,0.8122555658929361,0.28066227658735104,0.8608851326054237,0.9719115915792439,0.6166072202844776,0.9745579171111672,0.846198631881972,0.7516991722032105,0.34070167890720104,0.7845976395023023,0.06959663986361217,0.7391240714785378,0.7761525622569511,0.020583267822936756,0.7985603563181844,0.5368255416583827,0.8849731812933624,0.24478185484794118],[0.8752560055829337,0.720747884133891,0.28151857613975095,0.7482257403283128,0.9311605027068106,0.42902575111572006,0,0.4922074582328283,0.8975160139114406,0.6509218983409734,0.5523961142630031,0.23942859383001128,0.9673231344215224,0.595235046914204,0.9512328576534034,0.7827867262131654,0.014151550919330218,0.20797301917158295,0.6166038744130882,0.9666348192112799,0.5871878773702609,0.9410486119823067,0.9636747591895247,0.9691673030842353,0.6940665373460225,0.3586654702823939,0.9494478227553425,0.8001175126708546,0.7531329407713125,0.9000531741796891,0.564127002045117,0.8951011750300195,0.42671863867270793,0.13705568266560164,0.9334194598843764,0.9503848642162357,0.5540407713060422,0.7888428756682919,0.46807545852601584,0.3928823082073199,0.7556970774160787,0.6697544959021752,0.9226071042229598,0.1780292909400309,0.8735382151797597,0.9411926729887402,0.4989936258138416,0.27102321988388883,0.9720894429119761,0.6254510893284512,0.8429806151569895,0.33188879401259275,0.6998259834551819,0.9222425034940077,0.7430820313374356,0.8270541535701833,0.6735831458640213,0.7303498757898166,0.9042004540543377,0.8809344588016237,0.051526483517823136,0.9718668574107154,0.7783653162950048,0.22463203597173015,0.9661431732074429,0.31290150225179225,0.6143647998003814,0.5307180760990478,0.4863779439470352,0.5931751544251443,0.426915979318377,0.9659792359402265,0.6666631881268879,0.5951276282720911,0.9179879667735762,0.8702161626068168,0.8481763003425927,0.9595833875273044,0.3826261959676896,0.09920922440953507,0.479812231710588,0.49881208465820603,0.9479914059158654,0.957440921192682,0.4025830471957196,0.947984855202943,0.10959107632164036,0.9718807039196635,0.6385249229723224],[0.502293312409274,0.935790233376491,0.23986114499141128,0.30090708899018354,0.884080781742306,0.8068226021757123,0.4922074582328283,0,0.550574453691591,0.17030411067240706,0.07730913704399417,0.27643035160083607,0.767372912604611,0.8941760060710876,0.6681063265922536,0.9495350281688778,0.5121306100914934,0.31059689944764013,0.9105180148113013,0.8184237126178359,0.10132714581912412,0.8313789282118261,0.7050848781281408,0.787271464429637,0.2341555250436154,0.7669903325246754,0.67524558465087,0.38546762962629977,0.9401221389875141,0.9366303630307942,0.06944484122863441,0.9152639316194316,0.0730075028500075,0.3740210106594951,0.8560017287861728,0.9098438677362446,0.8787286711681981,0.9461018438743296,0.03047547619797058,0.788226749407882,0.9332808599140244,0.20704598761212858,0.9121836344880794,0.3419822100073353,0.5172377224021406,0.8760699574895289,0.015746218182966485,0.7126293803207441,0.852245399250508,0.15115240132997135,0.9535824126198915,0.18938025967773528,0.23997128144743196,0.6213021643011976,0.30172058727422973,0.4264585891803618,0.20097945334625372,0.27811822146898185,0.5710709218803129,0.949328992566877,0.45594817355792583,0.7404871181719043,0.35113823228458857,0.6775777864118088,0.7402359238631278,0.7371308788755834,0.13233870265922704,0.03256021767475055,0.8329335176961435,0.10274491253415563,0.09380127939693526,0.87334516831859,0.9226699132750191,0.12455843314177004,0.6011138014214132,0.9182483215180625,0.4676886059869152,0.8223598454810824,0.14092870208573594,0.585542064444292,0.021011576782044315,0.8513104271081199,0.9235622401679615,0.8987417382617039,0.7832909809118982,0.8551857404788499,0.40341074831254103,0.8011285694071487,0.911158733687962],[0.0576182086451588,0.8914261128601594,0.756387314517225,0.2820976702841293,0.5637267621419502,0.9828505006773103,0.8975160139114406,0.550574453691591,0,0.41242482121488205,0.4707746365462804,0.7778764952041315,0.310478431028855,0.9557713790679685,0.1473678453360509,0.8470683941255683,0.912819791101032,0.8035522692364397,0.9611881995201486,0.40415806038477325,0.4627971302624314,0.45791020523393744,0.20063187874169813,0.3445678657068975,0.3413470329666558,0.9888727919469125,0.1626820992897842,0.18496344944201965,0.8633291270499458,0.692860367556764,0.49856442326189854,0.6605688236368029,0.6196462106463101,0.8406611867611958,0.5109895158466219,0.5876793279153475,0.9734983308673206,0.8342993259726189,0.5857867641137642,0.989227633166749,0.8485091234215294,0.3627614203851731,0.6236704185832577,0.825953171915635,0.028927196857486275,0.5377726185334766,0.5661695134868111,0.9878850598701376,0.4589486065430433,0.41461224855650536,0.7871690442237559,0.7201112692758577,0.33758104076275836,0.0963171233857748,0.27331502307383826,0.14073712479704678,0.3806727189445448,0.3030615477864859,0.024665417404934373,0.7370257521025048,0.8906237787794918,0.2558683582792362,0.22316846409025676,0.9761647717475311,0.2622196491326963,0.985773279947079,0.43740203176178505,0.533561387124503,0.966734403485013,0.4700400150490495,0.6463523385960679,0.5041138449727216,0.9277612621051426,0.43010666540040055,0.0635657979752946,0.6941379488525431,0.08926056690071603,0.4196341912758128,0.6851709031564035,0.949664731498597,0.536170824983164,0.9853415587313852,0.6150276422804843,0.559653548669603,0.9704001472970436,0.4924248430392948,0.8615420999335778,0.3665608225405735,0.9383381598167269],[0.3560165167245209,0.9829832065866642,0.41530755186912827,0.13386664326279565,0.8421459587121941,0.9143296079362001,0.6509218983409734,0.17030411067240706,0.41242482121488205,0,0.09372816657762613,0.4503219667566534,0.6748097021812213,0.9715994748258681,0.5486904800355908,0.9794604616458596,0.6703153136893176,0.4837052223618392,0.9853194949341525,0.7425979964804026,0.06303943505677065,0.7696160878191287,0.5931803694831862,0.7004499179261162,0.06685875625673462,0.8860538576756171,0.5590769004425946,0.22873739686744257,0.9775699397182859,0.9216678264019726,0.09737083201725324,0.8958741188569601,0.2492448693124269,0.5434909343096652,0.8047260727887673,0.8684801343935044,0.9653489450166521,0.973000556844078,0.2054015799563479,0.9021647356219665,0.9679927842311266,0.043752714711608236,0.8818135968519331,0.5141129894475962,0.3776193312014378,0.8279376391806832,0.17635738291117312,0.8445703285214204,0.7849545839819984,0.02116564821472345,0.9637853875011747,0.36557256690522216,0.07171748829573095,0.49795300472210247,0.13838229421109935,0.27322923345196,0.027742488731127387,0.11039055862688428,0.4375265185767177,0.9449032155978075,0.6205578592782806,0.6371611607141724,0.19085167015439974,0.8146578245601886,0.6391790860322171,0.8626039654448187,0.032261573658497016,0.1381005981113194,0.9292291383975703,0.06311487536308988,0.267952863110157,0.814962370266534,0.9843187531761307,0.050410315364106915,0.4723755103041018,0.9087263965923876,0.3208253058351077,0.7505490994615567,0.31676187444232007,0.7368322799649978,0.17182796434907344,0.9483581740731358,0.887216021324931,0.8513748150099784,0.8930958251486867,0.7980889944401187,0.5718140837044611,0.7176988268770292,0.9789868495780015],[0.42080967700037164,0.9298614981730956,0.31759667044505696,0.2180334245474872,0.837357823133458,0.8332910010158843,0.5523961142630031,0.07730913704399417,0.4707746365462804,0.09372816657762613,0,0.3515375873861787,0.7012824469391228,0.9038983056252271,0.5933559166218878,0.9351253366298088,0.5719168245225034,0.3845965698851726,0.918880306469368,0.7583847959267828,0.03024601765840913,0.7766105196326251,0.6326317641494491,0.7232159444277676,0.15191953673319317,0.8003345512143926,0.6014293948525061,0.30240699589319076,0.9293516358202671,0.9015015986798706,0.03344256777853295,0.8781198188596698,0.15477016558596202,0.44382966176347166,0.805411825802029,0.8634704930396954,0.893449081682151,0.9302164565813638,0.11373531770201248,0.8184944587551714,0.9211377303892035,0.12483744392451762,0.8703576060852537,0.41474100343763254,0.4370001470873068,0.8268203167592825,0.08997981071689624,0.7540146533385611,0.7954954472545702,0.07075950119872879,0.9298436910706561,0.2693939917393731,0.15780659714472334,0.5452849909745907,0.21855360569947083,0.34379447393782686,0.12116254376394946,0.19546521996815167,0.4923475150818989,0.9189107119650339,0.5211230224376056,0.6707956447482655,0.2678882143300228,0.7222897931012267,0.6712571802490331,0.774408805488795,0.05617647404679167,0.057421298787148065,0.8529562674586794,0.03968911533829735,0.17702456414105602,0.8200695147850373,0.9241043922499406,0.042025408680806856,0.523648226630737,0.8854266407471497,0.3859834901827127,0.7637983785829411,0.2231821006478995,0.6401034741165216,0.07316563025935374,0.8718253687304187,0.8793029870430042,0.8499011861350861,0.8110530625509639,0.8023213555363897,0.472135938821235,0.738311482352551,0.9157985355654471],[0.7413238227026709,0.8681596814640913,0.03669261882765799,0.5701279662434727,0.9617856856746548,0.6398374247172339,0.23942859383001128,0.27643035160083607,0.7778764952041315,0.4503219667566534,0.3515375873861787,0,0.9243787082956041,0.7766757301291709,0.8660565488669167,0.909937118312256,0.25905910118252845,0.029165274033017836,0.7965473694009823,0.9492254129143801,0.38185350582972566,0.9415653704027287,0.8913112059884974,0.9352360009435506,0.5072406069125595,0.5803211607046601,0.8687218854545017,0.6416218893067447,0.8886561251496833,0.9698335526190962,0.3518200729139597,0.9568061222610303,0.20044021089854958,0.10018518467189025,0.9493824134712124,0.9849075472045066,0.745666600119779,0.9117547455316974,0.24519274582107248,0.6101175540078198,0.8868941274898949,0.48060702142273154,0.9706401306320206,0.061989804981047225,0.7482381689741683,0.9634427209545172,0.27693151111849773,0.5037482153092457,0.9688040908427072,0.42824208468413777,0.9458961593145574,0.09000152182166145,0.5131909610526522,0.8270203950907605,0.5682011309690758,0.6769543062366862,0.47862727475242195,0.5489533075815815,0.7919098434760231,0.9652073949128598,0.19026867635451533,0.9134328514122361,0.6123585337019406,0.460436001843545,0.9102395487520331,0.5397649090518777,0.4121259886306181,0.3133356369548692,0.6853215833032262,0.3846925615153495,0.1924434451148714,0.9757670177874066,0.8310517367261431,0.39887218170847233,0.8145017010718975,0.9443279945988109,0.7094059733175492,0.9473098906670592,0.1435501868839462,0.3436068176218464,0.27262422772526923,0.7009289260865595,0.9902150795419884,0.9834233257001126,0.6136440992334586,0.9570148842689714,0.13073274579396335,0.9435561036811757,0.8095218968753454],[0.371060175568856,0.7063361470617409,0.9159341151707585,0.5684949196133974,0.2796028805251,0.9070156840065252,0.9673231344215224,0.767372912604611,0.310478431028855,0.6748097021812213,0.7012824469391228,0.9243787082956041,0,0.8196735095454607,0.16452486694505697,0.6368355660097468,0.977595354126226,0.9409518258697528,0.8182114377687096,0.09521127136076377,0.706384397598536,0.1629166287938291,0.11173455996374394,0.03013074118055656,0.6131547548576586,0.9382267560254518,0.14704143272458,0.4818725755930338,0.6646860319577669,0.4296000219330464,0.737095838270492,0.3965112570126352,0.8192192569526133,0.9560972916835893,0.22239895626802464,0.298795500844276,0.8532860269171264,0.6209085237502192,0.797291971584662,0.9266228226641063,0.6477749947985647,0.627422462007676,0.34710508881132734,0.9544503561881197,0.33751130382230765,0.24809957164828364,0.7871545992844149,0.9680344883929204,0.15249902400838447,0.6677029305027372,0.551238414443392,0.8945149595188245,0.611191809661132,0.2095929784558095,0.5570382562337332,0.4437370295444659,0.6485249479865416,0.5847932532550117,0.2802404444235864,0.48394338807908294,0.9791697669390685,0.05541746006697348,0.5154570219101002,0.9715440716784556,0.04572518179138464,0.9509107304444175,0.6886777570473663,0.7631107302281699,0.8694788604919277,0.7165796814240817,0.8483433376559251,0.20326195071812161,0.7644840613528623,0.6727948997662517,0.24288050624346386,0.44143361456342745,0.39527756684253135,0.11449000421079068,0.8746210975541703,0.9873053709047779,0.7458106964056601,0.8854091143849362,0.329239517042305,0.2661330631457232,0.9027574775073723,0.19694896690690902,0.9687057866155532,0.052940581795138705,0.7857127210818312],[0.9741956398737543,0.17062880873639644,0.8069468895302999,0.9884570794607804,0.6132220416157442,0.1889959806723434,0.595235046914204,0.8941760060710876,0.9557713790679685,0.9715994748258681,0.9038983056252271,0.7766757301291709,0.8196735095454607,0,0.9109440745820059,0.2661330631457232,0.5862600324164654,0.7599202856069275,0.015746218182966485,0.7566919134488361,0.9372047573970167,0.6947089788863737,0.8887399432452149,0.7989589853841568,0.9702742657875653,0.26804030482705254,0.898866061066643,0.9791137322813271,0.2239444569201831,0.4936271076977534,0.9365972142144556,0.5104714698613529,0.8707616045685053,0.7091860967711332,0.6512262511581657,0.6170704498879402,0.05009529157934764,0.28122496450115886,0.8923193312141853,0.23183669867563947,0.2370529433399168,0.9584706333643117,0.5638583788836269,0.7424337986450014,0.9522692410917619,0.6410168826515404,0.9122528279541655,0.3611733506630677,0.7258550226104671,0.9457506215810788,0.37004219730874566,0.8365089422987955,0.9739235783253526,0.9145717634452705,0.9771822885941045,0.9783733526099522,0.9746365167847912,0.9834306944490971,0.9428582305012303,0.44379261116536944,0.6488272337328344,0.8606964777867154,0.9813948326946249,0.4024708602782533,0.8504376762498703,0.3146994817935803,0.9493268120583463,0.9243238515576183,0.11774078552916153,0.9485404141489822,0.8886014063229221,0.6893057041163281,0.08873404892123417,0.9228190677503586,0.9314749734790214,0.46204108487561574,0.9664206249325796,0.7391114907972156,0.8671522892169077,0.5194922774411024,0.869280158418856,0.11672621071800687,0.5962908861642392,0.643233018632676,0.20936575697944368,0.6784944428750731,0.692915509575143,0.7871651047209358,0.05177960856491914],[0.21065820747884828,0.8215094237476799,0.8503537578006138,0.42711323003892576,0.43900828131726566,0.9678334364995403,0.9512328576534034,0.6681063265922536,0.1473678453360509,0.5486904800355908,0.5933559166218878,0.8660565488669167,0.16452486694505697,0.9109440745820059,0,0.7639918381144923,0.964358734015627,0.8878279993888708,0.9130430785245508,0.2638458775597622,0.5913034936393476,0.3257663379219102,0.048377937114046574,0.2002736179865765,0.4807889333691267,0.9861460266186469,0.011666502456276614,0.3331043191319635,0.7862769038714075,0.580773986632178,0.6252993171870184,0.5476303965553625,0.73025226887601,0.9151440835248903,0.3831003170445803,0.46075746006087653,0.936